_avgSpeed	_exSpeed	 DiffAvgExpSpeed	 Max Speed	AvgTop3Speed	_speedMedian	_maxAcceleration	_maxDecceleration	Num Of Stops(including end/start point)	duration	distance	stopDurationMedianSoFar(while moving)	ratio Of Short Stop(while moving)	ratio Of Instant Stop(in short stop)	Avg of AvgSpeed	Avg of DiffAvgExp	label
36.19678791043855	35.60339794469366 	0.5933899657448904	52.18184001193999	52.15373221162094	36.12836219616396	12.022505007324689	-16.186295808623502	0	60	603.2797985073091	0	1.1	1.1	36.19678791043855	0.5933899657448904		dr
10.452587818764146	21.283670503666546 	-10.8310826849024	40.184557923754035	38.816254528658845	28.052511681208394	8.01500333821646	-18.033757508437816	2	71	206.14825975895954	4	1	0	23.324687864601348	-5.118846359578755		dr
25.90404463514581	25.869497206963842 	0.03454742818196621	44.479551179228885	42.912227314968085	28.05251167865918	15.669788383262372	-12.022505007324689	1	58	417.3429413440158	4.5	1	0	24.184473454782836	-3.401048430325181		dr
20.880752399317213	26.46208577818816 	-5.581333378870948	48.18132749338645	48.18132682559027	28.208744729313135	12.122089297664843	-15.894940666434831	2	74	429.21546598596495	4	1	0	23.358543190916432	-3.946119667461623		dr
26.991304715565327	27.130441134541595 	-0.1391364189762676	53.43012922119016	51.27021854354846	28.204666711442552	9.272655761808487	-17.091433086839015	1	59	442.35749394954286	4.5	1	0	24.08509549584621	-3.1847230177645516		dr
33.21970718893392	32.666045402451694 	0.5536617864822233	47.668879704346196	47.66883518338068	39.02013900819407	14.787802651925091	-11.929350844566212	0	59	544.4340900408614	4.5	1	0	25.607530778027495	-2.5616588837234224		dr
18.102651261995778	21.591271322605703 	-3.488620060609925	50.13180063743996	50.11968504351764	16.86891439553661	8.015003335667245	-14.31301346155978	1	59	296.68234012715305	5	0.8	0	24.535405132880108	-2.694081908992923		dr
1.1054437206617989	5.0693605375753235 	-3.9639168169135246	9.75489250974258	9.180763088110652	7.1564427782195414	2.997495344552992	-5.74739084063435	0	67	20.57353591231681	4.5	0.8333333333333334	0	21.60665995635282	-2.852811272482998		dr
2.3403550336568224	4.959529303852698 	-2.619174270195876	7.156441218520174	6.74733765837382	5.929129425815682	2.9645651844889085	-4.169769141216477	0	80	52.00788963681828	4.5	0.8333333333333334	0	19.4659594093866	-2.8268516055622066		dr
