_avgSpeed	_exSpeed	 DiffAvgExpSpeed	 Max Speed	AvgTop3Speed	_speedMedian	_maxAcceleration	_maxDecceleration	Num Of Stops(including end/start point)	duration	distance	stopDurationMedianSoFar(while moving)	ratio Of Short Stop(while moving)	ratio Of Instant Stop(in short stop)	Avg of AvgSpeed	Avg of DiffAvgExp	label
44.546333610684364	56.25600265427834 	-11.709669043593976	77.94588461724865	74.41124964864845	64.6250569018966	9.366551721096286	-11.727811552782548	1	60	742.438893511406	16	0	1.1	44.546333610684364	-11.709669043593976		dr
43.979588876387254	43.24659572844746 	0.7329931479397942	58.58809309631333	57.14519041563093	45.316823834148046	16.04157689020387	-11.940101456974212	0	59	720.7765954741244	16	0	1.1	44.26296124353581	-5.488337947827091		dr
28.135134243966007	31.77045766306496 	-3.6353234190989525	59.4535803124411	59.408506186892424	29.928756298129933	11.86368287569806	-6.17004805041711	1	59	461.10358899833176	13.5	0	1.1	38.88701891034588	-4.870666438251045		dr
62.48571331399186	61.444284758758656 	1.0414285552332032	71.29449649347254	71.29447395322065	60.30815572931354	8.827944676670512	-11.437286473743427	0	59	1024.0714126459777	13.5	0	1.1	44.78669251125737	-3.392642689879983		dr
32.54435054654224	37.43998308569932 	-4.895632539157077	68.68729025227596	68.03247085917168	39.5769689919305	14.829925794497223	-12.28924312392025	1	59	533.3657450683312	11	0	1.1	42.33822411831434	-3.6932406597354017		dr
61.43992082952129	60.4159221490293 	1.0239986804919923	81.67129617714775	80.77616695301087	65.61986335287409	6.552365708769159	-17.46460535586506	0	59	1006.9320358171545	11	0	1.1	45.52184023684884	-2.907034103030836		dr
9.81915107162337	20.986960538324716 	-11.167809466701346	60.58541686632636	57.64550882608821	15.096459973369022	9.725797661524219	-11.351868296973901	1	60	163.65251786038948	13.5	0	1.1	40.421456070388054	-4.087144869269481		dr
27.785877186022528	48.404025035948884 	-20.618147849926356	87.66165338662499	83.963375454847	58.59252850319915	12.475215636403789	-13.987309239178273	1	74	571.1541421571297	13.5	0	1.1	38.84200870984236	-6.15352024185159		dr
25.44692248142175	22.61948665015267 	2.8274358312690815	34.185004785407116	28.878882850800164	25.638745752397803	13.287772020770173	-8.546254622088977	0	8	56.548716625381665	13.5	0	1.1	37.353665795573406	-5.15563623372707		dr
