_avgSpeed	_exSpeed	 DiffAvgExpSpeed	 Max Speed	AvgTop3Speed	_speedMedian	_maxAcceleration	_maxDecceleration	Num Of Stops(including end/start point)	duration	distance	stopDurationMedianSoFar(while moving)	ratio Of Short Stop(while moving)	ratio Of Instant Stop(in short stop)	Avg of AvgSpeed	Avg of DiffAvgExp	label
1.9607516529366804	13.747313739151586 	-11.786562086214905	31.991380283718158	26.186201059932845	15.352087401068149	8.584093636416611	-11.31106521051493	0	181	98.58223588376087	151	0	1.1	1.9607516529366804	-11.786562086214905		dr
48.63840478040524	45.39584446171155 	3.242560318693691	61.97471085813942	60.26390556877857	49.031194502622434	11.421024531745708	-6.8666140070071435	0	14	189.14935192379815	151	0	1.1	25.29957821667096	-4.272000883760607		dr
52.31205567575079	48.82458529736741 	3.487470378383378	60.28690997351815	58.8319290837206	55.33025720726198	4.446707741179885	-4.267540878577783	0	14	203.4357720723642	151	0	1.1	34.303737369697565	-1.6855104630459454		dr
39.31440445124182	36.69344415449236 	2.620960296749459	51.66639136381474	48.30686197454745	39.6168621138992	8.000644960691758	-8.51072389250984	0	14	152.8893506437182	151	0	1.1	35.55640414008363	-0.6088927730970943		dr
58.00872992824254	54.1414812663597 	3.86724866188284	71.21767802274346	69.44436637326278	56.197282764591066	11.491145753980177	-4.910617291718992	0	14	225.58950527649873	151	0	1.1	40.04686929771541	0.28633551389889256		dr
70.14101438176836	65.46494675631713 	4.676067625451225	80.64188623550864	76.9207873581231	70.46932251351622	9.674219448050621	-12.382562624336337	0	14	272.77061148465475	151	0	1.1	45.06256014505757	1.017957532490948		dr
52.26301296444777	48.77881210015126 	3.484200864296511	59.819148352370966	59.222575677488145	52.93175707062078	14.169747977450527	-8.589418718935178	0	14	203.24505041729688	151	0	1.1	46.09119626211331	1.3702780084631712		dr
61.221523561448656	57.14008865735208 	4.081434904096575	70.41062075897514	67.87159131565137	60.865748688125414	9.364071817543213	-10.049474368903788	0	14	238.083702738967	151	0	1.1	47.98248717453022	1.7091726204173467		dr
21.331572618781813	23.512340279179572 	-2.180767660397759	47.26219785062297	43.1396446133603	24.628678846629473	15.33429848418874	-13.73958205393918	0	19	112.58329993245955	151	0	1.1	45.02127444611373	1.2769570336601128		dr
47.014421401085	43.88012664101267 	3.134294760072329	66.94965473108783	58.99098384373524	45.29818876422985	14.170802982601714	-21.530547145880334	0	14	182.83386100421947	151	0	1.1	45.22058914161086	1.4626908063013344		dr
42.35067655248609	39.52729811565369 	2.8233784368323995	48.141602047236	47.47268422557636	43.0111427798129	14.018150971361841	-6.789294709900972	0	14	164.69707548189035	151	0	1.1	44.95968799714497	1.5863896818041587		dr
45.535452965980305	42.49975610158161 	3.0356968643986946	53.351404742251134	51.27562583528064	45.02914691092155	9.264635938029116	-8.69883759054781	0	14	177.0823170899234	151	0	1.1	45.00766841121458	1.7071652803537034		dr
37.82463423735204	36.99032357600422 	0.8343106613478213	48.7656759727944	48.22746007542773	42.33245094070175	7.13520650582381	-11.196661253487106	0	15	157.6026426556335	151	0	1.1	44.45512732091746	1.6400226173532508		dr
33.78772858412005	33.2180305950624 	0.5696979890576515	48.72077498199806	46.23593908311177	38.710314843922625	12.5659172426003	-8.01500333821646	0	15	140.78220243383356	151	0	1.1	43.69317026828907	1.5635708581892795		dr
18.18764222941464	23.596345229256112 	-5.4087029998414735	41.04955578808868	38.81463514581675	27.430651910832204	12.022505004775475	-12.80472490908732	0	22	111.14670251308947	151	0	1.1	41.992801732364114	1.0987526009872293		dr
78.03531920285704	72.83296458933323 	5.202354613523809	108.20254505062691	97.53175251037591	78.14628253741364	16.030006673883705	-4.005132007227019	0	14	303.4706857888885	151	0	1.1	44.245459074269924	1.3552277267707655		dr
111.47133634033699	104.03991391764785 	7.431422422689138	118.13618123492986	118.13604516958294	115.88440966886728	17.168167797990733	-19.259230973043515	0	14	433.4996413235327	151	0	1.1	48.1999224428621	1.7126509441777287		dr
119.70753271433395	111.72703053337834 	7.980502180955611	130.35384556888457	128.74164041302654	117.55617717831674	6.952568182543175	-10.997948508468184	0	14	465.5292938890765	151	0	1.1	52.17256745794387	2.0608649017764997		dr
106.0820114266337	99.00987733152479 	7.072134095108908	123.40013484704139	118.33893577049236	104.1581797583224	9.50744644585835	-13.795161872967412	0	14	412.5411555480199	151	0	1.1	55.00990661419071	2.3246159119518897		dr
121.0246691754243	112.95635789706266 	8.068311278361634	128.51435415912644	127.72340354203044	123.10164953505526	8.540383822489432	-6.201233636444428	0	14	470.6514912377611	151	0	1.1	58.31064474225239	2.6118006802723768		dr
127.08279361845145	118.61060737722137 	8.472186241230077	131.38194556453772	130.17429725785317	127.92397844888438	9.645330281316433	-9.64565323391335	0	14	494.2108640717556	151	0	1.1	61.58550897445235	2.8908666593656007		dr
129.56607129707032	120.92833321059896 	8.637738086471359	134.25660420227982	132.91001074062248	129.65807465189494	6.687374479047776	-6.522077930819833	0	14	503.86805504416236	151	0	1.1	64.67553453457134	3.152088087870408		dr
127.87512226751632	119.35011411634858 	8.52500815116774	135.4847894828225	135.04846435183265	126.51995207700915	10.152092486431755	-15.886601867341923	0	14	497.29214215145237	151	0	1.1	67.4233426968733	3.3856933080137703		dr
130.50097491707447	121.80090992260284 	8.700064994471632	139.48881796905576	135.4849307788131	130.52342474779215	6.156369465364065	-6.096104442354573	0	14	507.5037913441785	151	0	1.1	70.05157737271502	3.607125461616181		dr
127.52264863287265	119.02113872401449 	8.501509908858154	136.53111355774635	133.51342469212048	127.65885491429097	8.691262655472812	-11.318530672792193	0	14	495.9214113500603	151	0	1.1	72.35042022312133	3.80290083950586		dr
114.35216520799709	106.57468737575618 	7.777477832240905	119.12690259543076	118.11904560395811	114.59914946902782	5.866810210308671	-8.331308813968818	0	15	476.4673550333212	151	0	1.1	73.96587195330886	3.9557691853802845		dr
118.11259888951682	110.23842563021569 	7.874173259301131	129.57047116994718	127.08934845888348	118.47612637874423	6.743500381688193	-7.691313962569737	0	14	459.3267734592321	151	0	1.1	75.60093591390915	4.100895262192168		dr
129.05508219644665	120.45141005001688 	8.603672146429773	133.8723795678611	133.4412154915492	128.7133409725176	10.035732119092614	-8.778280189296439	0	14	501.8808752084036	151	0	1.1	77.51001256685693	4.261708722343511		dr
129.01835649336434	120.41713272714007 	8.601223766224265	134.82774496983777	133.43240733967698	129.69987725826297	9.068706496125799	-13.084801093188872	0	14	501.7380530297502	151	0	1.1	79.28616235742615	4.411347172132502		dr
129.15096385024577	120.54089959356273 	8.610064256683046	136.35177272886466	132.40304588918124	130.36708073002458	5.984671276614847	-5.9873621879578565	0	14	502.25374830651134	151	0	1.1	80.94832240718681	4.551304408284187		dr
128.95193110490118	120.35513569790778 	8.596795406993394	133.5703837876156	132.44279120416164	129.01121976094237	5.922814841275141	-9.129356376137437	0	14	501.4797320746157	151	0	1.1	82.49682591356469	4.6818041179199685		dr
129.9907472215923	121.32469740681948 	8.666049814772819	136.5278479432874	136.39046494323657	130.4897001843631	11.911712275792084	-12.086998555193532	0	14	505.5195725284145	151	0	1.1	83.98101095444055	4.80631179594662		dr
131.04143019247252	122.30533484630767 	8.736095346164845	139.31278887037635	137.31872805252107	130.39730669283506	11.851501924011501	-14.74829272255755	0	14	509.60556185961525	151	0	1.1	85.40708426468395	4.925396145953233		dr
124.99005263989503	111.10226901324 	13.887783626655022	139.77297442154574	133.6044485389298	122.99211636123187	9.345006529963285	-20.98744937679426	0	8	277.75567253310004	151	0	1.1	86.57128921689603	5.18899577773858		dr
