_avgSpeed	_exSpeed	 DiffAvgExpSpeed	 Max Speed	AvgTop3Speed	_speedMedian	_maxAcceleration	_maxDecceleration	Num Of Stops(including end/start point)	duration	distance	stopDurationMedianSoFar(while moving)	ratio Of Short Stop(while moving)	ratio Of Instant Stop(in short stop)	Avg of AvgSpeed	Avg of DiffAvgExp	label
31.21765870153707	29.13648145476793 	2.081177246769137	57.44085724957032	53.677441347449616	30.708581505498593	5.028110793289048	-5.79209396511733	0	42	364.20601818459915	0	1.1	1.1	31.21765870153707	2.081177246769137		dr
29.439478754219987	32.239415896337064 	-2.799937142117077	63.37317860735095	63.312145215313315	36.38591062957923	5.096305617792331	-6.3115920691970375	0	51	417.05928235144984	0	1.1	1.1	30.328568727878526	-0.3593799476739701		dr
63.064343080129284	58.860053541454 	4.204289538675283	70.21494042471828	68.54278478675536	64.30404628559117	1.2797882787941337	-5.421813072698136	0	42	735.750669268175	0	1.1	1.1	41.240493511962114	1.1618432144424478		dr
14.546190830210739	33.2064622011517 	-18.66027137094096	59.198479610225306	57.42173274928515	41.83143545336583	5.833900351009231	-8.54939149101792	2	108	436.38572490632214	36	0	1.1	34.56691784152427	-3.7936854319034046		dr
34.69399843306369	32.38106520419278 	2.312933228870911	57.51732448604796	55.744614284832714	29.617108489209585	3.6238250686064806	-4.007501668541738	0	42	404.7633150524097	36	0	1.1	34.59233395983215	-2.5723616997485417		dr
20.655429665142105	19.278401020799297 	1.3770286443428077	33.60274154022669	30.40339450782207	20.529480364616397	3.594642167942458	-4.282702352546953	0	42	240.9800127599912	36	0	1.1	32.26951657738381	-1.9141299757333166		dr
15.969970486036752	17.80515028444991 	-1.8351797984131561	33.60186690486588	29.468910995947947	18.713853623555778	3.8394359750148888	-4.786738104060048	0	54	239.54955729055126	36	0	1.1	29.94100999290566	-1.9028513789732937		dr
22.613495559209742	25.35692990474546 	-2.743434345535718	54.357565815501474	49.09942526530414	25.42947425932529	7.668932982704529	-7.247676592920825	1	51	320.3578537554713	24	0	1.1	29.02507068869367	-2.0079242497935965		dr
23.766157860755495	19.012926288604397 	4.753231572151098	37.651520618775464	28.363815190702496	23.719962476666012	0	-3.984964867585107	0	12	79.22052620251831	24	0	1.1	28.440747041144984	-1.256684714021964		dr
