_avgSpeed	_exSpeed	 DiffAvgExpSpeed	 Max Speed	AvgTop3Speed	_speedMedian	_maxAcceleration	_maxDecceleration	Num Of Stops(including end/start point)	duration	distance	stopDurationMedianSoFar(while moving)	ratio Of Short Stop(while moving)	ratio Of Instant Stop(in short stop)	Avg of AvgSpeed	Avg of DiffAvgExp	label
27.812112317236174	27.25587007089145 	0.5562422463447234	52.18184089425087	50.817900488446504	28.05251167865918	12.132064750119085	-12.382795522635723	1	49	378.5537509846035	3	1	1	27.812112317236174	0.5562422463447234		dr
31.10095681868016	33.484838320803235 	-2.3838815021230744	68.19202518681887	65.77327886248628	32.19683451095029	12.636598239028864	-24.045010007001736	2	54	466.5143522802024	5.5	1	0.5	29.456534567958165	-0.9138196278891755		dr
18.73456335912654	22.26112737371562 	-3.5265640145890806	56.18331160304763	56.183311041080685	16.301916750077837	32.06001334776741	-20.037508342991934	2	60	312.24272265210897	7	0.75	0.3333333333333333	25.88254416501429	-1.7847344234558105		dr
38.40696172962474	37.638822495032244 	0.7681392345924962	68.1920124606773	67.03933873816656	38.541237891725004	19.178573061909205	-21.80059564466296	0	49	522.7614235421145	7	0.75	0.3333333333333333	29.013648556166903	-1.1465160089437338		dr
18.830055367076355	20.962622122418928 	-2.132566755342573	54.16534218384761	51.92086561498817	13.405100328260373	13.30740192107399	-18.12444933376862	1	56	292.9119723767433	8	0.6	0.3333333333333333	26.976929918348795	-1.3437261582235016		dr
45.29202678591754	44.386186250199195 	0.9058405357183474	57.68052845884919	57.067333145841836	50.55410859373229	15.026153902930083	-4.499506593292381	0	49	616.4748090305443	8	0.6	0.3333333333333333	30.029446062943588	-0.9687983758998602		dr
34.66816779431758	35.92913338583182 	-1.2609655915142355	52.888357912499416	52.888281674007	43.21259555957314	9.679761906551416	-12.027975412745356	1	52	500.7624236956984	7	0.6666666666666666	0.25	30.692120595997014	-1.0105365495590566		dr
65.07660208098758	63.77507003936784 	1.301532041619744	81.19733066481523	75.50167859535713	65.22305355919649	9.666080813732648	-11.79470475265326	0	49	885.7648616578865	7	0.6666666666666666	0.25	34.990180781620836	-0.7215279756617066		dr
29.257560021270354	28.27547614410935 	0.9820838771610028	62.3871609354124	62.34420404591538	20.037508342991934	4.00750166910823	-8.89404145678349	0	22	178.7962001299855	7	0.6666666666666666	0.25	34.35322291935967	-0.5322377697925167		dr
