_avgSpeed	_exSpeed	 DiffAvgExpSpeed	 Max Speed	AvgTop3Speed	_speedMedian	_maxAcceleration	_maxDecceleration	Num Of Stops(including end/start point)	duration	distance	stopDurationMedianSoFar(while moving)	ratio Of Short Stop(while moving)	ratio Of Instant Stop(in short stop)	Avg of AvgSpeed	Avg of DiffAvgExp	label
16.10260517315152	15.734822183489355 	0.3677829896621656	43.23991694835655	37.16814054822544	15.431957907874068	43.23991694835655	-13.302664358732951	1	50	223.64729407154886	2	1	1	16.10260517315152	0.3677829896621656		dr
49.94492259403524	48.94602414215453 	0.9988984518807129	71.20082280070928	69.22302216955914	53.55092712562045	14.640607332892493	-8.90010285527417	0	49	679.8058908632574	2	1	1	33.02376388359338	0.6833407207714393		dr
45.059683690865874	44.15849001704854 	0.9011936738173318	59.46944038014149	59.3793350117384	52.09752169075934	12.022505007324689	-12.136316235623063	0	49	613.3123613478966	2	1	1	37.03573715268421	0.7559583717867367		dr
66.5645874676066	65.23329571825445 	1.3312917493521468	88.36445958071705	77.74744277110172	64.39390820846464	28.178774227138952	-16.168452024725866	0	49	906.0179960868676	2	1	1	44.41794973141481	0.8997917161780893		dr
37.77185556289586	43.6768574916098 	-5.9050019287139435	72.19598442832027	72.1756659546673	51.53559548238303	11.857844713831813	-12.915503455872539	1	58	608.5465618466554	7	0.5	1	43.08873089771102	-0.46116701280031724		dr
19.38252763532405	49.10517553457089 	-29.72264789924684	76.14253170285951	73.51149868410086	64.12002669553482	20.03750834044272	-16.139601412935992	1	129	694.5405735991118	12	0.3333333333333333	1	39.13769702064652	-5.338080493874738		dr
27.426860329262453	40.257485120385496 	-12.830624791123043	64.18856638101661	62.075863423277156	44.18216192232806	16.003474611661204	-16.302014656974798	1	74	563.774351212617	20.5	0.25	1	37.46472035044879	-6.4084439649102105		dr
33.45853934577507	33.408685786279314 	0.04985355949575876	68.38520453470177	64.50795325130383	36.06751501687564	12.382821998295368	-15.703159257765748	1	50	464.70193535798717	12	0.4	1	36.96394772486458	-5.601156774359464		dr
11.293968898669284	13.098433920008143 	-1.8044650213388582	32.06001334521819	25.380843900953167	13.349112342338717	12.02250499967704	-8.015003335667245	1	20	62.74427165927379	12	0.4	1	34.11172785528733	-5.179302135134952		dr
