_avgSpeed	_exSpeed	 DiffAvgExpSpeed	 Max Speed	AvgTop3Speed	_speedMedian	_maxAcceleration	_maxDecceleration	Num Of Stops(including end/start point)	duration	distance	stopDurationMedianSoFar(while moving)	ratio Of Short Stop(while moving)	ratio Of Instant Stop(in short stop)	Avg of AvgSpeed	Avg of DiffAvgExp	label
13.314080521214667	20.094962757945304 	-6.780882236730637	52.09752169075934	48.252839131762556	20.037508340442717	12.144192385445155	-8.151841444839292	1	96	355.04214723239113	20	0	1.1	13.314080521214667	-6.780882236730637		dr
19.46642799332255	29.601550716461926 	-10.135122723139375	68.19202081100465	57.59696318362706	32.93750328570911	18.275893971851385	-32.124505794129014	2	112	605.6222042367016	20	0.3333333333333333	1	16.39025425726861	-8.458002479935006		dr
21.4220486297182	31.942948143313306 	-10.520899513595104	61.25104904029164	55.99645185708069	32.61444114610325	13.811846868177085	-15.004957748224864	1	78	464.1443869772277	20	0.25	1	18.067519048085142	-9.145634824488372		dr
28.128002688681143	35.35019047093989 	-7.22218778225875	68.19200687524004	65.56854751163779	40.075016683434654	19.578064259755728	-12.296087270829922	0	68	531.306717452866	20	0.25	1	20.58263995823414	-8.664773063930966		dr
17.886474281205306	42.733946126478216 	-24.84747184527291	69.12943421823046	69.12933950299849	52.57796097141692	14.154056339241446	-18.661338829928212	2	124	616.0896696859605	25.5	0.16666666666666666	1	20.043406822828373	-11.901312820199355		dr
56.04388938140931	54.923011593781126 	1.1208777876281815	69.78702725973886	68.29647183575226	58.103193226540306	12.193891909415797	-17.53006587134587	0	49	762.8196054691823	25.5	0.16666666666666666	1	26.04348724925853	-9.730947718894765		dr
54.48474068544175	53.39504587173295 	1.0896948137088032	75.41189986773026	71.6913051045442	59.858106215616296	10.662249163014906	-13.070812930963598	0	49	741.5978593296238	25.5	0.16666666666666666	1	30.10652345442756	-8.18514164280854		dr
54.00789232893999	52.927734482361195 	1.0801578465787927	77.17063791958722	74.38692833637494	54.99421835160189	14.924613863447455	-14.102704568941217	0	49	735.1074233661276	25.5	0.16666666666666666	1	33.09419456374161	-7.026979206635124		dr
20.657940266493895	24.82027460673814 	-4.162334340244243	37.96654174779705	37.42064006705406	25.03290515296726	9.784849042998424	-14.20828883669641	1	67	384.46722162641413	20	0.2857142857142857	0.5	31.712388530714083	-6.708685332591693		dr
