_avgSpeed	_exSpeed	 DiffAvgExpSpeed	 Max Speed	AvgTop3Speed	_speedMedian	_maxAcceleration	_maxDecceleration	Num Of Stops(including end/start point)	duration	distance	stopDurationMedianSoFar(while moving)	ratio Of Short Stop(while moving)	ratio Of Instant Stop(in short stop)	Avg of AvgSpeed	Avg of DiffAvgExp	label
17.14243058634405	16.071028674697548 	1.071401911646504	28.86163267821673	28.071354130681026	14.837399970705409	6.890639463168604	-10.395105365740486	0	15	71.42679410976689	0	1.1	1.1	17.14243058634405	1.071401911646504		dr
21.946406115079366	20.48331237407407 	1.463093741005295	33.61181829213219	33.04711441793173	21.58624006378821	10.194385758574823	-8.902423059588287	0	14	85.34713489197532	0	1.1	1.1	19.54441835071171	1.2672478263258995		dr
47.92308772016289	44.72821520548537 	3.1948725146775203	68.12752836209384	61.47449827891927	48.135752819856705	19.94604274658075	-16.03000666878527	0	14	186.367563356189	0	1.1	1.1	29.003974807195437	1.909789389109773		dr
24.279283979459986	24.18037260222189 	0.09891137723809607	44.0825183550921	44.08251835339262	30.05626251576251	8.015003340765677	-16.030006673883705	1	15	101.16368324774994	0	1.1	1.1	27.822802100261576	1.4570698861418538		dr
0.07065099493447405	0.02602931392322728 	0.044621681011246764	0.07808794176968184	0.03904397088484092	0.03904397088484092	0.01952198544242046	0	0	42	0.8242616075688638	0	1.1	1.1	22.272371879196154	1.1745802451157323		dr
38.69394528033716	36.11434892831468 	2.5795963520224774	60.1857161808266	57.491391527842644	44.13737118042647	20.037508342991934	-15.920301020665747	0	14	150.47645386797785	0	1.1	1.1	25.009300779386322	1.4087495962668566		dr
65.58390217543274	61.211642030403915 	4.372260145028825	72.19603024039706	69.59121640924572	66.12377753136354	8.01500333821646	-8.076003542313032	0	14	255.0485084600162	0	1.1	1.1	30.805672407392954	1.832108246089995		dr
54.439829556730906	50.810507586282164 	3.6293219704487427	60.18570879218714	60.18570799392541	54.26971242905135	12.022505004775475	-12.106928501351192	0	14	211.71044827617575	0	1.1	1.1	33.7599420510602	2.0567599616348384		dr
57.00909739108573	53.208490898346675 	3.800606492739057	68.38546753815488	65.63923088796561	56.10502335986757	8.30717506779036	-16.28794584739554	0	14	221.70204540977784	0	1.1	1.1	36.34318153328526	2.250520687313085		dr
66.15661333619306	61.74617244711353 	4.410440889079531	72.13503003375128	69.57086060274396	68.12752836464304	12.02250500222626	-8.01500333821646	0	14	257.2757185296397	0	1.1	1.1	39.32452471357604	2.4665127074897297		dr
63.86620459938997	59.6084576260973 	4.257746973292669	72.37865632823457	69.5674380037114	64.12002669808403	12.022505007324696	-12.022505004775475	0	14	248.36857344207206	0	1.1	1.1	41.55558652137731	2.6293521861990876		dr
45.54215026720007	42.506006916053394 	3.036143351146677	60.11252502642658	56.133157110521914	46.13612592618842	3.9077881909253875	-8.015003335667245	0	14	177.1083621502225	0	1.1	1.1	41.88780016686254	2.66325144994472		dr
0.5441150423390894	1.1038064439717306 	-0.5596914016326412	4.007501666559015	2.4519381418006696	0.3762487540147301	2.966645933213639	-4.007501666559015	0	33	4.987721221441653	0	1.1	1.1	38.707516695745355	2.415332769054154		dr
49.86217997603047	46.53803464429511 	3.324145331735359	60.185683128598754	60.185682682171574	54.143470238457624	32.06001334776741	-15.908206266744415	0	14	193.90847768456294	0	1.1	1.1	39.50427835862286	2.4802479521028116		dr
65.29767597967981	60.94449758103448 	4.353178398645326	72.37861037884775	70.90190850062753	68.12752836464304	15.945615527610215	-11.938113858501993	0	14	253.93540658764368	0	1.1	1.1	41.22383820002666	2.6051099818723125		dr
70.73460466628444	66.0189643551988 	4.715640311085636	76.20029222803377	74.86552721999284	72.13503003375128	4.068469179325106	-4.068466708502086	0	14	275.0790181466617	0	1.1	1.1	43.068261104167775	2.7370181274481453		dr
41.48844731716965	38.72255082935832 	2.7658964878113323	72.19599406817954	68.16936510069253	42.297134507562774	4.072047837729983	-20.19389698722597	0	14	161.34396178899308	0	1.1	1.1	42.97533088140318	2.7387168545283327		dr
0.07573276512560566	0.3483976290486172 	-0.27266486392301154	0.9887492016654539	0.5225964435729258	0.5225964435729258	0	-0.31076850539501877	0	145	3.0503474842257834	0	1.1	1.1	40.59201987494331	2.571417870169925		dr
37.41690012576836	34.92244011738379 	2.4944600083845643	57.626316325090755	56.660498324834826	34.78822449403961	10.302493092833899	-12.022505007324689	0	14	145.51016715576583	0	1.1	1.1	40.424908309197264	2.567367456391748		dr
61.35260628294678	57.262432530750324 	4.090173752196456	64.32002869155588	63.73340596756045	61.45175693641942	3.825678834314701	-4.990755334290085	0	14	238.59346887812634	0	1.1	1.1	41.47129320788474	2.643507771181983		dr
52.454645564902954	48.95766919390942 	3.4969763709935364	58.59303563082063	57.321486956120886	52.91171137506004	4.7137811954191235	-7.077115838982714	0	14	203.99028830795592	0	1.1	1.1	41.99430998679037	2.6841491330777716		dr
18.060829594923636	16.856774288595393 	1.204055306328243	39.03712081821466	32.2803548923412	16.03000667515831	8.015003340765674	-12.022505004775471	0	14	70.23655953581414	0	1.1	1.1	40.90642451443279	2.616872140952793		dr
0.1691346255906933	2.1127406624652023 	-1.943606036874509	8.01500333821646	2.8169875499536032	0.3707691342022035	0	-7.644234204014256	0	100	4.6981840441859255	0	1.1	1.1	39.135237997526616	2.418590481047258		dr
9.585352655989663	9.71880159590684 	-0.13344893991717655	16.891129451112995	15.737077171041463	9.971592525930424	7.005433852319971	-4.915184529773249	0	13	34.61377347996267	0	1.1	1.1	37.90399277496258	2.31225550517374		dr
40.525449447318124	37.82375281749692 	2.701696629821207	46.08812642483461	45.794837616527474	42.76204745095096	11.864651802379814	-5.807489291526267	0	14	157.5989700729038	0	1.1	1.1	38.0088510418568	2.327833150159639		dr
55.97002352678928	52.238688625003334 	3.7313349017859423	61.45040388833043	60.391260660436416	55.8255453779581	6.723001980088732	-5.873025683599437	0	14	217.66120260418052	0	1.1	1.1	38.69966536820036	2.3818139867606507		dr
64.80910579315153	60.488498740274736 	4.320607052876795	76.81215918074922	73.00558106748603	64.31800084880585	8.539309824367358	-5.710017669353633	0	14	252.03541141781147	0	1.1	1.1	39.666681680235584	2.453621137357545		dr
75.91765192447704	70.8564751295119 	5.061176794965135	82.55323857238707	79.51859032990514	75.82563957223783	9.584388006377978	-7.415774727953078	0	14	295.23531303963296	0	1.1	1.1	40.9613591889585	2.5467481251292448		dr
74.53472944893348	69.56574748567127 	4.968981963262209	81.67165730256279	80.34228440256116	73.95171103767564	7.603779766599814	-9.600776637483492	0	14	289.8572811902969	0	1.1	1.1	42.11906161171625	2.6302734298924504		dr
69.74658138883153	65.09680929624277 	4.649772092588762	78.76507787917595	78.52605471079426	67.76426150768674	3.64610097801895	-6.782771368651126	0	14	271.2367054010115	0	1.1	1.1	43.03997893762009	2.6975900519823273		dr
62.548351163744414	58.37846108616145 	4.169890077582963	67.19203089321839	66.63095020124383	62.03007868527669	6.666052676595136	-10.271042363276756	0	14	243.24358785900606	0	1.1	1.1	43.66928126749507	2.745083601195251		dr
60.39277281152684	56.36658795742504 	4.0261848541018	66.62075397185409	65.63482904002485	60.43410835949187	8.055119545339792	-7.498244012167412	0	14	234.8607831559377	0	1.1	1.1	44.191890378246065	2.785118015348581		dr
72.00749122660757	67.2069918115004 	4.8004994151071685	77.44570053709556	77.44542038406293	72.50009173879084	9.884166722366075	-9.884304169530708	0	14	280.0291325479183	0	1.1	1.1	45.03478737365096	2.846190178977629		dr
74.05401041580657	69.11707638808613 	4.93693402772044	77.44477252179172	77.44448068964012	74.0373112650352	2.931204432782039	-7.870405690370532	0	14	287.9878182836922	0	1.1	1.1	45.88829393371435	2.9076826451171236		dr
66.10067320999987	61.69396166266653 	4.406711547333337	70.4681342387443	70.46806834933204	67.5589170450669	9.911045750595797	-6.946937374144291	0	14	257.05817359444393	0	1.1	1.1	46.46579048446537	2.950512042323301		dr
66.31684045094164	61.89571775421221 	4.421122696729434	70.4675665880072	70.46746015246346	65.5095940242906	4.957726063098022	-5.700432228054083	0	14	257.89882397588417	0	1.1	1.1	47.017208539089715	2.991362338279027		dr
68.10530589159788	63.56495216549136 	4.540353726106517	77.44114785262572	73.4679164168649	66.53296339441461	6.974802754497603	-7.730500482486519	0	14	264.853967356214	0	1.1	1.1	47.587157116184535	3.033226970382473		dr
64.9012467336762	60.574496951431115 	4.326749782245088	70.46577742817188	69.81170790439883	64.14840305836718	6.933949212368738	-7.949207243651507	0	14	252.39373729762966	0	1.1	1.1	48.04279105348695	3.0672670443788577		dr
57.44428405517631	53.61466511816456 	3.8296189370117517	65.50719329919458	62.969381641817726	57.70175335338678	10.915871504243974	-10.915938887150247	0	14	223.39443799235232	0	1.1	1.1	48.28385497660719	3.0868145288053417		dr
53.76124294375208	50.177160080835286 	3.5840828629167945	60.553394659598794	59.88895950105094	55.22193038185362	3.5375641618017397	-15.416195543907357	0	14	209.07150033681364	0	1.1	1.1	48.420789675785805	3.099246237158128		dr
29.932383985888045	27.936891720162173 	1.995492265725872	38.755972344054086	38.61747331666538	29.141386038094	5.892988117821538	-9.116783591706476	0	14	116.40371550067573	0	1.1	1.1	47.96985295164196	3.0723254085866096		dr
3.7033910435295545	7.184143105583606 	-3.480752062054051	21.140062037056623	16.93084776460901	5.930496911572964	0.38332614387318387	-12.244316673469658	0	18	18.51695521764777	0	1.1	1.1	46.915889572877376	2.916299754523737		dr
1.1135738496942231	1.1607921928282428 	-0.047218343134019625	4.985255197561585	3.095445847541981	0.667916944638937	2.965248455786482	-4.985255197561585	0	17	5.258543179111609	0	1.1	1.1	45.85071943978009	2.8473807289968125		dr
19.642107852008632	17.02316013840748 	2.618947713601152	35.582970173493564	31.629306819207027	20.756732603406313	11.524867150514655	-5.930495029543582	1	13	70.92983391003116	4	1	0	45.25506917642165	2.842189069556002		dr
2.406606258311657	3.670424734334403 	-1.2638184760227462	8.895742540544743	6.603830642864608	3.975250939467675	1.010003422809041	-2.965247514772381	0	14	9.359024337878665	4	1	0	44.30288111157476	2.7509444574320296		dr
1.7532136385984454	3.176955383389642 	-1.4237417447911964	7.157570327948286	6.024438872972035	4.985254084466582	1.2270781214470494	-3.9968384030448347	0	12	5.844045461994818	4	1	0	43.377888340423105	2.660190409557612		dr
9.423135522302214	9.067045965283299 	0.3560895570189153	24.76556434159826	15.992145999828304	8.455370115062147	10.450427578168654	-16.750561005931015	1	7	18.32276351558764	4.5	1	0	42.65544679110138	2.6111669871631715		dr
24.96112570740113	23.29705066024106 	1.6640750471600718	35.92161903745042	35.87695745421889	28.06865170045556	8.076259966413044	-7.892970249878559	0	14	97.07104441767106	4.5	1	0	42.28681510185763	2.5914359050797735		dr
4.307850618072511	8.104450501054005 	-3.7965998829814946	16.853834560290142	15.33162961663117	10.736263097374822	7.1575071710548315	-2.0277969535890072	0	14	16.75275240361532	5	0.6666666666666666	0	41.51173419402528	2.4610678277724007		dr
16.739979500511367	22.91420227544042 	-6.174222774929053	40.21684466803694	37.87344758090805	26.89867791792889	13.23075399841985	-9.854478264240061	1	18	83.69989750255684	5	0.6666666666666666	0	41.016299100155	2.2883620157183717		dr
3.5608316209764985	2.854863354077182 	0.7059682668993164	12.022505007324693	8.921496467294128	2.003750835828723	5.269943331334309	-9.756734372250692	0	12	11.869438736588329	5	0.75	0	40.28187816919071	2.2573346873101547		dr
1.05692038241616	0.9136483189594442 	0.14327206345671573	1.9768272863666618	1.5227471982657403	1.2957071542152794	0.3206001334266898	-0.32947121502318394	0	16	4.6974239218496	5	0.75	0	39.52755205790659	2.216679636851435		dr
18.19009724443427	17.05321616665713 	1.13688107777714	29.652484557863183	27.675652251490856	19.088161576444975	13.405643615742292	-8.895745374903257	1	15	75.79207185180945	5	0.8	0.25	39.12495857085994	2.196306079133052		dr
7.239258328156806	7.796124353399638 	-0.5568660252428321	17.791490730946105	15.64429408069409	7.413123492000476	8.384652320630975	-5.930496907800427	1	14	28.152671276165357	5	0.8	0.25	38.534482640439506	2.145321410533499		dr
4.721177802377611	4.50937430764237 	0.21180349473524185	11.860995705173453	10.171167530681773	4.447873389440078	5.930497852586686	-8.895746778880063	0	14	18.360135898135155	5	0.8	0.25	37.91969527974747	2.1101665393371665		dr
8.675509128678824	8.920539169029341 	-0.24503004035051745	16.030006673883705	16.030006673033967	12.022505007324693	4.007501666559012	-12.022505007324689	1	14	33.73809105597321	5	0.8	0.25	37.397477669906955	2.0681094575570294		dr
9.64119346116726	9.374026683226711 	0.2671667779405489	20.037508342991934	18.70167445328919	8.545926906334646	7.037263522898276	-3.029761853790043	1	15	40.17163942153025	5	0.8333333333333334	0.2	36.910525315367664	2.0365139719497227		dr
41.821741997785374	39.03362586459968 	2.788116133185696	56.18332377621246	50.78778793983823	40.1297909825759	8.093303757110569	-12.001193752092775	0	14	162.64010776916533	5	0.8333333333333334	0.2	36.995201465064525	2.049472629902067		dr
20.175714238935257	18.830666623006245 	1.345047615929012	35.80661968828041	35.0666922009349	18.374480046708236	8.895406598325238	-9.120378734615258	0	14	78.46111092919267	5	0.8333333333333334	0.2	36.710125410384364	2.0375332228855747		dr
11.65106305600549	12.091123616596708 	-0.4400605605912169	19.94074486311809	19.08148854034994	15.563812670694595	5.198121596577623	-11.860551540411384	0	14	45.30968966224358	5	0.8333333333333334	0.2	36.29247437114472	1.9962399931609613		dr
48.12424353159248	44.91596062948631 	3.20828290210617	60.185606845312634	56.15548204213197	50.139431598338234	12.004265339395502	-16.03000667643292	0	14	187.14983595619296	5	0.8333333333333334	0.2	36.486437800004516	2.016109549045309		dr
54.00858013028189	50.40800812159644 	3.600572008685454	60.185604248988064	60.136884767280414	54.88675012358362	5.443757443922252	-8.001978166347108	0	14	210.03336717331848	5	0.8333333333333334	0.2	36.769052998879964	2.041665395168537		dr
50.383080391898645	47.02420836577206 	3.3588720261265834	56.901350985890446	56.52311032451615	50.31874155516765	7.962457304939427	-9.293183459891424	0	14	195.93420152405028	5	0.8333333333333334	0.2	36.98514867178502	2.062573436929776		dr
54.769520777047674	51.11821939191116 	3.651301385136513	59.434344278109904	59.34418558673094	56.40531684362385	5.929910624856227	-3.10731389714131	0	14	212.99258079962982	5	0.8333333333333334	0.2	37.26302948592975	2.0873973111205064		dr
46.27263952357398	43.18779688866904 	3.0848426349049376	62.777841085059364	58.53214163649607	47.439318869979076	9.408628528601554	-12.214503185554207	0	14	179.9491537027877	5	0.8333333333333334	0.2	37.40163887112428	2.102742623794113		dr
45.36980294368482	42.345149414105826 	3.024653529578991	56.47652734947171	54.455069031046015	48.92177794272952	6.154890374674956	-18.014716330025195	0	14	176.4381225587743	5	0.8333333333333334	0.2	37.52236862979943	2.1167109708514595		dr
25.654192795462183	23.943913275764707 	1.710279519697476	48.181332208354455	45.515187136692866	26.139816935493098	17.070036068247735	-6.5886927767627474	0	14	99.76630531568627	5	0.8333333333333334	0.2	37.34523167704813	2.1106448297894596		dr
47.044638223728775	43.908329008813524 	3.1363092149152507	52.18181883894334	50.93928845258424	48.135674234047215	4.40452608120232	-8.10631175536102	0	14	182.95137087005634	5	0.8333333333333334	0.2	37.487870008616966	2.1257281295707213		dr
48.45596261452334	45.225565106888446 	3.2303975076348905	56.18330209194428	52.18214733426626	48.13567132635788	8.001979463428839	-8.09328206774395	0	14	188.4398546120352	5	0.8333333333333334	0.2	37.64682787247068	2.1417378307020867		dr
36.61148261223012	34.170717104748114 	2.4407655074820056	48.09002002420033	43.804203090378316	36.37041059561429	6.7173654008746695	-9.870152048288872	0	14	142.37798793645047	5	0.8333333333333334	0.2	37.632037225895814	2.1460096546560856		dr
22.790541208272032	21.27117179438723 	1.519369413884803	38.171942840085734	37.08172890485144	25.255676381264376	13.03650877490076	-12.480723119171262	0	14	88.62988247661346	5	0.8333333333333334	0.2	37.42300207071801	2.137183735771983		dr
39.438296513653334	36.80907674607644 	2.629219767576892	48.77614883161469	47.610932131814195	39.92610392800661	7.462806946265232	-7.462773077905972	0	14	153.37115310865187	5	0.8333333333333334	0.2	37.450992271314334	2.144017569547051		dr
16.509661372712245	15.4090172811981 	1.1006440915141447	24.765313985004962	23.235578967980206	16.165934924213374	4.7278056394638135	-12.022505012423121	0	14	64.20423867165873	5	0.8333333333333334	0.2	37.164124724758146	2.1297247821767376		dr
5.115502467448506	8.75131683569402 	-3.635814368245514	20.037508340442717	16.435275218605813	8.719988736769988	5.419241093070413	-12.022505002226257	0	24	34.10334978299004	5	0.8333333333333334	0.2	36.731035234794504	2.051812090954815		dr
13.993785012445443	13.060866011615746 	0.9329190008296973	19.93976641321164	18.42183250902056	15.355814472242528	8.015003335667245	-6.987790671231748	0	14	54.42027504839894	5	0.8333333333333334	0.2	36.42787189849652	2.036893516419813		dr
47.59548229765447	44.422450144477494 	3.173032153176976	58.566477468876016	57.09676892094823	53.42595940379755	6.858661097489637	-2.6654452753857143	0	14	185.09354226865625	5	0.8333333333333334	0.2	36.5748141405907	2.0518427090087235		dr
50.97555284856776	47.57718265866324 	3.3983701899045187	59.83423266568241	58.666568357691894	53.739838552921526	4.602689077705179	-15.00395592633658	0	14	198.2382610777635	5	0.8333333333333334	0.2	36.76183672121378	2.069330078890487		dr
19.98056607343704	22.70094689309339 	-2.720380819656352	52.57979990574207	48.51868545378195	17.788557301899253	16.040161281254406	-7.53107108262909	1	14	77.70220139669959	5	0.8571428571428571	0.16666666666666666	36.546692225729466	2.0079235289091173		dr
38.65046310992567	36.07376556926396 	2.576697540661705	55.10994402426138	52.94900023020788	43.11805591924142	6.984605315813269	-14.298608054357288	0	14	150.3073565385998	5	0.8571428571428571	0.16666666666666666	36.57332223692182	2.01512319994396		dr
0.2404212102608506	0.2906192533072719 	-0.05019804304642131	0.9882378103352173	0.3874923377430292	0.1742392028938702	0.05807973429795674	-0.32941260344507245	0	29	1.9367264159901851	5	0.8571428571428571	0.16666666666666666	36.11916097408856	1.9893066844065808		dr
24.564238814403918	25.848255035586646 	-1.2840162211827284	55.72042391169006	51.691177203336245	21.13640096070989	23.728337114013424	-11.226549335834278	0	13	88.70419571868081	5	0.8571428571428571	0.16666666666666666	35.976507614092455	1.9488952905104164		dr
63.236170755807564	59.020426038753726 	4.215744717053838	68.65761711940613	66.89795659319309	62.772391466737744	8.824270556054351	-5.88077026856039	0	14	245.9184418281405	5	0.8571428571428571	0.16666666666666666	36.30894253045483	1.9765397957121655		dr
63.58385998503141	59.34493598602932 	4.23892399900209	68.30544853996334	66.57765387393586	64.05915131602028	14.342535501073868	-8.809331396171288	0	14	247.27056660845548	5	0.8571428571428571	0.16666666666666666	36.63755599376298	2.0037974367156584		dr
64.03992925504514	59.770600638042126 	4.269328617003012	68.65710111399915	67.43612827361976	63.80506016531431	5.929364737369319	-6.269969765990183	0	14	249.04416932517552	5	0.8571428571428571	0.16666666666666666	36.963774723063956	2.0307680460047934		dr
54.92436450539644	51.26274020503665 	3.66162430035979	68.18760792227307	66.29314225113785	62.579535838808184	8.758757014129586	-22.458875601024538	0	14	213.59475085431947	5	0.8571428571428571	0.16666666666666666	37.1750757793267	2.0499545901736758		dr
32.89369236364591	30.70077953940285 	2.192912824243063	41.74176478566843	40.531281989222826	34.77860297622176	5.964226626252781	-2.7207350222753917	0	14	127.91991474751188	5	0.8571428571428571	0.16666666666666666	37.12529225123739	2.051616895220994		dr
20.330120057958105	18.97477872076089 	1.3553413371972134	36.7351296965976	32.23684532004159	21.184952481865757	11.395458329380098	-14.101176518042871	0	14	79.0615780031704	5	0.8571428571428571	0.16666666666666666	36.9322442949928	2.0436137278873874		dr
12.37846336859053	12.839103656813112 	-0.4606402882225815	28.208741266681372	25.091592440050633	13.40520441119875	7.953090300674315	-8.171232926238655	1	15	51.576930702460544	5	0.8571428571428571	0.16666666666666666	36.65322405719277	2.015156295886138		dr
4.016087791587622	4.222267569904205 	-0.2061797783165833	12.51782851089278	10.10211260255392	3.9748554623251997	12.51782851089278	-7.532869136332527	0	12	13.386959305292072	5	0.875	0.14285714285714285	36.28651466095002	1.990197463591725		dr
0.6223981435203361	0.3353126221775184 	0.2870855213428177	0.748300272812518	0.4470834962366912	0.5929502158975556	0.19765007196585185	0	0	24	4.1493209568022404	5	0.875	0.14285714285714285	35.890246699645246	1.9712739975667373		dr
0.19765016583485276	0.12353135364678296 	0.0741188121880698	0.49412541458713183	0.16470847152904394	0	0	-0.08235423576452197	0	15	0.8235423576452198	5	0.875	0.14285714285714285	35.49802036410887	1.9504261383867518		dr
0.939100767283862	1.4675322112106206 	-0.5284314439267586	4.007501666559015	2.336081440577504	1.5003713275867485	1.001875415365146	-3.0105098472142404	0	17	4.4346425121737925	5	0.875	0.14285714285714285	35.1223799337086	1.92348203423117		dr
16.982216177785734	15.850068432600017 	1.1321477451857174	26.68272159278849	23.09652678446084	18.23432423177404	11.858987376248546	-6.37532744162475	0	14	66.04195180250008	5	0.875	0.14285714285714285	34.92732440945136	1.9149730633812188		dr
39.970711302836136	37.30599721598039 	2.6647140868557457	55.84201466953224	52.31736491457557	42.940273280541746	14.842011925504906	-6.0468721779388765	0	14	155.44165506658496	5	0.875	0.14285714285714285	34.98097746150865	1.9229490317160542		dr
24.033534407195887	29.183577494452155 	-5.150043087256268	52.57922673806663	50.214459668479655	40.83100713462369	4.669986884801872	-13.428568522957839	1	17	113.4916902562028	5	0.875	0.14285714285714285	34.86574121883167	1.848496483095293		dr
0.6338345706638675	0.5688062387527063 	0.0650283319111612	1.3358338905524818	0.8532093581290594	0.8532093581290594	0.12065613310585559	0	0	11	1.9367167436951507	5	0.875	0.14285714285714285	34.509158857913256	1.8299186898537914		dr
17.68737443704949	20.63002194833855 	-2.94264751128906	41.50537529108514	39.59819382497034	20.772615181978253	23.32064439458734	-11.684896555565754	1	13	63.87107435601203	5	0.8888888888888888	0.125	34.33573839996621	1.7807169764399475		dr
64.36832476064545	60.07710310993575 	4.291221650709701	68.30522162394993	68.30519280931702	62.77193077329022	6.047020327699599	-3.549645658675921	0	14	250.32126295806563	5	0.8888888888888888	0.125	34.642193362830284	1.8063343710753532		dr
62.542800502648056	58.37328046913819 	4.169520033509869	65.34593524879011	65.30491602081202	62.387077107609784	5.929353446353652	-3.087674658632203	0	14	243.22200195474244	5	0.8888888888888888	0.125	34.9240176773739	1.8302049333221666		dr
62.34164524909178	58.185535565818995 	4.156109683272788	68.30537290129381	66.2914538706839	62.322750298289996	11.976398930042272	-6.052358347534941	0	14	242.43973152424581	5	0.8888888888888888	0.125	35.19819395309108	1.853463980821673		dr
58.844160728165846	54.92121667962145 	3.9229440485443945	66.32191282254875	65.44155866894171	60.500465037309496	3.788698014232594	-7.236216436305206	0	14	228.83840283175607	5	0.8888888888888888	0.125	35.43231243601261	1.8739538824822939		dr
27.961555813590824	26.09745209268477 	1.864103720906055	45.129649295272245	44.32932199887863	25.922811321480467	8.89411206015572	-13.176480814778715	0	14	108.73938371951986	5	0.8888888888888888	0.125	35.359069724028075	1.8738573122707622		dr
31.175309034993745	29.0969550993275 	2.0783539356662466	49.849057773989784	48.06830569541938	31.032019002327228	9.933083492143574	-7.377620929291858	0	14	121.23731291386457	5	0.8888888888888888	0.125	35.31845068821221	1.8758427163813982		dr
7.886495523230238	9.402393185863966 	-1.5158976626337282	24.92441762900148	22.31341914430062	8.01500333821646	0.6588028259087055	-8.037607174478438	1	16	35.05109121435661	5	0.8888888888888888	0.125	35.05468188854893	1.8432298281216373		dr
