_avgSpeed	_exSpeed	 DiffAvgExpSpeed	 Max Speed	AvgTop3Speed	_speedMedian	_maxAcceleration	_maxDecceleration	Num Of Stops(including end/start point)	duration	distance	stopDurationMedianSoFar(while moving)	ratio Of Short Stop(while moving)	ratio Of Instant Stop(in short stop)	Avg of AvgSpeed	Avg of DiffAvgExp	label
0.39309328801509813	0.6818066376739861 	-0.28871334965888795	1.781111852653745	1.0227099565109792	1.0227099565109792	0	-0.1685337546983924	0	106	11.574413480444555	0	1.1	1.1	0.39309328801509813	-0.28871334965888795		dr
20.21216292655566	20.05561200544418 	0.1565509211114815	36.18920763806837	29.48962852202187	24.045010009550946	8.136695956859974	-19.887238253778797	0	9	50.530407316389145	0	1.1	1.1	10.30262810728538	-0.06608121427370323		dr
34.4910530653626	32.0274064178367 	2.4636466475258985	47.444758204548116	45.5322211258542	35.58356864869773	8.895894983272296	-11.861189555850387	0	13	124.55102495825383	0	1.1	1.1	18.365436426644454	0.7771614063261639		dr
1.2518219264672847	8.688468744974525 	-7.43664681850724	23.72237910039041	11.584624993299366	10.570199177581793	0	-13.152179922808616	0	55	19.12505720991685	0	1.1	1.1	14.087032801600161	-1.276290649882187		dr
51.46927457617712	47.792897820735895 	3.6763767554412254	76.14253170540871	73.47086392430376	56.10502335986757	26.91430151484319	-16.25985308486767	0	13	185.8612693028618	0	1.1	1.1	21.563481156515554	-0.28575716881750457		dr
7.565848790634779	21.369454725579097 	-13.803605934944319	44.97110948780125	37.74515689072369	28.05251167865918	3.870668854479881	-14.026255838054983	1	31	65.15036458602171	0	1.1	1.1	19.230542428868755	-2.5387319631719736		dr
6.779490747764727	17.47058868903871 	-10.691097941273984	28.672501186014696	27.036145864361696	22.041259176908746	3.981637428229593	-7.923934631040355	0	38	71.56129122640544	0	1.1	1.1	17.451820760139608	-3.7033556743294036		dr
15.964328338394672	19.96249010020404 	-3.998161761809367	32.094274844037514	29.3997660688181	20.03750834554115	3.7355733681935774	-17.418549335555582	0	18	79.82164169197337	0	1.1	1.1	17.265884207421493	-3.740206435264399		dr
32.22448951483248	32.139829991355015 	0.08465952347746253	56.337137030845426	52.43373316468324	38.54646217592631	11.86044989448061	-2.8148741644262927	0	12	107.41496504944159	0	1.1	1.1	18.92795146380049	-3.3152213287375254		dr
43.31071995942846	40.4233386287999 	2.887381330628564	56.33712808317203	52.436661850993175	44.5667647173136	12.032035842157438	-9.054386742325342	0	14	168.43057761999958	0	1.1	1.1	21.366228313363287	-2.6949610628009166		dr
3.354604501653465	5.382253267608107 	-2.0276487659546416	16.430780628249455	7.176337690144142	4.559120227486102	0.36545527388993	-7.945834206776292	0	17	15.841187924474696	0	1.1	1.1	19.72880796684421	-2.6342963085421642		dr
8.697677062518489	12.84884111524797 	-4.151164052729481	29.651171804554018	23.720937444146568	13.343027311861185	5.930234361664773	-11.86046871955758	0	15	36.240321093827035	0	1.1	1.1	18.809547058150404	-2.7607019538911075		dr
36.79569403255072	34.16743017308281 	2.628263859467907	48.09002002420033	45.48475687763888	36.06751501687564	11.975779267914877	-16.03000667643292	0	13	132.8733395619887	0	1.1	1.1	20.193096825411963	-2.3461661220942602		dr
7.451193818011824	13.382672908890829 	-5.931479090879005	36.18918508497325	21.413898921777303	14.026255840179328	16.15167674198132	0	0	14	28.976864847823755	0	1.1	1.1	19.282960896311952	-2.6022599055788853		dr
33.546959570248845	31.31049559889892 	2.2364639713499237	40.07501668598387	37.48446055043721	32.128419531045424	8.136668936734182	-8.136669551038807	0	14	130.4603983287455	0	1.1	1.1	20.23389414124108	-2.2796783137836316		dr
50.18903729174147	46.843101472292055 	3.3459358194494158	72.19593613416276	65.49900018196064	52.30786915900785	12.083411107736183	-8.005228971684616	0	14	195.17958946788352	0	1.1	1.1	22.106090588147353	-1.928077430456566		dr
57.312075309355876	53.491270288732174 	3.820805020623702	64.12002669808403	61.49707267196862	56.18330801731426	4.080570779360613	-4.085786835733586	0	14	222.8802928697173	0	1.1	1.1	24.1770308658655	-1.5899078745106678		dr
54.22093350292141	50.60620460272664 	3.61472890019477	68.7056624336513	64.43281724515015	52.3078390294009	20.25146481311709	-7.751725825142927	0	14	210.85918584469437	0	1.1	1.1	25.846136567924162	-1.3007613870270325		dr
13.585799922555811	30.947086785183256 	-17.361286862627445	51.66744350583213	48.79366850707439	43.666660238800745	6.8030988059117234	-14.144123535629786	1	25	94.34583279552646	0	1.1	1.1	25.200855691852144	-2.146052201532317		dr
52.01462137025727	48.54697994557345 	3.467641424683819	59.732033106129926	59.000582314018914	49.43589573025288	9.635869152797127	-15.096279402916977	0	14	202.27908310655604	0	1.1	1.1	26.541543975772402	-1.8653675202215105		dr
40.410512809525244	39.521134500488 	0.8893783090372409	54.82117789226989	51.98934368474349	47.27007506016723	6.854486901389194	-17.707459778273417	0	15	168.37713670635517	0	1.1	1.1	27.201971063093964	-1.7341891473996651		dr
35.318807622956804	28.255046098365437 	7.063761524591367	52.09752169075934	40.339866982414584	34.46103962824222	31.841892146175915	-12.022505004775475	0	4	39.24311958106311	0	1.1	1.1	27.57091817945137	-1.3342822986728		dr
62.99431072345863	58.79469000856139 	4.199620714897243	76.37301804276588	72.29769450614423	64.18851949663355	7.987982598301116	-12.184499111372787	0	14	244.97787503567244	0	1.1	1.1	29.111065681364725	-1.0936778198219286		dr
66.54120790140654	62.105127374646095 	4.436080526760442	76.66011952780393	71.65454549006462	66.55941637460487	8.01500333821646	-8.015003340765674	0	14	258.7713640610254	0	1.1	1.1	30.670654940533137	-0.8632712220476632		dr
67.62745605789294	63.11895898736673 	4.508497070526211	73.10306851539244	71.6452811888333	68.54524671929343	4.7581334982788945	-7.9473574944234	0	14	262.99566244736144	0	1.1	1.1	32.148926985227526	-0.6484004903447083		dr
70.10453205255756	65.43089658238706 	4.673635470170495	88.36412599781207	81.35526827435952	69.30130128911429	24.24409930227725	-24.53681148652288	0	14	272.62873575994604	0	1.1	1.1	33.608757949355606	-0.44370679955566195		dr
79.54394451117497	74.24101487709663 	5.302929634078339	93.83170953198126	89.80787052853753	80.61352354623924	8.494770271757332	-14.394351776042441	0	14	309.3375619879027	0	1.1	1.1	35.31006115534892	-0.23086841312477302		dr
94.8969836102479	88.57051803623136 	6.326465574016538	98.74004375310024	97.87464223798251	95.06849102949198	7.085455339905948	-6.18158326647459	0	14	369.04382515096404	0	1.1	1.1	37.43816552873817	0.0033220864159880952		dr
106.31697037781582	99.22917235262808 	7.0877980251877375	120.55338137684423	117.71497291784033	104.1950433827933	23.64546782835724	-20.190645224791297	0	14	413.4548848026171	0	1.1	1.1	39.813296730430494	0.24761436016673807		dr
107.8993333426071	100.70604445309995 	7.193288889507144	118.61127468838838	113.10246227964383	106.82591709963303	5.00748172919657	-10.28350570883947	0	14	419.60851855458316	0	1.1	1.1	42.08283128416972	0.47913684447808497		dr
109.36707616426692	102.0759377533158 	7.29113841095112	116.97700804840565	115.38029517309154	109.21387376122314	8.534063898901607	-11.137249968486586	0	14	425.3164073054824	0	1.1	1.1	44.253290796430925	0.6988788304933442		dr
105.00554684948267	98.00517705951714 	7.000369789965532	116.06025754526179	114.7079327354884	104.67631712664976	11.355101734686144	-11.288110967568826	0	14	408.3549044146548	0	1.1	1.1	46.15179879808879	0.89580042297685		dr
121.52830275560447	113.42641590523088 	8.101886850373589	127.92684803060284	125.23606542138286	121.92133467067114	8.40929347251749	-5.1429266648169545	0	14	472.6100662717952	0	1.1	1.1	48.435935281649876	1.1141666783525086		dr
127.1354082245389	118.65971434290296 	8.475693881635948	131.38188665132046	130.563952098734	126.7269675033772	5.680716445637856	-5.669438557504478	0	14	494.4154764287624	0	1.1	1.1	50.75062566232308	1.3306821843314334		dr
129.81663384665532	121.16219159021169 	8.65444225644363	133.3563692560268	133.09425718294438	130.46069165168365	7.096519908239955	-5.1353619250935765	0	14	504.8424649592152	0	1.1	1.1	53.00965446758971	1.5399324721060677		dr
128.3572644459118	119.800113482851 	8.557150963060792	132.56901330770614	132.1240208430088	128.41163473691893	6.4285290275099385	-5.1552189544424465	0	14	499.16713951187916	0	1.1	1.1	55.10264363365422	1.734855207965921		dr
129.24889741417388	120.63230425322895 	8.61659316094493	136.82477386228265	132.68541346907134	130.40030032417653	6.209019903359945	-9.166151368481323	0	14	502.63460105512064	0	1.1	1.1	57.10659643853313	1.9208481256140024		dr
128.34610745783235	119.78970029397685 	8.556407163855496	133.57345122724067	131.70435125001404	127.81610436165462	5.91370314436729	-5.914687257794824	0	14	499.1237512249036	0	1.1	1.1	58.98132041272521	2.095468100304568		dr
127.84009741607606	119.31742425500433 	8.522673161071737	132.41461583271564	131.78747793831658	128.19368452469882	11.481287816446837	-9.442168678672914	0	14	497.1559343958513	0	1.1	1.1	60.74693007947779	2.2602682300678287		dr
127.5608386167348	119.05678270895245 	8.504055907782345	132.8913936898059	132.05742478642728	127.04365657553177	6.9900742412961705	-7.681247575792469	0	14	496.06992795396866	0	1.1	1.1	62.41727779290922	2.4163629220106917		dr
127.98350656142634	119.45127279066459 	8.53223377076175	131.8986265005053	130.2314589220509	128.4096556255401	5.853715242975312	-3.50086602138623	0	14	497.7136366277691	0	1.1	1.1	64.01645410433646	2.5655305036875466		dr
128.98298313702603	120.45461970463946 	8.52836343238657	134.29039260499871	131.94145858160456	128.18965042097642	3.3698055643268106	-6.822995334509983	0	16	573.2577028312268	0	1.1	1.1	65.56327622416241	2.7075027162756187		dr
129.38610216198745	103.50888172958994 	25.877220432397507	132.34883925590776	130.04449552413962	128.89232365825555	0.9875692788607845	-1.3167744529073577	0	12	431.28700720662476	0	1.1	1.1	67.04752799015834	3.246333360836593		dr
122.00291271664587	97.6023301733167 	24.400582543329165	124.46960470810083	122.50711431373588	121.5258691165534	0	-0.6582764485904752	0	12	406.6763757221529	0	1.1	1.1	68.29651400666943	3.727111751347788		dr
131.86314625393297	105.4905170031464 	26.372629250786574	135.3310427700985	132.68204251520538	131.35754238775883	0.3222852520648587	-0.9964237402970753	0	12	439.5438208464433	0	1.1	1.1	69.70910583438639	4.230345473557539		dr
135.4934021576566	112.62718971141373 	22.866212446242855	144.29187639643868	138.31780906913374	132.36850478197206	1.9996101224827498	0	0	14	526.9187861686645	0	1.1	1.1	71.13919923271834	4.635473016442003		dr
133.8820511808102	107.10564094464817 	26.776410236162036	137.44175034046236	135.36262814858796	134.32306705265074	0	-1.2983880592509252	0	12	446.27350393603405	0	1.1	1.1	72.47415352948626	5.106556787074344		dr
128.75228188157692	103.00182550526151 	25.750456376315412	129.2750921068829	128.9869751462422	128.84291666592182	0.408963339767278	-0.22669055644807182	0	12	429.1742729385897	0	1.1	1.1	73.64661453682147	5.536638028516866		dr
129.5154984011759	103.61239872094075 	25.903099680235158	130.61181019639739	129.96910252441032	129.64774868841678	0.6917029811426497	-0.5153692648214871	0	12	431.7183280039197	0	1.1	1.1	74.78679584017566	5.95228010304173		dr
129.10097009679043	103.28077607743235 	25.820194019358084	129.90245821632612	129.6281210771992	129.49095250763574	0.23160454723522625	-0.794313686920655	0	12	430.33656698930145	0	1.1	1.1	75.87307932530796	6.349638381368058		dr
128.1891058935082	102.55128471480657 	25.637821178701643	129.89946374614348	128.64481015929795	128.0174833658752	0.7938010323735843	-1.025823550001462	0	12	427.29701964502743	0	1.1	1.1	76.89888376782169	6.7278380440608725		dr
129.0597808432895	103.24782467463163 	25.811956168657872	129.89646918830235	129.29493913064843	128.99417410182144	0.040699003379851696	-0.3211145305168941	0	12	430.1992694776317	0	1.1	1.1	77.9019779423499	7.094840315687739		dr
129.7309914692095	103.78479317536762 	25.946198293841874	130.89151780572885	130.4716119978622	130.26165909392884	0.8439447202869464	-0.9910747534979075	0	12	432.43663823069835	0	1.1	1.1	78.87988385795103	7.450526315275552		dr
129.1918311352136	103.35346490817088 	25.838366227042712	131.01482442764424	129.8333555607979	129.24262112737472	1.2491888563945064	-0.4886143215021927	0	12	430.63943711737863	0	1.1	1.1	79.81158658530775	7.791041869197167		dr
129.2742412893659	103.4193930314927 	25.8548482578732	130.63953225783783	129.74482769881396	129.29747541930206	0.9256833989387493	-0.9057722668927491	0	12	430.9141376312196	0	1.1	1.1	80.71090757992698	8.11947471262764		dr
129.50130213486804	103.60104170789445 	25.90026042697359	130.70199291612226	129.9094319400632	129.5131514520337	0.8083600656132054	-0.1404488281671282	0	12	431.67100711622686	0	1.1	1.1	81.58216462555093	8.436988743240962		dr
129.1706174969163	103.33649399753304 	25.834123499383253	130.42306933089154	129.9859971241145	129.76746102072596	1.2328635718566356	-0.3135852269948695	0	12	430.5687249897209	0	1.1	1.1	82.41704976364507	8.742201633699597		dr
128.41903284422017	102.73522627537614 	25.683806568844034	129.62779086337477	129.04749396082573	128.75734550955121	0.5679102854457199	-1.018993839220433	0	12	428.06344281406723	0	1.1	1.1	83.21018740296532	9.034298270512432		dr
128.03880529490877	102.43104423592702 	25.60776105898175	130.59229289803804	129.186530022447	128.4836485846515	0	-1.0813448777685533	0	12	426.79601764969595	0	1.1	1.1	83.96999448587961	9.31520441946954		dr
127.55480294869098	102.04384235895279 	25.51096058973819	128.2610868139076	127.78684584198903	127.54972535602974	0.46747084837025454	-0.30916066009704934	0	12	425.1826764956366	0	1.1	1.1	84.6964079602598	9.585133688974016		dr
129.99232934216568	103.99386347373252 	25.998465868433158	131.94360272647978	130.57045452201245	129.8838804197788	0.7582246211541985	-0.6149235833131286	0	12	433.3077644738855	0	1.1	1.1	85.43896404848776	9.854204708309412		dr
129.95144131672754	115.80086750372672 	14.150573813000818	136.10707813846716	132.56933492409578	129.6277997216017	2.7341460836854026	-8.258039294852551	0	16	577.5619614076779	0	1.1	1.1	86.15690723023356	9.923500984191532		dr
130.09709312392084	104.07767449913668 	26.019418624784166	131.9375060949105	130.40557964287603	129.6396164168588	0.14861452393848631	-0.7585834666878762	0	12	433.65697707973607	0	1.1	1.1	86.85437049838733	10.178991740391416		dr
128.2468184465307	102.59745475722457 	25.649363689306142	129.16857816351055	128.56223145823478	128.25905810559686	0.4637068468314567	-0.44738730140992305	0	12	427.48939482176905	0	1.1	1.1	87.50112749757706	10.420716302093208		dr
128.8980265161299	103.11842121290393 	25.779605303225978	131.76971072638577	129.97378982253863	129.07582937061508	2.03299137649401	-1.0576101873885666	0	12	429.66008838709973	0	1.1	1.1	88.13800286709326	10.657006902110634		dr
130.38313663536388	104.30650930829113 	26.076627327072757	133.14923655392118	131.0501823237192	130.00065520861818	0.8556813270150864	-1.5890789945410309	0	12	434.610455451213	0	1.1	1.1	88.778080651461	10.890637514610061		dr
128.64122620268026	102.9129809621442 	25.728245240536054	133.34425560344587	129.65796699451334	127.81482269004708	2.40484256216259	-2.5844172587549488	0	12	428.80408734226756	0	1.1	1.1	89.37305297312099	11.112094346340298		dr
128.69173057558376	102.95338446046703 	25.738346115116727	132.9558206403852	130.0087638335231	128.53523543009203	0.7882556555080242	-1.7414807633761171	0	12	428.97243525194585	0	1.1	1.1	89.95126882021604	11.327186284116422		dr
129.3872429718636	103.50979437749086 	25.877448594372737	131.48107547202332	130.25103169102024	129.6360098005187	1.3791067074129444	-1.047417602539421	0	12	431.29080990621196	0	1.1	1.1	90.5228046774863	11.538059650931732		dr
128.76783039296018	107.30652532746682 	21.461305065493363	131.29756986260426	129.706801561219	128.4498246965581	0.6572280206527333	-1.3267162146655902	0	15	536.532626637334	0	1.1	1.1	91.06916218770736	11.679820299711183		dr
130.17266507119518	104.13813205695615 	26.03453301423903	132.33022729293376	130.69154820398703	129.87220865951366	1.0019814585278084	-0.36528382810888615	0	12	433.9088835706506	0	1.1	1.1	91.61991574944663	11.881999352028476		dr
139.82191781841811	111.85753425473449 	27.964383563683626	144.28564248431002	141.64212403302085	140.32036480737625	0	-2.040567069147168	0	12	466.07305939472707	0	1.1	1.1	92.28938800040457	12.105365799412576		dr
128.63371300805406	102.90697040644322 	25.726742601610837	129.50934689453229	129.0613086949584	128.83728959517146	0.6459802389935163	-0.3010513794333747	0	12	428.77904336018014	0	1.1	1.1	92.78725546626278	12.291960002182416		dr
128.24330944124702	102.59464755299761 	25.648661888249407	129.43301834306646	128.503630678184	128.03893684574277	0.6568908708767793	-0.3284997283879818	0	12	427.47769813749005	0	1.1	1.1	93.26639133078959	12.472455973615753		dr
130.3113571104742	104.24908568837937 	26.062271422094838	132.28115903061016	131.3107984569219	130.82561817007775	0.31275414704759896	-1.3272387731726525	0	12	434.3711903682473	0	1.1	1.1	93.76032420785205	12.653653512928807		dr
129.09929274652004	103.279434197216 	25.81985854930403	130.6638747349038	129.59939980027892	129.0671623329665	0.4818812314821628	-1.0216343832201649	0	12	430.33097582173343	0	1.1	1.1	94.22531063599243	12.826893052881113		dr
128.0890170440987	102.47121363527894 	25.617803408819768	130.33430311270828	128.33869741726025	127.3408945695362	0.9981090626980725	-0.0002041437295616788	0	12	426.96339014699566	0	1.1	1.1	94.6650990309029	12.993008771789407		dr
128.9586634479251	120.36141921806343 	8.597244229861658	134.1195506269368	133.28714883049443	128.7288060671114	5.348923101901619	-9.567530394717892	0	14	501.5059134085976	0	1.1	1.1	95.1047601131724	12.936652816123667		dr
127.70020735019398	118.4759467188629 	9.224260631331077	134.15136804049075	131.7218869781523	126.6149284017554	8.235875214943988	-5.919556739316988	0	14	496.6119174729766	0	1.1	1.1	95.51736071110939	12.889660509987051		dr
129.8476048632668	121.19109787238237 	8.656506990884438	138.28493110763472	133.94377369964218	130.2413397891925	10.75489679098014	-13.356991753861308	0	14	504.96290780159313	0	1.1	1.1	95.94648876301136	12.83674609099827		dr
126.240062798248	117.82405861169815 	8.416004186549856	132.05044987532057	131.07381346559586	127.220288547523	12.540483792609464	-8.465373224500738	0	14	490.9335775487422	0	1.1	1.1	96.32048350418712	12.782169030449523		dr
97.30273915466911	90.81588987769116 	6.486849276977949	115.43974223906734	113.46641331535103	96.1998005240738	2.959993858973931	-8.879981591982983	0	14	378.39954115704654	0	1.1	1.1	96.33246223163202	12.705396838334016		dr
89.30723930690117	83.35342335310773 	5.953815953793438	100.95852618709469	98.88219039895051	91.93459483829785	3.641500653882318	-6.561553709092863	0	14	347.30593063794896	0	1.1	1.1	96.24782099157503	12.624052490327504		dr
53.049715662894194	49.51306795203458 	3.5366477108596115	69.94198632486071	67.4626188748032	50.83500554337339	2.9035689520749983	-12.481027878378768	0	14	206.30444980014408	0	1.1	1.1	95.73355783290026	12.515869100095742		dr
45.10297321863756	41.381721669206556 	3.7212515494310026	53.55100667260371	52.915687225286455	45.11483198285975	10.65738658761618	-9.942981254120372	0	14	175.40045140581273	0	1.1	1.1	95.13790389626188	12.412403011264391		dr
52.38405089902072	48.891780839086 	3.492270059934718	84.15753503597753	69.69163860565403	49.612334477787975	32.06001334521819	-23.972174998011987	0	14	203.7157534961917	0	1.1	1.1	94.64076607071256	12.30868053508614		dr
74.90346924140151	69.90990462530807 	4.993564616093437	82.09407963414058	79.0763918873066	74.67045511922356	4.526552536842303	-7.042310178627716	0	14	291.29126927211695	0	1.1	1.1	94.41390058991588	12.224598742913809		dr
76.90998358910079	71.78265134982738 	5.127332239273414	90.22780548209673	88.13510331419167	75.05159177022597	7.667178561407312	-3.82403791441898	0	14	299.0943806242808	0	1.1	1.1	94.21499244217935	12.143947987190622		dr
114.6749468721255	107.02995041398383 	7.6449964581416765	132.7259126552403	129.56621295428315	116.89010834052881	9.763137669346307	-7.2573143285390955	0	14	445.9581267249325	0	1.1	1.1	94.44487957060572	12.093397970010296		dr
130.17162167095498	121.493513559558 	8.67810811139698	140.26027105570327	135.66407836112867	129.10615424442338	11.153943144441058	-12.415387742935707	0	14	506.22297316482496	0	1.1	1.1	94.84184337172073	12.055450304914594		dr
129.71082048506585	119.97234710626743 	9.738473378798417	134.00420161201538	133.15045250728795	129.10399603925194	4.634631662581597	-5.537143077936889	0	14	504.4309685530339	0	1.1	1.1	95.22501894439485	12.029989020012218		dr
128.33598067339187	119.7802486284991 	8.555732044892778	131.92373273895004	131.27544838446298	128.63001742332415	5.988017487839514	-3.9388520028667386	0	14	499.0843692854129	0	1.1	1.1	95.58492070231873	11.99222535723918		dr
125.76224903247436	117.37809909697606 	8.3841499354983	128.78508440515984	128.51271212937314	124.37341396852239	4.108731819819198	-8.115060247867788	0	14	489.0754129040669	0	1.1	1.1	95.90940810371825	11.953428847327988		dr
122.58349281909545	114.41125996448908 	8.172232854606378	128.37649050435283	127.00802133176391	122.31918095400479	8.15584780298056	-4.153038127268445	0	14	476.7135831853712	0	1.1	1.1	96.19317496239248	11.913203358043715		dr
128.00560466886208	119.47189769093796 	8.533706977924112	132.2806421817194	130.96822231818422	128.2741733382431	7.907264125862341	-7.97978431848037	0	14	497.7995737122414	0	1.1	1.1	96.52804264351322	11.877629711937193		dr
131.17709712368625	122.43195731544051 	8.745139808245739	133.8588257485081	133.1586291549619	132.37983555062672	12.810641276499666	-12.283543244844736	0	14	510.1331554810021	0	1.1	1.1	96.88897029434834	11.84499960877374		dr
131.01944071950211	122.28481133820202 	8.734629381300095	137.7247175794447	135.36543626076823	131.60741182413219	8.520685747506406	-7.393862119289551	0	14	509.52004724250827	0	1.1	1.1	97.24083081419528	11.812933936325557		dr
130.28281856037887	121.59729732302027 	8.6855212373586	133.1950544701781	133.05614023639228	131.05481506359365	7.698326400501358	-3.410161296100412	0	14	506.6554055125845	0	1.1	1.1	97.57799395446247	11.781021561846304		dr
129.42536357608552	120.79700600434649 	8.62835757173903	133.07173031840324	132.27846589290664	129.23388479345718	7.948216323587971	-4.797578646063073	0	14	503.3208583514436	0	1.1	1.1	97.89968455670108	11.74917647103714		dr
130.8333495519084	122.11112624844782 	8.722223303460595	136.38336223331092	134.55803867449643	130.40414807443383	6.921616174457313	-7.939307876024202	0	14	508.79635936853265	0	1.1	1.1	98.22902120665316	11.718906939361375		dr
132.3503226786556	123.5269678334119 	8.8233548452437	140.26255839839433	137.61228096426444	132.3301720060013	8.01299824364915	-7.981948056042739	0	14	514.6956993058828	0	1.1	1.1	98.56685587469279	11.69023810674635		dr
129.1324373994217	120.52360823946024 	8.608829159961445	136.28713640100764	133.6381339227687	128.37632853326545	8.049089221821703	-12.022505009873896	0	14	502.181700997751	0	1.1	1.1	98.86651843866072	11.660028215111204		dr
120.53093797401651	112.4955421090821 	8.035395864934415	136.2550567318353	132.30399440324322	120.24322530398061	8.048050439186426	-12.022505007324668	0	14	468.73142545450867	0	1.1	1.1	99.07685260890688	11.624837609769681		dr
111.68223886762166	104.2367562764469 	7.445482591174766	120.2250500579516	114.98550421340867	112.21004672228436	7.9760635087484815	-8.015003335667245	0	14	434.3198178185287	0	1.1	1.1	99.19805824600991	11.584651503821654		dr
105.94275184104994	98.8799017183133 	7.062850122736634	112.21004671973515	110.88767226828615	106.21975852494009	8.05538165042843	-12.022505004775454	0	14	411.999590492972	0	1.1	1.1	99.26229342310552	11.5415867287637		dr
106.2408544306061	99.15813080189903 	7.082723628707072	120.2250500579516	114.93359472991055	104.23696852385223	12.022505004775468	-15.98808099163196	0	14	413.15887834124595	0	1.1	1.1	99.32812890430836	11.49952198253675		dr
108.71524177410004	101.38843238221784 	7.326809391882193	119.59758809618802	115.69519053550937	109.56000072346349	9.530459797480262	-10.03758737272453	0	14	422.7814957881668	0	1.1	1.1	99.41585893112884	11.4605246686054		dr
77.92121048859892	72.72646312269232 	5.1947473659065935	102.2815919183761	98.2656417626169	74.10255311250181	6.609106605517141	-18.59227062446753	0	14	303.02692967788465	0	1.1	1.1	99.21683440851282	11.40250821209893		dr
84.41291246975089	78.7853849717675 	5.627527497983394	108.36388594522768	101.94480768700646	81.0304179603428	16.00199915133095	-8.520766767237589	0	14	328.27243738236456	0	1.1	1.1	99.0810186109095	11.349526737657504		dr
107.63563236232078	99.90687914450989 	7.72875321781089	120.2613699271541	116.22965501191088	104.19504338661712	16.0244207205551	-16.066326543086205	0	14	418.58301474235856	0	1.1	1.1	99.15878782683141	11.316610614749807		dr
102.93058739099618	96.06854823159642 	6.862039159399757	109.64584625330045	109.48005597237437	102.00092044094146	10.086007309330839	-14.291179847512694	0	14	400.2856176316518	0	1.1	1.1	99.19276800308515	11.276479340377284		dr
107.55403698913328	100.38376785652441 	7.1702691326088654	120.27122337831968	116.53388672701738	107.49235784319629	11.54016140484076	-8.057907212032148	0	14	418.26569940218496	0	1.1	1.1	99.26742219046058	11.239816749236494		dr
121.5827383466433	113.47722245686707 	8.105515889776228	130.35110806493185	129.50741900933625	125.0994106174656	8.634815507088078	-4.3434498439299745	0	14	472.82176023694615	0	1.1	1.1	99.4649028644091	11.212079573489058		dr
128.54838600964592	119.97849360900288 	8.569892400643042	133.91362132896975	132.69431091175272	128.633808862036	9.105237292213445	-5.11723172605393	0	14	499.9103900375119	0	1.1	1.1	99.72002113761295	11.188902493025497		dr
128.5954421871547	120.02241270801106 	8.573029479143642	133.93536083683566	133.69490982335182	129.32109568600188	11.726563178230407	-12.782531301464218	0	14	500.0933862833794	0	1.1	1.1	99.97111175543503	11.166155771165654		dr
131.37495255205602	122.61662238191899 	8.758330170137029	150.38556680516893	141.2372128488441	130.26357775648853	17.172749441624944	-20.122383291350985	0	14	510.90259325799565	0	1.1	1.1	100.24183452092315	11.145398653915406		dr
128.85436993451358	120.26407860554605 	8.590291328967538	133.0311432700854	131.53410873050396	127.6286447134733	5.717615068166651	-3.1385640867322167	0	14	501.10032752310843	0	1.1	1.1	100.48638610565469	11.123560129770553		dr
128.95247362290203	120.35564204804191 	8.596831574860119	133.51278536712522	133.41222333793814	127.62768395585967	5.898542952354944	-6.199703250221205	0	14	501.48184186684125	0	1.1	1.1	100.72762413546187	11.10214717591538		dr
130.0917318217219	121.41894970027374 	8.672782121448165	142.73677424542694	135.64895387065494	130.4151291031149	12.167707986015728	-15.424847902655785	0	14	505.9122904178074	0	1.1	1.1	100.97438134290942	11.081732343524898		dr
129.2079839966246	120.59411839684964 	8.613865599774954	136.86525097580343	134.62900336150145	130.2601643675927	12.180347524754225	-11.730488840600273	0	14	502.47549332020674	0	1.1	1.1	101.20966136502372	11.061166787326982		dr
125.82447701349277	117.43617854592658 	8.388298467566187	130.56782417432328	130.40322819079537	125.7099344494642	6.168211455237071	-9.117092301926036	0	14	489.3174106080274	0	1.1	1.1	101.41308959352347	11.039076966502513		dr
124.57248644329222	116.26765401373942 	8.304832429552803	127.62529718520206	127.52008352815994	124.52257590086361	8.507090150807386	-9.160601384174655	0	14	484.4485583905809	0	1.1	1.1	101.60292071524289	11.016665126035713		dr
119.08004003638096	111.14137070062223 	7.938669335758732	128.62777815451776	125.19611954109939	120.88074936055656	8.792970647715848	-5.9096356534267045	0	14	463.08904458592593	0	1.1	1.1	101.74501111622774	10.9916407700172		dr
128.09768056628596	119.55783519520023 	8.539845371085732	134.59677163273426	132.78385000240033	128.38551515867672	7.005170599744645	-5.96323014009451	0	14	498.1576466466676	0	1.1	1.1	101.9575326440508	10.971868226477431		dr
132.63135518012643	123.7892648347847 	8.842090345341731	137.9015302673899	137.14340124326014	132.8534725655308	7.731591444246533	-8.63872454110907	0	14	515.7886034782695	0	1.1	1.1	102.2029232243394	10.954830003428345		dr
127.69607700972152	119.18300520907339 	8.513071800648135	133.5172957163449	132.485309106026	128.5573319483551	7.543608141337145	-9.717151982270693	0	14	496.59585503780585	0	1.1	1.1	102.40524984168371	10.935450970072946		dr
124.3494876873838	115.16313127514002 	9.186356412243782	130.08594110132887	129.57304634153738	122.80456066261938	11.210579681154087	-11.820382560946825	0	14	483.5813410064926	0	1.1	1.1	102.5780391160593	10.921678571979804		dr
126.28863888784602	117.86939629532296 	8.419242592523062	133.03932505155967	131.02900459435634	127.10043268612392	8.79899134772269	-8.865274168344115	0	14	491.12248456384566	0	1.1	1.1	102.7632781767764	10.902128290890298		dr
124.78347450153039	116.4645762014284 	8.318898300101992	130.02381318403167	128.15892630870619	124.17828239232398	8.797334625245341	-8.865258569974486	0	14	485.26906750595157	0	1.1	1.1	102.93397737309232	10.882103252202016		dr
123.80471509572305	115.55106742267486 	8.253647673048192	133.01494628198554	130.1750373946131	122.40981103855825	10.211092722020396	-6.5195040935544455	0	14	481.4627809278119	0	1.1	1.1	103.09452150942025	10.861884363131603		dr
115.0998136779179	107.42649276605671 	7.6733209118611825	128.9265329390342	122.46058759377057	115.13003696571332	9.698571379686825	-22.178113220319474	0	14	447.61038652523627	0	1.1	1.1	103.18616496108817	10.83754418411427		dr
113.98460867568294	105.64745463742723 	8.337154038255704	124.17220352250507	122.34364656472262	112.32649053926711	6.482626829582813	-4.047986217323654	0	14	443.2734781832114	0	1.1	1.1	103.26797135286539	10.818601834524433		dr
116.43294512860221	108.6707487866954 	7.762196341906815	131.87994292400327	124.69495273383825	115.55534310090184	8.465381134893988	-14.218209940834399	0	14	452.79478661123085	0	1.1	1.1	103.3669561180965	10.795621342098737		dr
112.87669462478418	105.35158164979855 	7.525112974985632	122.23666828458522	119.30241851329932	112.50780119461788	7.189125300293	-7.9843961800654455	0	14	438.96492354082733	0	1.1	1.1	103.4379243159076	10.771214563239685		dr
72.63324689374564	67.79103043416258 	4.842216459583057	107.02197119157361	99.74266831076858	69.32474516556125	3.8554501345816234	-16.8078553956274	0	14	282.4626268090108	0	1.1	1.1	103.20974152018788	10.727296058768154		dr
42.42856422989387	39.59999328123427 	2.8285709486596033	56.44477267982244	51.055408664592555	42.49472726235527	12.516082092714242	-13.598443892404482	0	14	164.99997200514284	0	1.1	1.1	102.76282109893572	10.669217197664416		dr
67.58022339274935	63.074875166566066 	4.50534822618328	100.23111510898197	84.17205950320086	64.15405947702092	28.09608507523069	-12.022505002226254	0	14	262.8119798606919	0	1.1	1.1	102.50601381640881	10.624225453347035		dr
83.68560601089278	78.1065656101666 	5.579040400726186	92.36182602941295	92.25141952538962	84.28710038623731	23.980948920504744	-16.017813273153763	0	14	325.44402337569414	0	1.1	1.1	102.36963404970219	10.587666141371521		dr
75.6068330681537	70.56637753027681 	5.040455537876895	84.15753504107597	82.89423253040945	78.17494085939023	3.950185742264125	-8.083052648323218	0	14	294.02657304281996	0	1.1	1.1	102.17709591314427	10.547758151418323		dr
11.024760063632828	20.901922747849188 	-9.87716268421636	40.18380434399688	34.76794368069364	28.052511679933787	4.0075016665590155	-22.38532052470683	1	19	58.186233669173255	0	1.1	1.1	101.52600779993348	10.401865859735219		dr
32.15703617823102	24.117777133673265 	8.039259044557753	36.06751501687564	32.157036178231024	32.1958918885412	3.9881902592649645	0	0	3	26.79753014852585	0	1.1	1.1	101.03402927779373	10.385109783031831		dr
58.190004080238914	54.31067047488966 	3.8793336053492524	68.12752836719226	66.81437563516097	60.257415841393815	11.92358741520178	-12.022505004775468	0	14	226.29446031204023	0	1.1	1.1	100.73231079048702	10.339294457836884		dr
72.45237011120393	67.62221210379035 	4.830158007413587	84.15753504107597	80.1691347852144	72.13503003375128	8.008267290434645	-8.015003340765688	0	14	281.7592170991264	0	1.1	1.1	100.53454896755497	10.300769028113644		dr
80.4785250109904	74.89664768688945 	5.581877324100944	88.16503670763497	85.57971396126088	80.20446816984688	7.960568537788092	-4.004911494940231	0	14	312.9720417094071	0	1.1	1.1	100.39527102341216	10.267998946835778		dr
79.60121219601719	74.2944647162827 	5.306747479734483	88.21452350975011	86.8629787014832	80.17724842211032	8.064490137782357	-8.07902963912057	0	14	309.560269651178	0	1.1	1.1	100.25186372115428	10.233783419476458		dr
25.208334611190125	28.01212643256297 	-2.803791821372844	56.41529183701551	46.85760895936382	32.06001335031662	8.015003335667245	-18.169584787368134	0	15	105.03472754662552	0	1.1	1.1	99.7378669464285	10.144484958922696		dr
53.286489812193174	49.73405715804698 	3.5524326541461946	76.37142018392825	74.96351455499381	58.108774194421684	15.957458622890307	-20.037508340442713	0	14	207.225238158529	0	1.1	1.1	99.42187118361056	10.099641065692923		dr
74.1730112888279	69.22814386957269 	4.944867419255203	88.36278052803873	82.96010430826077	76.1425317015849	16.030006676432933	-16.030006676432933	0	14	288.45059945655294	0	1.1	1.1	99.25127077891608	10.064811514027804		dr
80.23365510449875	74.50768078101635 	5.725974323482404	84.36464698455308	84.26112262778274	80.16364052875386	8.009551496896464	-4.201006455799217	0	14	312.0197698508285	0	1.1	1.1	99.1236357743898	10.03569180133958		dr
83.37271119759565	77.81453045108925 	5.558180746506395	88.36274209967368	88.26391564175282	84.18344520783185	12.162936887275023	-4.004640331737022	0	14	324.22721021287197	0	1.1	1.1	99.0186296105445	10.005841727640693		dr
81.14737461368034	74.36449730720008 	6.782877306480259	88.17740498424304	86.90234835022913	80.15003337196775	8.027371612275289	-12.022505007324682	0	13	293.03218610495674	0	1.1	1.1	98.90027692844606	9.984497592401219		dr
85.2368068122445	79.34502531473012 	5.891781497514373	92.21984837434678	89.64841107124805	84.36459488194527	4.615299330677544	-7.855253492401516	0	14	331.47647093650636	0	1.1	1.1	98.81038567768158	9.957571828619068		dr
83.86411211039267	78.27317130303315 	5.590940807359516	92.59741798566161	88.60973263614652	84.36456638207417	8.164783969440293	-8.422874593833242	0	14	326.13821376263814	0	1.1	1.1	98.71269761515028	9.929031756584694		dr
85.72708048500635	80.01194178600595 	5.715138699000406	88.36265873038381	88.36265734066087	88.21448337019896	4.005148089467838	-8.010061939623114	0	14	333.3830907750247	0	1.1	1.1	98.6283754259935	9.901668814652327		dr
89.16161626666468	82.42730134410724 	6.734314922557445	94.28040891580419	93.0797611134152	88.21447982466967	7.847134741590892	-7.847135406519314	0	14	346.7396188148071	0	1.1	1.1	98.56729956044944	9.881234273413005		dr
84.4988886645305	78.86562942022849 	5.63325924430201	92.21982894597251	90.86894677064599	84.20932281850102	16.030006678982147	-8.064439617254507	0	14	328.6067892509519	0	1.1	1.1	98.47711743932174	9.854003664252037		dr
80.22879354766538	74.88020731115435 	5.348586236511025	88.60891612227533	87.01090103491141	80.15003337196775	12.014705265822698	-8.066787993874428	0	14	312.00086379647644	0	1.1	1.1	98.36088607695451	9.825306737960693		dr
75.9027956469906	70.84260927052456 	5.060186376466035	88.36258680127285	85.59373995094573	76.1997568470997	20.17110318684533	-16.01783341008465	0	14	295.17753862718564	0	1.1	1.1	98.21874626410664	9.79514774833098		dr
76.77375952056161	71.6555088858575 	5.118250634704111	96.18004004585144	89.53460301989186	76.17272954940644	16.03000667643292	-20.022984917967648	0	14	298.5646203577396	0	1.1	1.1	98.08387213364409	9.765733301075464		dr
79.65301355032959	74.34281264697428 	5.310200903355309	92.59710936686604	89.70537603907069	78.17489019319426	12.157090932751103	-12.229869072420172	0	14	309.76171936239285	0	1.1	1.1	97.96867926749837	9.737886223589713		dr
82.52690538509607	77.02511169275634 	5.5017936923397315	92.2198031296228	89.51662551496425	84.15753504107597	12.932791101557072	-24.045010009550936	0	14	320.93796538648473	0	1.1	1.1	97.87276762847723	9.711575089855241		dr
83.08920432368514	77.54992403543946 	5.539280288245678	96.18004004585144	92.1890086845308	84.18341487865513	20.037508345541156	-23.98463125984175	0	14	323.12468348099776	0	1.1	1.1	97.78151106486742	9.685820183672467		dr
71.3398830160858	75.34929127343297 	-4.009408257347161	92.2197961515339	89.53309163848519	80.36718511092418	15.969633453620048	-20.08476611778262	0	58	1149.364781925827	0	1.1	1.1	97.61929248788103	9.601800377285842		dr
5.175507455006563	8.42615699534001 	-3.2506495403334474	48.527760433611135	18.847587923092792	3.2239184323303522	4.007501666559015	-48.527760433611135	0	15	21.564614395860676	7	1	0	97.05561087182691	9.52343178022719		dr
48.400881947765455	44.94367609435363 	3.4572058534118284	60.87096284839612	59.830811206821956	51.24694596413419	7.680512796885232	-5.951523622739458	0	13	174.78096258915303	7	1	0	96.7607337268326	9.486666774610127		dr
79.0831604246994	73.81094972971945 	5.272210694979947	96.78223388885685	93.70441119028193	75.46802765755407	10.1260427797408	-2.5263558366665677	0	14	307.545623873831	7	1	0	96.65424232139807	9.4612784849738		dr
92.8843782297687	86.69208634778413 	6.192291881984573	100.57798477583505	98.43756651789136	92.76108327267576	7.981197896910189	-12.41294806820008	0	14	361.2170264491005	7	1	0	96.63166828492125	9.44170371489602		dr
85.50618590821874	79.80577351433747 	5.700412393881265	98.37342989026435	94.20825746674949	84.32266725572836	15.604097011465214	-13.392075284779295	0	14	332.52405630973954	7	1	0	96.5654451755361	9.419434123699505		dr
44.26961417640168	42.98148863999364 	1.2881255364080388	80.15003337196775	68.246494415367	48.180473993473605	15.813882816731489	-23.263467806547766	0	14	172.15961068600654	7	1	0	96.25600238855897	9.371319871703697		dr
24.389398859763514	25.89946464286224 	-1.510065783098728	56.10502335731836	45.45123717633789	28.129900206576284	16.128661478709734	-8.015003340765677	0	13	88.07282921581269	7	1	0	95.83325766191899	9.307311720793095		dr
55.56909097615347	51.864484911076595 	3.7046060650768737	64.1878870979104	61.567312501225054	56.10502335986757	12.022505004775475	-8.092549982126975	0	14	216.10202046281904	7	1	0	95.59779469884434	9.27454736023335		dr
73.98677253860795	69.0543210360341 	4.932451502573855	80.20432824834836	77.97050364066136	76.14253170285951	8.015003343314888	-3.8334529300425544	0	14	287.72633765014206	7	1	0	95.47214922116855	9.249302616874866		dr
77.43354407944406	72.27130780748112 	5.162236271962939	84.36418134691303	82.8905832507697	76.28527110031928	8.015003330568817	-7.708852043922718	0	14	301.130449197838	7	1	0	95.36787982728576	9.225677955921617		dr
75.35371995519873	70.33013862485214 	5.0235813303465875	80.15003337196775	78.98511725606774	76.14253170285951	7.954689406867672	-7.954691974522916	0	14	293.0422442702172	7	1	0	95.2528559199749	9.201527975314864		dr
77.17245434549116	72.02762405579175 	5.144830289699414	84.62167161768478	81.78518408086138	76.2852415776099	8.250855032802505	-8.250857958651949	0	14	300.11510023246564	7	1	0	95.14953933954929	9.178346845682777		dr
40.05299407631047	37.3827944712231 	2.670199605087369	72.13503003375128	62.784192807531554	37.11893254369547	4.00750166910823	-12.022505004775475	0	14	155.76164363009627	7	1	0	94.83649078691725	9.141368736361212		dr
41.84873370537162	40.96933786482689 	0.8793958405447313	58.01162722385441	56.496550777693386	44.96217728090152	13.53600914579156	-9.829103985213848	0	13	151.1204272693975	7	1	0	94.53712492769948	9.094690923390496		dr
69.26781787214931	64.64996334733937 	4.6178545248099425	76.26953416240585	74.25185838890873	69.99012176923738	8.310128456224462	-4.764773478103237	0	14	269.37484728058064	7	1	0	94.39516252851101	9.069540157106337		dr
74.74485622422155	69.76186580927346 	4.982990414948091	84.62545838778391	82.49851096633488	73.9801621668121	9.933795110375542	-12.953258229403744	0	14	290.6744408719727	7	1	0	94.285384281001	9.046710270278636		dr
52.46122651541134	48.963811414383905 	3.4974151010274355	72.31124384430599	70.42358891615935	49.21726297145194	8.375529639598213	-14.012256760559403	0	14	204.01588089326634	7	1	0	94.05302784896995	9.015880852671685		dr
44.538945311227174	41.5696822904787 	2.969263020748471	67.84475733719819	65.87824263030481	40.74012363135317	11.799088230104104	-16.03000667643292	0	14	173.20700954366123	7	1	0	93.77946938191059	8.982474124318518		dr
85.86592709142622	80.14153195199783 	5.724395139428381	100.61184519561715	96.52237478651877	87.20547420205435	12.118811287522021	-8.931764774140603	0	14	333.92304979999085	7	1	0	93.73598838031451	8.964572591434507		dr
90.22868200826527	84.21343654104757 	6.015245467217696	94.47747315717028	93.49513171696657	91.4426255755205	8.93431688961536	-5.987308176444927	0	14	350.8893189210316	7	1	0	93.71682277172408	8.94845604977212		dr
85.64251454116105	79.9330135717503 	5.709500969410755	91.53036180108872	90.638552416689	85.54308074835993	11.785078926260766	-11.7851073050075	0	14	333.0542232156263	7	1	0	93.67294066177536	8.930853033031026		dr
74.02337038868495	69.0884790294393 	4.934891359245654	79.74415288664098	78.83294353869367	73.74388717246609	6.008314705375156	-11.89978757651977	0	14	287.8686626226637	7	1	0	93.56672676840729	8.909253240199753		dr
34.68155352163033	41.3673763456972 	-6.685822824066875	73.85262092712048	70.87153389199993	44.427379181756145	6.146041873338124	-14.929871659223725	0	15	144.50647300679302	7	1	0	93.25013981546763	8.825408745230579		dr
51.66028427298933	48.216265321456696 	3.444018951532634	71.2460940636883	67.05280713869266	56.40182956833077	11.958870517158665	-3.348630837015257	0	14	200.9011055060696	7	1	0	93.02773417085544	8.796631259702782		dr
74.47629206525073	69.51120592756735 	4.965086137683386	79.64292515650808	77.85057475754665	73.85231953536886	6.008285894842928	-8.849221005363546	0	14	289.6300246981973	7	1	0	92.92905628731499	8.776250700543104		dr
84.18446144470784	78.57216401506064 	5.6122974296471995	88.58282840786292	88.55253712155434	84.26141072851615	5.899475934316783	-8.748454258448831	0	14	327.3840167294194	7	1	0	92.88278858973506	8.7595102070463		dr
91.30765411150702	85.22047717073991 	6.087176940767108	100.29078507543322	98.35179319507125	91.44164218864834	11.88136885013951	-8.849188339813011	0	14	355.08532154474955	7	1	0	92.8744984082707	8.745445295118515		dr
108.45433512318286	101.22404611497068 	7.230289008212182	116.26387259460688	115.04302195632225	109.35532462214388	7.314626598713616	-5.040480422262661	0	14	421.7668588123778	7	1	0	92.95606823400324	8.737512539689686		dr
109.26222367115446	101.97807542641083 	7.284148244743633	116.56984616975983	115.13395276186299	109.05886134524128	6.921137075372613	-5.883303236171173	0	14	424.9086476100451	7	1	0	93.04099612690506	8.729942933986841		dr
105.51967961400382	98.48503430640356 	7.0346453076002575	115.0853439278822	113.00069940026503	103.55994288258947	11.120081255407527	-14.018577266419456	0	14	410.3543096100148	7	1	0	93.10565251802993	8.721159008461521		dr
107.75551609939167	100.41013427534423 	7.345381824047436	118.03582691193772	114.3615731278591	108.06579861846073	9.970858267337135	-5.31533001487378	0	14	419.049229275412	7	1	0	93.1811672787586	8.714067373490316		dr
108.61806238812005	101.37685822891201 	7.2412041592080385	121.52033957819496	116.8435020103941	108.3257784845529	11.880365609477352	-13.157141539026611	0	14	422.4035759538002	7	1	0	93.26033084342198	8.706514228801689		dr
107.95866852106788	100.48125484265964 	7.47741367840824	116.93789714291464	114.46528733054369	107.13073609213156	9.602038106155817	-11.072723961624476	0	14	419.83926647081955	7	1	0	93.33532236218548	8.700243307626213		dr
122.65285079460165	114.47599407496155 	8.1768567196401	130.95743444735257	130.1743841468618	122.51776901429238	16.294388112376495	-14.510898007517724	0	14	476.9833086456731	7	1	0	93.48414230346678	8.697586522915623		dr
127.34985324192101	118.85986302579295 	8.489990216128064	137.05031960677974	133.4077144688637	128.04051557591532	10.5981636600536	-20.177006003249687	0	14	495.24942927413724	7	1	0	93.6551812476004	8.696538056719726		dr
129.3867045436057	120.76092424069864 	8.62578030290706	140.26255840094353	135.19150825759138	129.3834755519124	11.886997047206023	-10.514411774772242	0	14	503.17051766957763	7	1	0	93.83473664104766	8.696182490117652		dr
130.92477560802772	122.19645723415917 	8.728318373868547	136.38258665706084	136.30819659079137	132.2475550627271	11.986361547603039	-11.708054704496163	0	14	509.15190514232995	7	1	0	94.02018683588255	8.696343169536405		dr
129.7322565386701	121.08343943609209 	8.648817102578008	136.38256510943998	135.01614109312806	132.2475550614525	11.906921441949521	-15.880543358243472	0	14	504.51433098371706	7	1	0	94.19785882445365	8.696106721442085		dr
128.85159046077047	120.26148443005243 	8.590106030718033	132.28040335239254	132.28040243198532	128.32471161499478	7.908041362797661	-11.986371744983558	0	14	501.0895184585518	7	1	0	94.3694119513661	8.695581965547412		dr
129.99249874410356	121.32633216116332 	8.666166582940235	144.7510075335215	139.14707167552558	129.06462203696745	19.647358827658522	-14.861799983712842	0	14	505.52638400484716	7	1	0	94.54489513753722	8.695437062184816		dr
129.1969375813168	120.58380840922902 	8.613129172087781	138.81288960805125	136.00917659525294	129.67132144743644	12.878968370437804	-12.879003698073205	0	14	502.4325350384542	7	1	0	94.71475809069301	8.695033592135319		dr
130.0144467130383	121.34681693216906 	8.667629780869234	137.80798142202931	135.16722379800328	129.45339694957872	3.97105201478621	-8.354541353697897	0	14	505.61173721737106	7	1	0	94.88695169372885	8.694899915007193		dr
130.40435398444507	121.38501876251858 	9.019335221926482	145.02053108860568	139.38899507099347	128.27390479090369	20.648251398667043	-20.47381864830868	0	14	507.1280432728419	7	1	0	95.05936626795562	8.696474843681557		dr
130.81888341413818	122.09762451986231 	8.721258894275877	136.2550567318353	136.2550567318353	132.2475550614525	16.030006671334476	-16.030006673883705	0	14	508.74010216609287	7	1	0	95.23211755851689	8.696594573394574		dr
127.69246291869207	119.17963205744591 	8.512830861246158	136.28691102154036	134.92984093870092	128.24005339489344	8.015003338216474	-16.0257610065093	0	14	496.581800239358	7	1	0	95.38817691121002	8.695711094009244		dr
131.32311689563227	122.56824243592342 	8.754874459708844	137.04902879184286	136.3572979970913	131.24353399693973	9.040863726292542	-11.70727563965194	0	14	510.701010149681	7	1	0	95.56011442309722	8.695994172314029		dr
129.73865901553268	119.91747894569407 	9.821180069838604	137.49652097774023	134.23049746052732	129.2528715997084	6.650179051444084	-6.6006780705824895	0	14	504.5392295048493	7	1	0	95.72286939734691	8.701352200397478		dr
