_avgSpeed	_exSpeed	 DiffAvgExpSpeed	 Max Speed	AvgTop3Speed	_speedMedian	_maxAcceleration	_maxDecceleration	Num Of Stops(including end/start point)	duration	distance	stopDurationMedianSoFar(while moving)	ratio Of Short Stop(while moving)	ratio Of Instant Stop(in short stop)	Avg of AvgSpeed	Avg of DiffAvgExp	label
83.29690004517578	78.09084379235229 	5.206056252823487	91.57179184946412	90.7149573191955	83.25322182019484	7.033422196597655	-9.833109615426409	0	15	347.07041685489907	0	1.1	1.1	83.29690004517578	5.206056252823487		dr
69.52832508511734	64.89310341277617 	4.635221672341174	75.44009174794685	74.34801998550334	68.71101987651821	5.806481539098371	-4.682179224192396	0	14	270.3879308865674	0	1.1	1.1	76.41261256514656	4.920638962582331		dr
79.33640030247275	74.04730694897457 	5.289093353498188	83.99937072217041	83.25516651685639	78.84297140787888	6.832675938777953	-5.938183660952689	0	14	308.5304456207274	0	1.1	1.1	77.38720847758863	5.043457092887617		dr
79.55413865210825	74.25052940863436 	5.303609243473886	84.93135249186452	82.80552166348981	79.75376673314017	8.047629424591634	-5.747477667720489	0	14	309.3772058693099	0	1.1	1.1	77.92894102121853	5.108495130534184		dr
81.4741371390723	76.04252799646747 	5.431609142604827	86.10175578479242	84.59727331999208	81.7509020527209	5.908580987709314	-8.90707817863489	0	14	316.84386665194785	0	1.1	1.1	78.63798024478929	5.173117932948313		dr
80.7716037380701	75.00220347106509 	5.769400267005011	84.66438325992412	84.11821742388167	80.56388132552824	6.5388952418824005	-6.21958914407314	0	13	291.6752357208087	0	1.1	1.1	78.99358416033608	5.272498321957762		dr
68.18384729711724	63.63825747730941 	4.54558981980783	77.2991857801466	76.27624656267893	71.53811015173397	5.92945657598456	-11.876185042652068	0	14	265.1594061554559	0	1.1	1.1	77.44933603701911	5.168654250222057		dr
52.710906976047575	49.19684651097774 	3.514060465069832	71.63169689280517	70.3287488440166	54.14052408351364	11.944001890924326	-3.928998552707874	0	14	204.98686046240724	0	1.1	1.1	74.35703240439767	4.96183002707803		dr
93.47549047113067	87.24379110638864 	6.231699364742028	104.8695941542864	103.197568909766	93.84508555371707	8.945184217298873	-7.091606174618747	0	14	363.51579627661926	0	1.1	1.1	76.48130552292356	5.102926620151807		dr
119.82000426274257	111.83200397855971 	7.98800028418286	128.5489362374251	128.40025665361364	120.37157469213017	8.17736432505393	-4.1853622788684675	0	14	465.9666832439989	0	1.1	1.1	80.81517539690546	5.391433986554913		dr
127.37623150256218	118.88448273572472 	8.49174876683746	133.4416368935668	132.46831987203464	126.59162101619526	6.651626003706355	-6.95950598821436	0	14	495.3520113988529	0	1.1	1.1	85.04799867923789	5.673280784762417		dr
128.85523067105498	120.2648819596513 	8.590348711403678	133.0816208294784	132.83995979960798	128.86703935134486	9.26346097546579	-5.637814228849209	0	14	501.10367483188054	0	1.1	1.1	88.69860134522264	5.916369778649188		dr
128.32208633395044	119.76728057835375 	8.55480575559669	131.5983930294599	130.38560779231832	128.72201741687223	5.749118846071099	-3.9288724661290644	0	14	499.03033574314054	0	1.1	1.1	91.74656172897093	6.119326392260534		dr
127.69620159146302	119.1831214853655 	8.513080106097519	131.76895617487997	131.4595865908217	127.3690901891205	6.842666631059643	-9.688571278402321	0	14	496.5963395223562	0	1.1	1.1	94.31439314772037	6.290308800391748		dr
126.56777960061906	118.12992762724448 	8.437851973374578	130.23746108780725	129.4951777153706	127.08673936618732	4.306128744084205	-3.8097455159042397	0	14	492.20803178018525	0	1.1	1.1	96.46461891124696	6.43347834525727		dr
126.8125449981949	118.35837533164857 	8.45416966654632	130.99201736143684	130.61027165506823	126.48103337298897	4.524496158343823	-7.872402708148016	0	14	493.15989721520236	0	1.1	1.1	98.3613642916812	6.5597715528378355		dr
128.23211857951847	119.68331067421728 	8.548807905301189	130.99196301916936	130.62295137114663	128.3200361761683	6.220083972834459	-6.105304229771548	0	14	498.68046114257186	0	1.1	1.1	100.1184674850834	6.676773691218033		dr
128.4472670134885	119.88411587925593 	8.56315113423257	130.82377011652645	130.32650792579528	128.73536422240304	4.874938064306519	-4.461848560759222	0	14	499.5171494968997	0	1.1	1.1	101.6922896811059	6.781572438052174		dr
127.03138379381326	118.5626248742257 	8.468758919587557	130.6438250591099	130.1101506526024	127.33821845669853	9.53826989059668	-4.550479257954393	0	14	494.01093697594047	0	1.1	1.1	103.02592621335366	6.870371726554035		dr
127.23045312097425	118.74842291290929 	8.482030208064955	134.9956654207543	132.45933502963427	126.91075800809624	8.261628919157843	-6.982853283172446	0	14	494.78509547045536	0	1.1	1.1	104.23615255873469	6.950954650629581		dr
128.8639745957489	120.2730429560323 	8.590931639716615	134.77301338841698	134.2584080964987	127.99088876094648	8.732520054099496	-11.897049785098147	0	14	501.13767898346805	0	1.1	1.1	105.4089059890687	7.029048792967059		dr
127.522061536095	119.02059076702199 	8.50147076907301	136.42509927236853	132.12874164408285	127.55026689829089	8.5232024826267	-11.977126184174082	0	14	495.919128195925	0	1.1	1.1	106.41404942302444	7.095977064608237		dr
128.04432039538838	119.50803236902917 	8.536288026359216	132.54673782016167	131.1253642082109	128.27436702771178	4.041814088906989	-8.172559315711638	0	14	497.9501348709548	0	1.1	1.1	107.35449598704027	7.15859928033654		dr
130.1232380741167	121.44835553584223 	8.674882538274474	136.7707649434303	136.46999744241006	128.46287174744032	12.175318177992978	-8.393542116872254	0	14	506.03481473267595	0	1.1	1.1	108.30319357400178	7.221777749417288		dr
126.59471533593668	118.15506764687424 	8.43964768906244	144.30055186899736	138.99068356727537	124.26796112706717	20.068000144486717	-23.82178318941594	0	14	492.31278186197596	0	1.1	1.1	109.03485444447917	7.270492547003093		dr
128.89366370438447	120.30075279075885 	8.592910913625616	136.28733591060958	134.98507129129914	128.3257707054198	8.048261122492164	-12.009223128535467	0	14	501.25313662816177	0	1.1	1.1	109.79865480062936	7.3213547918731905		dr
127.47413109251534	118.97585568634764 	8.498275406167693	132.28080911346694	132.25863974715676	128.30860631181477	8.115544494532898	-7.873475486872891	0	14	495.73273202644856	0	1.1	1.1	110.45330207069922	7.364944444254468		dr
122.93811890833155	114.74224431444277 	8.195874593888774	132.38050630955485	129.7116045342855	124.26794526275782	12.430935937059957	-16.0104484155043	0	14	478.0926846435116	0	1.1	1.1	110.89918838632896	7.394620521027122		dr
120.66229205556138	112.61813925185727 	8.044152803704108	128.54827601768324	128.49122219147756	122.31959276812029	31.957655141400096	-23.671008403659258	0	14	469.2422468827387	0	1.1	1.1	111.23584713354387	7.4170181859470175		dr
123.16769928224647	114.95651933009668 	8.211179952149791	136.54512368698755	135.0377448322099	124.23255172705987	12.054765493997095	-20.072889224575036	0	14	478.98549720873626	0	1.1	1.1	111.63357553850061	7.443490244820443		dr
130.97494382495694	122.24328090329315 	8.731662921663784	148.39609568019006	140.57048755748337	132.53080647443454	24.128165474262914	-20.289745434855718	0	14	509.34700376372143	0	1.1	1.1	112.25749064451533	7.48504420213797		dr
127.5476562979606	119.04447921142989 	8.503177086530712	132.3222223311584	130.6545851750052	128.4418473139405	6.588302712667229	-9.200484188033371	0	14	496.0186633809579	0	1.1	1.1	112.7353083211855	7.516860854775243		dr
127.51152090320738	119.01075284299358 	8.500768060213801	132.54626142335525	131.19364624307767	128.24005339489344	4.306208027187182	-7.995782892610563	0	14	495.8781368458065	0	1.1	1.1	113.18307233882253	7.546676224637017		dr
131.4335504648308	122.67131376717543 	8.762236697655368	136.77004893836258	136.69500483964867	132.6621263378422	11.994514071654024	-12.219589865412914	0	14	511.1304740298976	0	1.1	1.1	113.71985110723453	7.582428003255205		dr
130.46835103249012	121.77046096365747 	8.697890068832649	140.76277613331075	139.17817516632883	128.6674809196847	20.501192003146215	-16.12237632279097	0	14	507.376920681906	0	1.1	1.1	114.19837967652755	7.614298347985989		dr
130.22958449045743	121.5476121910936 	8.68197229936382	133.07534194470574	132.74452907442853	130.51724296622223	4.2299549139118255	-8.50999839391541	0	14	506.4483841295566	0	1.1	1.1	114.64369092135894	7.643955957746483		dr
128.11344670316927	119.57255025629138 	8.540896446877895	140.26255839839433	136.3545642529431	128.37696356102344	19.71158058249084	-15.542463166000985	0	14	498.21895940121385	0	1.1	1.1	115.00773837492137	7.668197592587873		dr
128.96898858409472	120.37105601182171 	8.59793257227301	136.28727887844752	135.2057852187828	130.31224642188488	19.697943775813542	-11.682940437597068	0	14	501.54606671592387	0	1.1	1.1	115.3751396962154	7.692664302579588		dr
123.74172705674938	115.49227858629942 	8.249448470449963	132.28075039562793	130.9794741203323	124.25021817922791	8.012862105526239	-12.019187067117826	0	14	481.21782744291426	0	1.1	1.1	115.58966757725473	7.706940819704469		dr
124.31131363702744	116.02389272789227 	8.287420909135164	128.5477597446952	128.36543977370647	124.23255172451064	8.04923075408152	-8.286202940892508	0	14	483.4328863662178	0	1.1	1.1	115.80770872874905	7.721452821940237		dr
124.28164180183363	115.99619901504471 	8.28544278678892	132.24755506017786	129.58729384379959	124.23255172578524	8.015003335667217	-11.986006141470241	0	14	483.31749589601964	0	1.1	1.1	116.01439002321453	7.735208674741424		dr
129.4408316653031	120.81144288761625 	8.629388777686856	140.29384220260673	136.36491578898585	128.37685386832027	11.986006840213122	-12.053788808987889	0	14	503.3810120317343	0	1.1	1.1	116.33406720516902	7.756498677192506		dr
128.01577239437333	119.48138756808177 	8.534384826291557	137.8238721466384	134.92056855207724	128.78634180661695	11.89706898015136	-11.87268432199292	0	14	497.83911486700737	0	1.1	1.1	116.60573476770865	7.774589052752949		dr
119.02146993096471	111.08670526890037 	7.934764662064339	129.21789054949366	128.21612394816188	117.27511108626987	4.6612110268578135	-8.4791218468485	0	14	462.8612719537516	0	1.1	1.1	116.66063783960084	7.778229407510025		dr
121.17895290774884	111.6223849847542 	9.556567922994631	126.24029752966231	125.16406149105858	121.53118826001058	8.524447404734929	-5.585798826007704	0	14	471.2514835301344	0	1.1	1.1	116.76104484111524	7.817748041187461		dr
115.76661116054585	108.04883708317612 	7.717774077369725	121.53015191771192	119.97738568518196	117.27377481476066	8.521195696085229	-14.392913778103178	0	14	450.20348784656716	0	1.1	1.1	116.7394267176246	7.815574694147945		dr
113.0313271556741	105.49590534529582 	7.535421810378281	121.53001136638032	118.69231058033999	113.84212817994705	3.8777082407298025	-8.529687334366088	0	14	439.56627227206593	0	1.1	1.1	116.66053098226395	7.809613994493271		dr
86.14579913996334	80.01219737584393 	6.133601764119419	107.21796450412691	103.05587044304927	92.94681281400783	7.007870974667952	-14.929276848323745	0	14	335.01144109985745	0	1.1	1.1	116.02480740221601	7.774697073027149		dr
6.049940578491137	17.959077733319884 	-11.909137154828747	40.07501668598387	30.724179458914403	24.045010012100164	0	-16.03000667515831	0	27	45.37455433868353	0	1.1	1.1	113.78042236499714	7.372986170417846		dr
61.95607100097836	57.82566626757981 	4.130404733398549	77.40891781274968	76.18058424399429	61.040389643173924	15.31985066217937	-6.225706226377824	0	14	240.94027611491586	0	1.1	1.1	112.74393533771676	7.30813454167746		dr
78.15990713328057	72.54735788201897 	5.612549251261598	83.30172553907367	83.07634785821638	77.09693095810194	9.270248526677904	-6.0228947025114365	0	14	303.9551944072022	0	1.1	1.1	112.06581713762976	7.274887771277149		dr
78.62988437948772	73.38789208752188 	5.241992291965843	86.24952527785253	84.28425978118177	77.09682694970422	9.270240414622322	-9.15276563104814	0	14	305.78288369800777	0	1.1	1.1	111.42281843074241	7.23579362744424		dr
76.33322754287465	71.0156830015378 	5.317544541336858	80.05413025523629	79.06831510749815	76.99249102768097	2.9573814217848025	-7.9744228501105	0	14	296.8514404445125	0	1.1	1.1	110.76075067814114	7.199600248461082		dr
66.2531164520492	61.83624202191257 	4.41687443013663	81.12426130853429	80.28647389525747	73.82925449740611	4.8344091813014956	-16.668868895111274	0	14	257.65100842463573	0	1.1	1.1	109.9365352295098	7.148068288862482		dr
22.97152663485055	25.323065554704442 	-2.3515389198538905	50.97359819314723	46.72348501786079	24.341867764265636	11.844587658566674	-8.346086262831912	0	14	89.33371469108548	0	1.1	1.1	108.35535325506144	6.975348157794911		dr
66.39767897802543	61.97116704615707 	4.426511931868355	72.85322878597576	71.363475632439	67.41116650898451	2.9179414322046853	-4.276563573404985	0	14	258.2131960256544	0	1.1	1.1	107.60610907154295	6.929833225189079		dr
57.6997073295697	53.85306017426505 	3.8466471553046446	66.24617760901245	64.09392338902319	57.18147086508071	8.696037550449184	-8.058859465879785	0	14	224.3877507261044	0	1.1	1.1	106.73055816378903	6.875742241506896		dr
65.60979535151468	61.235808994747025 	4.373986356767652	69.96854984785772	69.09585205238405	65.79008399468623	3.722178512669828	-6.631853580768855	0	14	255.14920414477928	0	1.1	1.1	106.02157949461188	6.83260851935622		dr
66.31670766642485	61.89559382199651 	4.4211138444283336	71.50942481924693	70.0073329741845	67.00889380650857	7.662501089738242	-5.073565096389586	0	14	257.89830759165216	0	1.1	1.1	105.34861556532057	6.791735728255748		dr
62.06543719867198	57.9277413854272 	4.1376958132447825	66.91463043312099	65.32560836388448	62.05623155052402	2.56948427231535	-4.3339165175446865	0	14	241.36558910594658	0	1.1	1.1	104.62722925920977	6.747501729672232		dr
63.26302428487339	59.0454893325485 	4.21753495232489	66.83408093949633	66.0941528805103	63.208501909148175	6.4532049145201285	-4.124645450208121	0	14	246.02287221895205	0	1.1	1.1	103.949127538319	6.706026864469816		dr
66.6133823957374	62.172490236021595 	4.440892159715808	69.96726083808694	68.78482340438798	66.75537804192568	3.1329160667387015	-2.9614325064334963	0	14	259.0520426500899	0	1.1	1.1	103.34693810053543	6.669492433747978		dr
67.08134627887783	62.609256526952656 	4.472089751925175	71.07439136620178	70.1265125309343	68.11295839041412	8.88429892171228	-5.922865944040829	0	14	260.871902195636	0	1.1	1.1	102.77129378590594	6.634613026099997		dr
58.8055882589134	54.885215708319166 	3.9203725505942373	68.11294754627866	66.13865921367996	59.22865004393242	2.961432498898901	-5.922865005332824	0	14	228.6883987846632	0	1.1	1.1	102.08432963704668	6.592203018670219		dr
18.27156807592046	26.891920765391063 	-8.620352689470604	47.552092883135046	45.465027363007096	29.614329735297595	0	-7.403582434767898	0	18	91.3578403796023	0	1.1	1.1	100.79490253610628	6.358163700083437		dr
36.57684918488081	36.03532426386704 	0.5415249210137674	60.185430340181256	56.153626785522725	40.07501668853308	12.095409967986242	-10.42413682986271	0	13	132.08306650095847	0	1.1	1.1	99.82190172775438	6.270032809491472		dr
69.6472210361677	65.0040729670899 	4.64314806907781	76.37256865362698	73.64872504191325	68.19186811016189	4.176768679355035	-4.003484370252906	0	14	270.8503040295411	0	1.1	1.1	99.37153335922324	6.245750947694253		dr
68.69341057922468	64.11384987394304 	4.5795607052816365	81.02080655659037	79.57347158496493	76.71557981318038	4.268415539019884	-12.665573227885147	0	14	267.1410411414293	0	1.1	1.1	98.92038449481149	6.221248150011714		dr
27.921331709421743	27.31988525467361 	0.6014464547481317	48.09002001910189	41.235340300224436	28.13661248835421	5.92349736676206	-22.204948877959335	0	14	108.58295664775122	0	1.1	1.1	97.89141271531308	6.139801748631084		dr
11.232185381697288	10.488300077744151 	0.743885303953137	17.88306040464232	16.150038911381476	10.828806579608687	5.814923553159849	-7.0706844559845194	0	16	49.92082391865461	0	1.1	1.1	96.6534237534043	6.062717227992827		dr
