_avgSpeed	_exSpeed	 DiffAvgExpSpeed	 Max Speed	AvgTop3Speed	_speedMedian	_maxAcceleration	_maxDecceleration	Num Of Stops(including end/start point)	duration	distance	stopDurationMedianSoFar(while moving)	ratio Of Short Stop(while moving)	ratio Of Instant Stop(in short stop)	Avg of AvgSpeed	Avg of DiffAvgExp	label
11.377617337957156	24.012874922650035 	-12.635257584692878	56.52912245479792	54.436199919115445	22.84029514415873	14.725819383156484	-11.425275814691922	2	123	388.7352590468695	19.5	0	1.1	11.377617337957156	-12.635257584692878		dr
41.11863116401153	48.43202093415716 	-7.313389770145626	76.99328122217064	76.78428154228838	54.7070838768673	23.561572849754263	-15.609459053508974	1	120	1370.6210388003844	14	0.3333333333333333	0	26.248124250984343	-9.974323677419253		dr
84.7561555512151	85.12334662372918 	-0.3671910725140748	127.22009251660832	126.94632370661277	92.70711745649649	11.69434923758513	-11.565659349577516	0	99	2330.794277658415	14	0.3333333333333333	0	45.75080135106126	-6.771946142450861		dr
125.58745264683789	124.6197156070855 	0.967737039752393	140.75674619818892	138.30587737702348	124.88425028098925	20.397086033663186	-16.03000667643289	0	119	4151.363018048252	14	0.3333333333333333	0	65.70996417500542	-4.837025346900047		dr
129.7391905035187	128.644424432945 	1.0947660705737121	140.77481902875482	139.77252863660877	128.81430554872748	13.739268994995598	-15.890198028374357	0	119	4288.601019421868	14	0.3333333333333333	0	78.51580944070808	-3.650667063405295		dr
128.79423746954808	127.83154408573634 	0.9626933838117395	142.58731745194578	139.87977558407565	129.40846325728052	17.898580250908154	-12.45843362725698	0	119	4257.3650719100615	14	0.3333333333333333	0	86.89554744551475	-2.8817736555357896		dr
123.83554804113022	122.80358514078746 	1.0319629003427622	139.9532013048531	139.15572742817426	126.8357601833417	19.910660196247676	-16.071769044290804	0	119	4093.4528380262486	14	0.3333333333333333	0	92.17269038774553	-2.322668433267425		dr
53.9611263471004	90.70069207621485 	-36.73956572911445	136.25505672673688	130.92303369235847	92.21977360426096	16.020072156374326	-28.012288797700975	1	192	2877.926738512021	14	0.3333333333333333	0	87.39624488266489	-6.624780595248303		dr
64.01089658336318	62.697214212706086 	1.3136823706570908	87.91322219064564	82.60657484723146	65.2456777929008	20.944961580732944	-23.169077385674832	0	53	942.3826441439578	14	0.3333333333333333	0	84.79787284940915	-5.742729154592149		dr
