_avgSpeed	_exSpeed	 DiffAvgExpSpeed	 Max Speed	AvgTop3Speed	_speedMedian	_maxAcceleration	_maxDecceleration	Num Of Stops(including end/start point)	duration	distance	stopDurationMedianSoFar(while moving)	ratio Of Short Stop(while moving)	ratio Of Instant Stop(in short stop)	Avg of AvgSpeed	Avg of DiffAvgExp	label
39.704027542728454	37.69326012039881 	2.010767422329643	59.818886119186175	53.21032498369343	42.7286684323682	18.235489488748666	-18.207116843494376	0	10	110.28896539646793	0	1.1	1.1	39.704027542728454	2.010767422329643		dr
10.107800317909458	15.546761045130207 	-5.438960727220749	28.84765505745792	24.83644948714637	19.939699237832397	5.240043280413854	-13.82899945912337	1	22	61.76989083166891	10	1	0	24.905913930318956	-1.7140966524455532		dr
45.77144157282064	41.194297415538585 	4.577144157282056	50.097070104166285	49.656910985541224	47.96803072994075	19.26415484677349	-6.1488767157635	0	9	114.4286039320516	10	1	0	31.86108981115285	0.38298361746365		dr
54.71406381849125	49.24265743664212 	5.471406381849128	59.9428286572284	58.752343173911974	55.10998938650572	7.218855848421768	-3.3250424682503734	0	9	136.7851595462281	10	1	0	37.57433331298745	1.6550893085600196		dr
52.276973359068904	47.049276023162015 	5.227697335906889	59.82042037592744	57.096246127420784	52.18181538704886	4.319979580079341	-11.937962515658	0	9	130.69243339767226	10	1	0	40.51486132220374	2.3696109140293933		dr
7.839573092624222	18.415338540246143 	-10.575765447621922	33.270983598072306	29.896163867968877	24.045010009550946	6.616737628177489	-25.19001048680319	1	33	71.86275334905537	13.5	0.5	0	35.06897995060715	0.2120481870875075		dr
31.189691097612954	28.070721987851663 	3.1189691097612915	56.10502336241679	41.41085057568662	28.05251167865918	28.052511683757608	-28.052511683757608	0	9	77.97422774403239	13.5	0.5	0	34.51479582875084	0.6273226046123338		dr
31.122116905465955	28.00990521491936 	3.1122116905465944	41.050267626960824	39.3259070551112	32.06001334776741	24.07382693696578	-16.82314721941098	0	9	77.80529226366488	13.5	0.5	0	34.09071096334023	0.9379337403541164		dr
36.41875047001148	32.77687542301033 	3.6418750470011503	53.36912785502989	48.31759718863575	38.544370115429416	23.719612379594274	-32.28463275622784	0	9	91.0468761750287	13.5	0.5	0	34.349382019637034	1.238371663314898		dr
34.64534590837926	31.180811317541338 	3.464534590837925	64.39364935081443	47.31806932262699	31.763493928657866	42.559341539480656	-7.605410455590373	0	9	86.61336477094815	13.5	0.5	0	34.37897840851126	1.4609879560672006		dr
56.21033405470189	50.5893006492317 	5.621033405470186	92.11496620391424	77.48067123790975	56.10502335731836	40.07501668598387	-48.03244784882214	0	9	140.52583513675472	13.5	0.5	0	36.3636471036195	1.8391739060129266		dr
47.214931654907765	42.493438489416995 	4.72149316549077	72.19594338108483	60.15892770305283	44.08251835764131	32.12092669765018	-20.098421690325488	0	9	118.03732913726941	13.5	0.5	0	37.267920816226855	2.07936717763608		dr
12.185943232472498	17.837299170668324 	-5.651355938195826	40.075016683434654	34.7316811271729	20.037508342991934	4.663620741432183	-15.220482306981516	0	20	67.69968462484721	13.5	0.5	0	35.33853792516883	1.4846961687259335		dr
39.206387788048055	40.70182435043683 	-1.4954365623887753	76.66039127266019	67.10339465685284	48.45429448656279	35.04687068199488	-29.60570294054157	0	12	130.68795929349352	13.5	0.5	0	35.614812915374486	1.2718295450748829		dr
49.20167958837372	44.281511629536354 	4.920167958837368	69.7931202782555	60.67209161513694	46.691683376059466	9.240931378654246	-18.122154610701436	0	9	123.00419897093431	13.5	0.5	0	36.52060402690777	1.5150521059923818		dr
9.213572869730656	17.38408886815561 	-8.170515998424955	33.77703187758022	29.807838574379065	21.472647831746045	5.323548175386193	-7.710964656893022	1	25	63.983144928685114	13	0.3333333333333333	0	34.8139145795842	0.9097040994662983		dr
46.824840698499386	42.14235662864945 	4.682484069849934	74.58585512985722	58.63922811235409	46.69202401496093	23.919908801428853	-3.8656046357656635	0	9	117.06210174624846	13	0.3333333333333333	0	35.520439645402746	1.131632333018277		dr
56.65127672404924	50.98614905164432 	5.665127672404921	62.10525549043104	60.82739337144478	57.265405659617144	11.194056371564784	-4.9397927899512055	0	9	141.6281918101231	13	0.3333333333333333	0	36.69437503866088	1.3834931852064238		dr
55.38216110392678	49.843944993534095 	5.538216110392682	61.63382422748199	60.686208469212055	53.12816075769405	8.50566346978794	-5.55955578228955	0	9	138.45540275981693	13	0.3333333333333333	0	37.677942726306455	1.6021628128478058		dr
65.259512436235	58.73356119261149 	6.52595124362351	68.5034272204275	67.55867785789997	65.50744727866291	4.893221364797199	-3.2193813661357424	0	9	163.14878109058748	13	0.3333333333333333	0	39.05702121180288	1.848352234386591		dr
64.7228463170186	58.25056168531673 	6.472284631701861	79.51360397342681	70.54609167853538	65.50781146165417	18.95876425878736	-14.005500201771412	0	9	161.80711579254645	13	0.3333333333333333	0	40.2792033596703	2.0685394914016038		dr
70.92271858482648	63.83044672634382 	7.092271858482661	81.6424199447141	78.58422192515944	72.49639062858682	16.056741172786154	-23.938936879715975	0	9	177.3067964620662	13	0.3333333333333333	0	41.672090415359214	2.296890962632561		dr
67.52525070029627	60.772725630266656 	6.752525070029613	74.58954589817922	72.1914007506034	66.6178192058493	11.057005451757817	-11.05689785503619	0	9	168.81312675074068	13	0.3333333333333333	0	42.79614086253039	2.4906141846933023		dr
67.97611821419633	61.17850639277668 	6.79761182141965	72.49779769419817	70.4902824490208	67.55859985503594	6.98798324548811	-5.879518763945924	0	9	169.94029553549083	13	0.3333333333333333	0	43.845306585516475	2.6700724195569		dr
64.30570308380703	57.87513277542632 	6.430570308380709	72.49860409752961	71.16776889064573	62.10979273659745	11.941380148781981	-11.941271773206907	0	9	160.76425770951755	13	0.3333333333333333	0	44.663722445448094	2.8204923351098525		dr
71.21734899587692	64.09561409628922 	7.121734899587693	90.9204796291658	81.2714149540621	70.4688032420049	19.069930796547055	-15.228573963691744	0	9	178.0433724896923	13	0.3333333333333333	0	45.685015774310735	2.985924741435923		dr
73.5740272910354	66.21662456193185 	7.357402729103555	78.94638660798927	77.04020636050406	73.48199613451246	7.870414625784207	-4.939026156854453	0	9	183.9350682275885	13	0.3333333333333333	0	46.71794212678202	3.1478313335717614		dr
73.3056150312717	65.97505352814454 	7.330561503127157	82.39547895399528	77.7837834671315	72.50063395235115	6.033225677701523	-12.71894330088142	0	9	183.26403757817926	13	0.3333333333333333	0	47.66750187337094	3.2972145539130255		dr
58.63109684212716	52.767987157914455 	5.863109684212702	71.60327635578196	69.08062454555862	57.70763882709936	10.759515840050547	-22.335428698435514	0	9	146.5777421053179	13	0.3333333333333333	0	48.04555687229357	3.3856936963371522		dr
5.70107914548423	14.275450397426587 	-8.574371251942356	38.72334199400379	31.94259556977971	11.863899239575451	0.6106767060481847	-9.869336603532243	0	32	50.676259070970936	15	0.25	0	46.63407428139992	2.9870248647278355		dr
51.72247268045601	46.550225412410406 	5.172247268045602	59.8101483900919	57.389345353039936	54.25745028994098	20.428070429619837	-16.47951498090149	0	9	129.30618170114002	15	0.25	0	46.79821616524044	3.0575159099961504		dr
69.29340701846309	62.36406631661678 	6.929340701846307	84.58116786818579	78.51274465568876	69.269365006372	12.388868339751681	-15.311621741749832	0	9	173.2335175461577	15	0.25	0	47.501190879403644	3.178510434741468		dr
73.86516937561647	66.47865243805485 	7.386516937561623	80.97997740438072	77.87692463832214	74.58240446670143	6.397572937679286	-9.195824627659547	0	9	184.66292343904118	15	0.25	0	48.30009931868282	3.3060257833117754		dr
78.19124999624738	70.37212499662266 	7.819124999624719	83.91451864650021	82.18874726583482	78.76546102516282	8.79550692617876	-10.373953939743913	0	9	195.47812499061845	15	0.25	0	49.179250809199424	3.438763995556274		dr
71.46698589012551	64.32028730111298 	7.14669858901253	79.80097844117977	79.00405658237266	70.05383421909151	11.488399084377846	-14.247271489822893	0	9	178.6674647253138	15	0.25	0	49.816043240083026	3.5447049839407385		dr
77.95708766617541	70.16137889955787 	7.795708766617537	82.55254867469583	81.33934209896279	77.95307718340908	7.484765487264127	-6.687904545929754	0	9	194.89271916543854	15	0.25	0	50.597738918585584	3.6627884223484273		dr
40.41769254317252	36.375923288855276 	4.041769254317245	62.951648645014565	55.58828872121182	41.71827152812524	0	-10.400389820603326	0	9	101.04423135793131	15	0.25	0	50.322602530060905	3.673031147536774		dr
3.2224930551327056	6.240273466901252 	-3.0177804117685465	24.064864158869753	17.279445431554205	2.5423745892876273	6.268239208026841	-1.4538845074861084	0	39	34.91034143060431	17	0.2	0	49.08312596493122	3.496957159134002		dr
36.099170909221996	32.489253818299794 	3.6099170909222025	41.75878044912478	40.99833998034854	36.484623503404926	13.242906268751025	-6.421772021492277	0	9	90.24792727305498	17	0.2	0	48.75020404042586	3.499853567641392		dr
46.511193817260775	41.860074435534685 	4.65111938172609	70.05521302270247	58.12446491345298	42.29215506386274	30.671351052191255	-13.028571165923701	0	9	116.27798454315193	17	0.2	0	48.69422878484673	3.5286352129935095		dr
52.12462907711383	46.91216616940246 	5.2124629077113696	73.76369794314824	60.9678298697743	48.957470855682395	23.18032518175007	-25.633350026924518	0	9	130.31157269278458	17	0.2	0	48.77789708465812	3.56970418115736		dr
43.245565844540685	38.92100926008661 	4.324556584454072	57.026943052772786	50.690912593065725	43.23154376861047	17.642805707359365	-16.180597209296238	0	9	108.11391461135172	17	0.2	0	48.646174912274375	3.5876768574263287		dr
6.673811508542128	13.84755788752415 	-7.173746378982022	45.20858315160316	33.98295716526979	14.8308100496625	4.86133644427839	-21.146344225018634	0	24	44.49207672361418	18	0.16666666666666666	0	47.67007343776898	3.3374112007656693		dr
51.356570211226234	46.220913190103616 	5.1356570211226185	67.1958092680088	59.01054591380636	51.83835846333835	15.696429581606012	-15.35745080467045	0	9	128.39142552806558	18	0.16666666666666666	0	47.75385745534755	3.3782804239556		dr
57.24526470195624	51.52073823176062 	5.72452647019562	70.08033676831138	63.06764487678736	57.02745032930588	13.15566765993011	-4.02984101233816	0	9	143.1131617548906	18	0.16666666666666666	0	47.9647776163833	3.430419224983156		dr
64.95012103557403	58.45510893201663 	6.4950121035574	72.97148249618087	72.50145060353174	64.31989477992892	16.450851102553344	-7.877090726309902	0	9	162.37530258893506	18	0.16666666666666666	0	48.33402421245266	3.4970408092999876		dr
49.742531464064996	44.76827831765849 	4.974253146406504	67.19677391682879	66.237839065995	51.53585860356636	12.97500654119441	-15.357668807494377	0	9	124.35632866016248	18	0.16666666666666666	0	48.36399245184867	3.5284708590256586		dr
2.6931066252720406	6.290160382641639 	-3.597053757369598	23.729830364988384	17.876836872707063	2.003750834129246	4.210950898189072	-13.34802957865488	0	40	29.923406947467118	18	0.16666666666666666	0	47.412515663794984	3.380022429517424		dr
29.660042666851396	29.37474775865304 	0.285294908198356	47.628590998043784	45.65010700717941	33.59858289998858	8.68165543645062	-9.633985488536077	0	12	98.86680888950465	18	0.16666666666666666	0	47.050220296510425	3.316864725000708		dr
41.2622151726504	38.25658892120161 	3.0056262514487884	56.10502335986757	52.33126740197358	44.0825183550921	11.18897387152784	-12.022505004775475	0	10	114.61726436847331	18	0.16666666666666666	0	46.93446019403323	3.3106399555296697		dr
58.38451418148982	52.54606276334083 	5.838451418148992	68.3853558256565	64.25320965244292	60.1125250289758	8.272830794131487	-4.076079316857836	0	9	145.96128545372454	18	0.16666666666666666	0	47.15897105653238	3.360204886169264		dr
66.85037465573808	60.165337190164294 	6.685037465573785	68.38535974786022	68.2349887973675	68.12752836464304	4.196754027702369	-4.196753312860693	0	9	167.1259366393452	18	0.16666666666666666	0	47.537651894978644	3.424143974234736		dr
63.697610214089536	57.32784919268058 	6.369761021408955	64.18861206638506	64.18861113920225	64.12002669808403	4.076085296348332	-4.007501661460587	0	9	159.24402553522384	18	0.16666666666666666	0	47.842556768924126	3.4797216543700986		dr
58.810525357400735	52.92947282166066 	5.881052535740075	64.1886131072224	62.83143966364704	60.1125250289758	4.00750166910823	-4.080655828316303	0	9	147.02631339350182	18	0.16666666666666666	0	48.04566729834036	3.5241907447658387		dr
37.43426269467434	33.69083642520691 	3.7434262694674274	52.09752169075934	49.42585391220359	36.18931268454965	0.15642642264040063	-8.171429763406078	0	9	93.58565673668583	18	0.16666666666666666	0	47.8527326691828	3.5281768452149587		dr
4.596444280743694	29.41510478366761 	-24.818660502923915	48.09002002420033	40.27720499796832	36.06751501687564	16.03000667898214	-12.022505007324689	0	70	89.37530545890516	19	0.14285714285714285	0	47.08029894796067	3.0219833211410503		dr
57.056631686665284	51.35096851799875 	5.705663168666533	64.3939664421422	64.21133994440395	60.1125250289758	7.9996902973598765	-4.0075016665590155	0	9	142.64157921666322	19	0.14285714285714285	0	47.25532232934145	3.0690654237292168		dr
67.26047777136094	60.534429994224844 	6.726047777136095	76.14253170285951	73.47086392345402	68.12752836464304	11.953908747711196	-11.944119122155357	0	9	168.15119442840233	19	0.14285714285714285	0	47.60023880247972	3.1321168436155427		dr
65.05643624691095	58.55079262221985 	6.505643624691096	68.19209894158656	68.17057519176063	64.18862942888124	8.00640424157477	-8.006403409873165	0	9	162.64109061727734	19	0.14285714285714285	0	47.89610655577516	3.189295263633772		dr
56.15116023799566	50.53604421419609 	5.6151160237995725	60.1125250289758	60.112525028126065	56.10502335986757	4.007501666559008	-4.00750166910823	0	9	140.37790059498914	19	0.14285714285714285	0	48.03369078381217	3.2297256096365357		dr
49.07030289646193	44.16327260681574 	4.907030289646194	60.11252502642658	56.243439724498494	48.18145727094328	12.100900794377374	-16.030006671334483	0	9	122.67575724115483	19	0.14285714285714285	0	48.05068442500315	3.257222407669481		dr
8.308130038149166	23.561739806107603 	-15.253609767958437	44.0825183550921	40.11157831736745	28.05251167865918	7.987687599551101	-8.015003338216463	1	35	80.77348648200578	20.5	0.125	0	47.40967548327969	2.9586605983851597		dr
51.672564808394576	46.50530832755511 	5.1672564808394625	56.10502336241679	54.76918947101456	52.09752169075934	7.923557926749801	-8.01500333821646	0	9	129.18141202098644	20.5	0.125	0	47.477340393202155	2.993717675884434		dr
54.79599319166815	49.316393872501344 	5.479599319166809	60.1125250289758	57.49312658906725	56.10502335986757	4.085906843947775	-4.085904512759477	0	9	136.98998297917038	20.5	0.125	0	47.59169434317818	3.032559576560721		dr
65.5912360718267	59.03211246464402 	6.559123607182677	72.68219905878077	71.08791354264163	64.18864475297786	8.007386279468278	-8.493553175891861	0	9	163.97809017956672	20.5	0.125	0	47.868610369772775	3.0868144078010586		dr
46.788046911712506	42.109242220541255 	4.678804691171251	60.18571488287327	58.80108775723888	48.09002002420033	11.900652021705902	-19.915655354823933	0	9	116.97011727928125	20.5	0.125	0	47.8522381961658	3.110935472700607		dr
3.4242297676232525	22.61140918606483 	-19.187179418441577	56.80685519779646	40.36976051043711	20.256027292657958	16.731838509263376	-19.883297899285314	0	73	69.43577028791596	22	0.1111111111111111	0	47.18913359275472	2.7781277877581863		dr
29.52590674203019	32.88108097625569 	-3.3551742342254975	52.09752169075934	49.486828531371536	48.090020021651114	4.00750166910823	-14.104508787664203	0	12	98.41968914010064	22	0.1111111111111111	0	46.92938025671465	2.687932169787838		dr
17.24806980515467	16.138733670866152 	1.1093361342885188	23.28920131448462	21.481051306178898	16.69377545949017	4.893249602491045	-6.986857192987937	0	13	62.2846965186141	22	0.1111111111111111	0	46.499216337126825	2.6650539663748045		dr
0.05791308347826457	5.5091953021900055 	-5.451282218711741	14.83679355291527	13.468645108090788	4.451047232465158	1.3681484441952918	-2.6557513350406636	0	2912	46.84524974686289	23.5	0.1	0	45.83576914778899	2.5491063065878534		dr
12.53257276083921	11.488351604667951 	1.0442211561712593	18.574935483745467	16.657839762943183	12.000009108339283	5.063840744363987	-1.8240793728766729	0	19	66.14413401554027	23.5	0.1	0	45.36671004374744	2.5279107410890282		dr
29.321551085321527	26.389395976789377 	2.9321551085321502	40.07501668598387	36.10813617360162	28.052511681208394	7.304012316636111	-8.479058706258392	0	9	73.30387771330382	23.5	0.1	0	45.143860613769306	2.533525246192405		dr
44.53717885052538	40.083460965472845 	4.453717885052534	52.18196448819834	49.45400151134993	44.0825183550921	8.015003335667245	-4.091944463998011	0	9	111.34294712631345	23.5	0.1	0	45.13554990468377	2.5598292549439137		dr
29.54164343130045	26.587479088170404 	2.9541643431300457	35.609709157427275	33.71308490725192	32.06001334776741	8.811635735388222	-6.4198974683416274	0	9	73.85410857825111	23.5	0.1	0	44.92482143882724	2.56515810748697		dr
10.557781679098415	14.998889390784452 	-4.441107711686037	35.83449250369791	30.73883961305746	12.383318203751342	6.159739573927425	-16.321111526127268	0	22	64.51977692782364	23.5	0.1	0	44.46659424203085	2.471741229897996		dr
