_avgSpeed	_exSpeed	 DiffAvgExpSpeed	 Max Speed	AvgTop3Speed	_speedMedian	_maxAcceleration	_maxDecceleration	Num Of Stops(including end/start point)	duration	distance	stopDurationMedianSoFar(while moving)	ratio Of Short Stop(while moving)	ratio Of Instant Stop(in short stop)	Avg of AvgSpeed	Avg of DiffAvgExp	label
17.5171620897354	18.675989735602098 	-1.1588276458666975	32.608870970874506	29.644428152826496	26.679985336035596	14.82221408521222	-5.92888563483891	0	11	53.524661940858174	0	1.1	1.1	17.5171620897354	-1.1588276458666975		dr
26.428137494813797	23.78532374533242 	2.642813749481377	36.06751501687564	33.395847238319895	26.809880497063258	5.250132850704151	-14.968689975627182	0	9	66.07034373703449	0	1.1	1.1	21.9726497922746	0.7419930518073397		dr
10.317611118173371	13.831259486255945 	-3.513648368082574	28.208714013647874	28.104579123655412	22.910121942716263	24.923971196344723	-6.133960008871432	1	14	40.124043237340885	9	1	0	18.087636900907523	-0.676554088155965		dr
21.432306103082055	19.28907549277385 	2.143230610308205	32.06001334776741	29.388345569211662	20.037508342991934	4.00750166910823	-7.484328497082403	0	9	53.58076525770514	9	1	0	18.923804201451155	0.028392086460077515		dr
8.483290950603136	8.082540783819775 	0.40075016678336084	16.886531134819943	14.565513565412532	8.54567915533124	4.698751244758262	-4.538177975803355	0	10	23.56469708500871	9	1	0	16.835701551281552	0.10286370252473417		dr
43.00653562056807	38.70588205851126 	4.300653562056816	56.49338386416693	53.199076947950964	44.49150825015934	7.636034801822916	-1.7843746388839037	0	9	107.51633905142018	9	1	0	21.197507229495972	0.8024953457800811		dr
61.7151131044849	55.54360179403642 	6.17151131044848	66.54154901399502	66.54152989230595	60.76688325792813	5.774631035285978	-7.684305833989548	0	9	154.28778276121224	9	1	0	26.985736640208675	1.5694976264469953		dr
31.14742464689769	28.032682182207925 	3.1147424646897655	56.80558670966079	48.92654095728275	32.60369519590427	6.3885933895490155	-15.012865323341565	0	9	77.86856161724423	9	1	0	27.505947641044802	1.7626532312273415		dr
28.16124878450179	25.345123906051608 	2.8161248784501822	48.10707848559925	41.0911185008263	23.983603467263276	8.741809752812934	-3.735657835987311	0	9	70.40312196125447	9	1	0	27.57875887920669	1.8797056364743239		dr
60.16129960724032	54.14516964651629 	6.016129960724037	65.34581124373389	63.501565318833265	59.428757006915234	6.300779611882973	-5.91706363560845	0	9	150.4032490181008	9	1	0	30.837012952010053	2.293348068899295		dr
39.58067999343349	35.62261199409014 	3.958067999343349	56.4712207421226	52.53092870098532	41.50546753209664	5.929353446356931	-14.965753210025959	0	9	98.95169998358374	9	1	0	31.631891773957637	2.4446862443942092		dr
6.534491703225889	10.182174566746863 	-3.6476828635209735	23.717413777888375	17.96544718569179	14.823381262811584	8.361869614596605	-5.068188600896207	0	17	30.85732193190003	9.5	1	0	29.540441768063328	1.9369888187346105		dr
49.79863912923711	44.8187752163134 	4.979863912923712	71.15225264353043	66.29507979894579	47.43483509695291	20.752740356554902	-8.765180470870511	0	9	124.49659782309277	9.5	1	0	31.09876464199977	2.171056133672234		dr
64.67168100593368	58.2045129053403 	6.467168100593376	68.65709036039439	68.3833498639152	62.38715107665583	6.3988100005868205	-6.398790234716465	0	9	161.67920251483417	9.5	1	0	33.496830096566484	2.4779212741666012		dr
63.68645589362965	57.31781030426667 	6.368645589362977	65.71367433112596	65.46857350263394	62.38720038923952	3.326473941886441	-3.0876782678156047	0	9	159.21613973407412	9.5	1	0	35.50947181637069	2.737302895179693		dr
63.23827266396027	56.914445397564236 	6.32382726639603	66.32215719392717	64.96680832095291	64.28899031933136	2.9133327614989852	-5.875812371004251	0	9	158.09568165990066	9.5	1	0	37.24252186934504	2.961460668380714		dr
2.0040970130604725	13.925251408535473 	-11.921154395475	38.74892043448072	29.22604707676611	15.35567136861671	6.89122142828559	-12.066596975613106	0	73	40.63863387594847	10	0.6666666666666666	0	35.16967334838712	2.0860127234480252		dr
44.30046793830366	39.8704211444733 	4.430046793830364	55.84218074683565	54.7111794627258	46.08957643222605	7.02911214252067	-0.7324830105527553	0	9	110.75116984575915	10	0.6666666666666666	0	35.6769397144936	2.216236838469266		dr
44.380857173626936	39.94277145626424 	4.438085717362696	50.555251165970105	49.540116241282156	45.30639105037138	4.734441460689297	-5.047887258941941	0	9	110.95214293406733	10	0.6666666666666666	0	36.135040633395356	2.3331762531478675		dr
55.96422904641459	50.36780614177313 	5.596422904641457	59.82041351884884	59.22347756202836	57.24250952804184	7.8566957014108425	-2.5771322919011794	0	9	139.91057261603646	10	0.6666666666666666	0	37.12650005404632	2.496338585722547		dr
43.298514366306144	38.968662929675524 	4.329851436630619	56.10502335986757	50.89402789429564	40.184541012695384	3.995371541977647	-7.617983058499362	0	9	108.24628591576536	10	0.6666666666666666	0	37.42040549748726	2.5836487214800745		dr
39.31667753100486	35.38500977790437 	3.9316677531004913	44.47955795154396	44.28126080456775	40.07501668853308	8.124529128259866	-3.632829649118193	0	9	98.29169382751215	10	0.6666666666666666	0	37.50659968082897	2.644922313826457		dr
36.092229454260085	32.48300650883408 	3.609222945426005	44.18211414055805	43.138164368648226	36.06751501687564	4.1070974545741805	-7.858752188087173	0	9	90.23057363565022	10	0.6666666666666666	0	37.44510532315206	2.6868484282438287		dr
30.773697481440163	27.69632773329614 	3.0773697481440223	41.702314498301966	35.80727513772695	29.91912859887467	11.783204552714952	-8.842561607461931	0	9	76.9342437036004	10	0.6666666666666666	0	37.16712999641407	2.7031201499063364		dr
3.1950485049610444	3.819576754974098 	-0.6245282500130536	7.1570830019205545	6.748023974355529	2.9649524890490246	4.192130987207406	-4.192130987207406	0	16	14.200215577604641	9.5	0.75	0	35.80824673675595	2.5700142139095608		dr
24.86830969051697	22.381478721465264 	2.486830969051706	36.06751501687564	34.77728464341772	25.63749738117258	6.462020012782105	0	0	9	62.17077422629242	9.5	0.75	0	35.38747992728521	2.566814858338105		dr
25.233775248357674	22.710397723521908 	2.523377524835766	36.06751501687564	32.592493819806045	22.24879024294369	4.735407515352609	-14.144418726116601	0	9	63.08443812089418	9.5	0.75	0	35.011416791028644	2.5652060682083886		dr
37.29834989817083	33.56851490835375 	3.7298349898170784	38.752723427909736	38.683468089991685	38.544963491034096	3.18997805411756	-3.172762775736153	0	9	93.24587474542706	9.5	0.75	0	35.09309297342658	2.606799958265842		dr
16.07512466847308	14.467612201625775 	1.6075124668473055	32.61496910663833	28.773689815914338	11.859988768794386	6.874883299533441	-15.161138261734266	0	9	40.1878116711827	9.5	0.75	0	34.43730096291094	2.572341768906582		dr
30.05412532691692	27.04871279422523 	3.0054125326916896	35.57997759970268	35.57997759467316	29.64998133308631	5.929996266616772	-2.9649981408524013	0	9	75.1353133172923	9.5	0.75	0	34.291195108377806	2.5867774610327525		dr
2.9099237437189562	11.34440469765596 	-8.434480953937005	31.0506162798208	27.632975784802102	12.022505004775477	7.064983337537029	-17.64518414691907	0	41	33.14079819235478	9.5	0.75	0	33.278896032098494	2.231252996033728		dr
10.840331026932404	9.756297924239163 	1.0840331026932404	16.030006673883705	15.155152518060499	12.022505004775477	8.015003338216463	-4.007501669108228	1	9	27.10082756733101	9	0.8	0	32.577690875687054	2.1954023743668376		dr
7.846972011056583	8.23091904525142 	-0.3839470341948372	20.037508342991934	15.699822630632335	8.01500333821646	9.076708607209948	-12.022505007324689	1	11	23.976858922672893	9	0.8	0	31.828275152516433	2.11724027107709		dr
1.328141910809549	6.483971218618573 	-5.155829307809024	32.06001335031662	20.868362567067056	1.1173122424922801	28.05251167865918	-0.6231407030402065	0	55	20.29105697070144	9.5	0.6666666666666666	0	30.93121241011329	1.9033264599333806		dr
30.967459430341066	27.87071348730695 	3.096745943034115	40.075016683434654	36.609022928891754	32.06001335031662	20.846283791843085	-8.015003333118031	0	9	77.41864857585266	9.5	0.6666666666666666	0	30.932248039262653	1.9374241594505446		dr
27.66219592359356	24.895976331234202 	2.7662195923593593	32.06001334776741	29.49252281210461	28.052511681208394	7.832875201025292	-4.163766868289308	0	9	69.1554898089839	9.5	0.6666666666666666	0	30.841413258271846	1.960446254809123		dr
25.48219577453539	22.933976197081854 	2.548219577453537	35.80633352882291	34.667984306976216	24.04501001464938	8.895341661315282	-5.712304496840964	0	9	63.70548943633848	9.5	0.6666666666666666	0	30.696569542495183	1.976332020285999		dr
9.636618602603717	11.341558816881507 	-1.7049402142777907	26.686020745381054	22.732536189951162	11.860453662518534	2.9651134090281044	-5.930226840689524	1	12	32.12206200867905	9.5	0.6666666666666666	0	30.142360307234878	1.8794564351658996		dr
26.626051596305608	23.96344643667505 	2.6626051596305587	29.92072337360377	29.920714047505896	26.985240555199216	9.164929461367521	-5.930222127813842	0	9	66.56512899076402	9.5	0.6666666666666666	0	30.05219854541618	1.8995371716906344		dr
0.9705345386580544	3.0500407848399496 	-2.079506246181895	11.860444259401179	8.895333190464273	0.2357353921505303	1.7893364424280722	-5.930222124042211	0	39	10.51412416879559	9.5	0.6666666666666666	0	29.325156945247226	1.800061086243821		dr
32.74241029306982	29.46816926376284 	3.274241029306978	83.88909741641157	52.67230701995191	35.58135534493028	69.06354209687552	-53.96837870982119	0	9	81.85602573267452	9.5	0.6666666666666666	0	29.408504587877044	1.8360166946112153		dr
37.58804932074762	33.82924438867286 	3.75880493207476	50.406920075123935	46.4534361495874	35.58134970607878	5.930224958556945	-5.930225895850185	0	9	93.97012330186905	9.5	0.6666666666666666	0	29.60325565294539	1.881797366931776		dr
7.5430536281009966	19.286863053540518 	-11.743809425439522	41.511568062082766	37.55808539004301	21.139120971218873	2.9651120012005094	-10.377888718016857	1	28	58.668194885229966	9.5	0.6666666666666666	0	29.090227698879243	1.5649227903650016		dr
29.408022058261842	26.467219852435658 	2.9408022058261842	38.546437706312204	35.66308471715016	32.616216523338196	8.895331780120266	-5.93022117920173	0	9	73.5200551456546	9.5	0.6666666666666666	0	29.09745029795612	1.5961927770800286		dr
9.849287422378131	11.445256937539398 	-1.5959695151612667	20.755770856110132	19.76740175623031	11.860440491361604	11.86044237726746	-8.895330364748528	1	12	32.83095807459377	9	0.7142857142857143	0	28.669713345165498	1.525255837252444		dr
31.89163993329032	28.70247593996129 	3.189163993329032	41.70452426973078	39.73843793055767	32.61619064776039	9.08831809435737	-6.199809916173336	0	9	79.7290998332258	9	0.7142857142857143	0	28.739755227516042	1.5614277536888916		dr
23.49472042115599	21.14524837904039 	2.3494720421156003	40.075016683434654	32.11210229167881	20.255704417113986	12.02250500222626	-0.5514543394516238	0	9	58.73680105288997	9	0.7142857142857143	0	28.628158742274337	1.5781946534426512		dr
25.64933490561153	23.084401415050376 	2.5649334905611525	50.05928941877045	40.89285878283661	24.045010009550946	13.991774401894808	-13.507517505906684	0	9	64.12333726402882	9	0.7142857142857143	0	28.566099912343862	1.5987517125492865		dr
17.951734172929434	16.156560755636487 	1.795173417292947	28.208772772710727	26.76876482115669	20.037508342991934	7.872961069235602	-0.21818808418722924	0	9	44.879335432323586	9	0.7142857142857143	0	28.349480203376224	1.6027603187685449		dr
25.872204439621754	23.284983995659577 	2.5872204439621775	36.18918381273387	33.48200870911986	28.052511681208394	4.007501671657447	-12.022505007324689	0	9	64.68051109905439	9	0.7142857142857143	0	28.299934688101136	1.6224495212724177		dr
22.45750330816383	20.211752977347444 	2.245750330816385	27.862637572357436	26.828123548629502	21.138309217342744	9.892502199041175	-8.545848132809834	0	9	56.14375827040957	9	0.7142857142857143	0	28.185377210063145	1.63467110577328		dr
10.065345245153775	9.058810720638396 	1.006534524515379	19.512116084832286	15.399012704125484	8.894974632817735	6.8748621848146465	-5.929983094831899	0	9	25.163363112884436	9	0.7142857142857143	0	27.83691505689181	1.6225915561337048		dr
6.537921640200323	7.474709499219374 	-0.9367878590190513	17.78993797605267	14.692525514159408	5.9299793266083745	11.859958649444295	-10.632792592373384	0	13	23.609161478501164	8.5	0.75	0	27.435047256576876	1.5743013784893132		dr
22.753054446800903	20.47774900212082 	2.2753054446800824	41.70289809862989	30.70259012259167	20.75494740272349	26.87793331641047	-15.017965722622424	0	9	56.88263611700226	8.5	0.75	0	27.34834368602547	1.5872829352706237		dr
28.018830075381658	25.216947067843492 	2.8018830075381658	30.714143356020987	30.0945482166259	27.862637572357436	2.964992486641947	-2.8515057836635513	0	9	70.04707518845414	8.5	0.75	0	27.360534347650127	1.6093665729482154		dr
33.46552828912521	30.118975460212692 	3.346552828912518	35.80494759988751	35.72995572682216	32.86026664246908	2.9406838238654665	-2.9446860955083025	0	9	83.66382072281303	8.5	0.75	0	27.46955209660504	1.6403877560904352		dr
30.396234909300933	27.356611418370836 	3.039623490930097	35.80497565577976	34.74164862122305	29.650004860824957	2.965000489854347	-5.593845756547292	0	9	75.99058727325233	8.5	0.75	0	27.52089740910848	1.6649357514384995		dr
23.216898427163468	20.89520858444712 	2.3216898427163493	26.98423545058928	26.78474382918469	23.720003884888314	6.313353532733515	-6.31335676317644	0	9	58.04224606790867	8.5	0.75	0	27.446690530109425	1.6762590978398417		dr
24.380204740721606	21.94218426664944 	2.4380204740721645	33.58541651292111	31.406413777402616	23.9467266952166	15.349604881042765	-8.895009928224308	0	9	60.950511851804016	8.5	0.75	0	27.394716194696073	1.6891703076064912		dr
23.79061950484689	21.4115575543622 	2.37906195048469	26.984264767151554	26.784770541331472	23.720022707061162	3.3011559726269653	-5.9300056777080385	0	9	59.476548762117226	8.5	0.75	0	27.33464791653192	1.7006685016544614		dr
2.9584982072885797	7.612662275909497 	-4.654164068620918	34.760337411213115	20.63038910001246	3.5785836053237463	16.524520270165112	-1.2883540940233442	0	32	26.29776184256515	9	0.6666666666666666	0	26.93503890490498	1.5964909185351928		dr
33.27400965515336	29.946608689638015 	3.3274009655153414	43.215981043248185	40.176997835132774	32.860302600663495	8.649717372469652	-10.355704122412781	0	9	83.18502413788339	9	0.6666666666666666	0	27.037280368618664	1.6244088225187436		dr
13.74012375686819	12.366111381181373 	1.3740123756868172	21.92311634133939	18.939625400019434	13.405435045382164	5.199243403329225	-8.517681295957226	0	9	34.35030939217047	9	0.6666666666666666	0	26.826214390654368	1.6204342757436336		dr
4.047431892886794	3.216579487975691 	0.8308524049111035	7.157181249193759	4.824869231963536	4.824869231963536	0	-4.664624034460448	0	3	3.3728599107389954	9	0.6666666666666666	0	26.47029591412675	1.6080970590118753		dr
