_avgSpeed	_exSpeed	 DiffAvgExpSpeed	 Max Speed	AvgTop3Speed	_speedMedian	_maxAcceleration	_maxDecceleration	Num Of Stops(including end/start point)	duration	distance	stopDurationMedianSoFar(while moving)	ratio Of Short Stop(while moving)	ratio Of Instant Stop(in short stop)	Avg of AvgSpeed	Avg of DiffAvgExp	label
11.948396780610459	11.158336776529536 	0.7900600040809227	28.672537777512748	27.89754609734952	9.756758822081801	12.382783131422455	-7.413116428736224	1	16	53.103985691602034	7	1	0	11.948396780610459	0.7900600040809227		dr
48.456023069970186	36.342017302477636 	12.11400576749255	56.8058944103261	48.45602306997018	44.479656444492356	12.32623796583374	0	0	3	40.38001922497516	7	1	0	30.202209925290322	6.452032885786736		dr
56.13313044826321	42.099847836197405 	14.033282612065804	60.11252503152502	56.13313044826321	56.10502335731836	4.007501674206658	0	0	3	46.77760870688601	7	1	0	38.845850099614616	8.979116127879758		dr
57.466960309455025	43.10022023209127 	14.366740077363758	60.1125250289758	57.466960309455025	56.1833325395217	0.07830917965412709	-4.00750166910823	0	3	47.88913359121252	7	1	0	43.50112765207472	10.326022115250758		dr
50.894074776430735	38.17055608232306 	12.723518694107675	56.10502335986757	50.89407477643075	52.09752169075934	0	-7.617842412094042	0	3	42.411728980358944	7	1	0	44.979717076945924	10.805521431022141		dr
24.173868522587963	20.720458733646826 	3.453409788941137	32.19686116302351	29.494683035029045	24.22717407856723	8.197167920412511	-16.03000666878527	0	6	40.28978087097994	7	1	0	41.5120756512196	9.580169490675308		dr
8.12831569734193	9.647700459253194 	-1.5193847619112635	38.55005261322052	34.695934634450566	5.930777325691816	11.62871815851004	-9.52983571006574	1	22	49.67304037264513	11	0.5	0	36.74296708637993	7.99451888316294		dr
50.65040212277613	37.98780159208209 	12.662600530694036	56.34240246475309	50.65040212277612	50.411623257144825	5.930779207608268	0	0	3	42.20866843564677	11	0.5	0	38.48139646592946	8.578029089104326		dr
53.48011869398446	40.11008902048835 	13.370029673496106	56.34242034298388	53.48011869398447	53.5272540644245	2.8151662785593814	-5.771738668438857	0	3	44.566765578320386	11	0.5	0	40.14792115793557	9.11047359848119		dr
47.56263551097028	35.671976633227715 	11.890658877742567	50.41166324791273	47.56263551097029	47.61521156429479	2.9541798435914686	0	0	3	39.63552959247523	11	0.5	0	40.88939259323904	9.388492126407328		dr
48.547377290573074	36.410532967929804 	12.13684432264327	50.411671246061694	48.547377290573074	47.61523406695998	0.000007508262427791124	-2.7964446873641435	0	3	40.456147742144225	11	0.5	0	41.58557302026941	9.63834232606514		dr
45.585743360867454	34.189307520650594 	11.39643584021686	47.61524156834612	45.58574336086746	44.66107388903826	0	-2.954167679307858	0	3	37.988119467389545	11	0.5	0	41.91892054865258	9.784850118911118		dr
37.06743473282085	29.65394778625668 	7.41348694656417	41.51552689955125	38.550132121731025	37.067434732820914	2.9653947753052208	-5.930789554383189	0	4	41.186038592023166	11	0.5	0	41.545729332050136	9.602437567192123		dr
4.720945864698131	12.529119219333007 	-7.808173354634875	32.619347741357224	27.776754424569457	11.861577230626283	6.376525808084191	-11.86157910499617	0	38	49.83220634959138	15	0.3333333333333333	0	38.91538765581071	8.358822501347337		dr
39.33973757926322	31.471790063410577 	7.867947515852645	41.70851724697092	40.591400558873865	40.03284221482534	3.158372894049535	-5.930791436298001	0	4	43.71081953251469	15	0.3333333333333333	0	38.94367765070754	8.326097502314358		dr
51.503970907222076	38.62797818041655 	12.875992726805528	56.48488291848908	51.50397090722206	50.41174322933335	6.073139689155731	0	0	3	42.919975756018395	15	0.3333333333333333	0	39.7286959792397	8.610465953845056		dr
58.412029332641325	43.80902199948099 	14.603007333160335	59.44321688514911	58.41202933264131	59.307961444782265	2.958307217156552	-2.823051776789704	0	3	48.676691110534435	15	0.3333333333333333	0	40.827715588263324	8.962968387922425		dr
58.364598906366346	43.77344917977476 	14.591149726591588	59.44322627313006	58.364598906366346	59.30798026013491	0.1352460129951467	-3.100636087295989	0	3	48.63716575530529	15	0.3333333333333333	0	41.8019868837135	9.275645128959601		dr
55.404207070483054	41.553155302862294 	13.85105176762076	56.34259912491429	55.40420707048306	56.34259912114164	2.8151761595210445	-3.772647971800325e-9	0	3	46.17017255873588	15	0.3333333333333333	0	42.51789320933295	9.51645600467861		dr
60.85832698152362	40.572217987682414 	20.286108993841204	62.273408909852876	60.85832698152362	60.85832698152362	2.8301638566585083	0	0	2	33.81018165640201	15	0.3333333333333333	0	43.43491489794248	10.054938654136738		dr
65.3003077008582	43.53353846723879 	21.766769233619407	65.3617957165375	65.30030770085818	65.30030770085818	0.12297603135861834	0	0	2	36.277948722698994	15	0.3333333333333333	0	44.4761240790337	10.612644872207342		dr
59.443277911874155	39.62885194124944 	19.81442597062472	59.44328260611704	59.443277911874155	59.443277911874155	0.000009388485764816323	0	0	2	33.02404328437453	15	0.3333333333333333	0	45.156449253253726	11.030907649408132		dr
55.44934417204631	41.587008129034736 	13.862336043011574	59.44329199014949	55.44934417204632	53.527482075243356	0	-5.915809914906134	0	3	46.20778681003859	15	0.3333333333333333	0	45.60396642363601	11.154013231738716		dr
60.38693738697325	45.29020304022993 	15.096734346743318	62.40230754392389	60.386937386973244	62.27348795005762	5.788471283119392	0	0	3	50.322447822477706	15	0.3333333333333333	0	46.21992354710839	11.31829327819724		dr
59.3757254534909	39.58381696899393 	19.79190848449697	59.44334832648138	59.375725453490894	59.375725453490894	0.13524574598096706	0	0	2	32.98651414082828	15	0.3333333333333333	0	46.74615562336369	11.657237886449229		dr
49.423426661511236	37.06756999613343 	12.355856665377807	53.37730079367633	49.423426661511236	50.411895197382115	0	-5.930811203906849	0	3	41.186188884592696	15	0.3333333333333333	0	46.84912758636937	11.684107839484945		dr
21.867473106911213	19.134038968547316 	2.733434138363897	32.61946677599442	29.12021102859536	20.037508340442717	8.015003338216463	-11.329590088447267	0	7	42.520086596771804	15	0.3333333333333333	0	45.92388112416721	11.352601406110091		dr
40.653474822528885	32.5227798580231 	8.130694964505786	44.479685428460435	43.33664409336157	42.76512342581214	8.446595795267548	-0.0000013821344921893797	0	4	45.170527580587645	15	0.3333333333333333	0	45.73565232768012	11.237533318909938		dr
25.928009139625875	22.224007833965036 	3.7040013056608387	37.96788407096856	30.228492080725946	23.996653813344125	3.051524968943035	-9.29530191440865	0	6	43.21334856604312	15	0.3333333333333333	0	45.0526301487817	10.97775635293583		dr
41.58418320855082	31.188137406413105 	10.396045802137714	44.48028653046021	41.584183208550805	41.51493409484539	2.9653524356148253	0	0	3	34.65348600712568	15	0.3333333333333333	0	44.937015250774	10.95836600124256		dr
36.37381644191071	29.09905315352857 	7.274763288382143	41.70791406914258	39.602363205497035	38.54958777367426	0	-8.896058714534234	0	4	40.41535160212301	15	0.3333333333333333	0	44.66078303113325	10.839540107279321		dr
21.569266109927614	19.172680986602327 	2.3965851233252877	28.208804572649242	26.768775422835674	20.98052168039579	8.015003340765677	-12.178797898765538	0	8	47.93170246650581	15	0.3333333333333333	0	43.939173127345576	10.575697764030757		dr
2.4592130611132013	6.046334235070437 	-3.5871211739572355	17.79197628987101	15.341448218126436	4.007501669108231	8.015003335667245	-8.015003335667245	0	65	44.40245804787724	15	0.4	0	42.68220464049005	10.146521432576575		dr
0.4667299623948555	2.0036028531801975 	-1.536872890785342	8.895988141163084	4.007205706360395	0.16030006676432923	0.11220115377557774	-8.895988141163084	0	34	4.408005200395857	15	0.4	0	41.44057303231077	9.802892187771812		dr
