_avgSpeed	_exSpeed	 DiffAvgExpSpeed	 Max Speed	AvgTop3Speed	_speedMedian	_maxAcceleration	_maxDecceleration	Num Of Stops(including end/start point)	duration	distance	stopDurationMedianSoFar(while moving)	ratio Of Short Stop(while moving)	ratio Of Instant Stop(in short stop)	Avg of AvgSpeed	Avg of DiffAvgExp	label
24.574330035530053	21.843848920471153 	2.7304811150589003	28.84722847085598	28.168209836746417	26.793775090774233	2.037032201216391	-6.396765335589549	0	8	54.60962230117789	0	1.1	1.1	24.574330035530053	2.7304811150589003		dr
24.770759686363647	22.018453054545464 	2.7523066318181826	44.86411295120406	39.117682402489145	22.91042308748688	8.87386196546688	-6.939672429808795	0	8	55.04613263636366	0	1.1	1.1	24.67254486094685	2.7413938734385415		dr
51.54713350469548	38.660350128521614 	12.886783376173867	56.64734197406633	51.54713350469549	49.84912774654077	8.502411180586968	-6.7982142275255555	0	3	42.955944587246236	0	1.1	1.1	33.63074107552973	6.123190374350316		dr
32.7976893387494	26.238151470999515 	6.559537867749885	46.56742616138213	36.764787002648085	31.863467423281072	0	-13.296585984554547	0	4	36.44187704305489	0	1.1	1.1	33.42247814133464	6.232277247700209		dr
6.286349125880537	10.990179323784051 	-4.703830197903515	52.88790047257435	29.973042996542606	8.01500333821646	32.94816316767748	-4.53824181213022	0	28	48.89382653462639	15	0	1.1	27.995252338243823	4.045055758579464		dr
43.67493281944338	34.939946255554695 	8.734986563888683	50.09692271532289	44.622811275554945	41.88575555567097	7.1567336544956675	0	0	4	48.52770313271486	15	0	1.1	30.608532418443748	4.826710892797667		dr
54.26641089967942	40.69980817475956 	13.56660272491986	55.10986625028795	54.266410899679414	55.109775513807776	2.5302753153454276	-2.530184578865253	0	3	45.22200908306618	15	0	1.1	33.988229344334556	6.075266868815123		dr
52.65263633074563	39.48947724805922 	13.163159082686413	54.82277552475046	52.65263633074562	52.57975811220203	2.243017412548433	0	0	3	43.87719694228802	15	0	1.1	36.321280217635945	6.9612533955490346		dr
53.67437130760316	40.25577848070237 	13.418592826900792	54.9878515627469	53.67437130760316	53.58864870299016	1.1420350459177442	-2.5412379056744783	0	3	44.728642756335965	15	0	1.1	38.249401449854524	7.678735554588119		dr
58.374741972100274	43.781056479075204 	14.59368549302507	59.9428728811884	58.374741972100274	58.53320241550491	1.885051795897418	0	0	3	48.645618310083556	15	0	1.1	40.2619355020791	8.370230548431815		dr
63.28914868476676	42.19276578984451 	21.09638289492225	65.81131264515892	63.289148684766765	63.289148684766765	0	-5.044327920784312	0	2	35.16063815820375	15	0	1.1	42.35531851868706	9.527153489021854		dr
54.79962511948352	41.09971883961264 	13.69990627987088	60.11252503152502	54.79962511948352	56.10502335731836	0	-7.9236963877111535	0	3	45.66635426623627	15	0	1.1	43.39234406875344	9.874882888259272		dr
3.791926943224177	11.735810493207405 	-7.943883549983227	36.551701067140314	29.817060064242238	12.287901363063447	8.19710400373063	-13.337033215768095	0	42	44.23914767094873	25	0	1.1	40.34615813602042	8.504208546856002		dr
23.578025657901637	20.63077245066393 	2.947253207237708	28.208755165031988	26.82945988319203	24.227111363618796	4.189604460343773	-8.171246822040054	0	7	45.8461610014754	25	0	1.1	39.14843438758337	8.107283165454696		dr
17.436428712303314	15.851298829366648 	1.5851298829366662	20.25567555620605	20.182952693637226	16.6967543974178	4.2793891544497065	-4.279388557172446	0	10	48.43452420084254	25	0	1.1	37.700967342564695	7.672472946620161		dr
11.014960167376286	12.038777342834722 	-1.0238171754584364	24.227117470539774	24.166414868366516	14.026255839329588	12.022505002226257	-20.037508342991934	2	15	45.895667364067855	15	0.3333333333333333	1	36.03309189411542	7.128954813990249		dr
2.1180519953911427	9.358693188084496 	-7.240641192693353	20.89653361937745	19.078647598839243	12.022505004775477	8.015003335667245	-12.022505004775477	0	88	51.77460433178349	15	0.2	1	34.03808954713164	6.283684460655919		dr
27.995737305708843	24.496270142495245 	3.4994671632135983	40.37583914769059	35.276587546263016	26.684568162593717	6.154883128941496	-2.847311907280627	0	7	54.43615587221164	15	0.2	1	33.702403311497044	6.129005721909123		dr
43.69764986639586	34.95811989311668 	8.739529973279176	47.27495599290394	44.42709918864159	43.00317078651041	5.765654089473216	-2.777916323313839	0	4	48.552944295995395	15	0.2	1	34.228468919649615	6.266401735139126		dr
45.67769864098641	36.542158912789134 	9.135539728197273	50.05891482971031	46.589415811218565	44.8546663019727	3.6708966139543335	0	0	4	50.7529984899849	15	0.2	1	34.80093040571645	6.409858634792033		dr
54.894551074468104	41.17091330585107 	13.723637768617031	60.40430643716517	54.8945510744681	52.18182509293058	8.222481344234588	-8.30678474385661	0	3	45.74545922872342	15	0.2	1	35.757769485180816	6.758133831640843		dr
62.26216850927093	41.50811233951396 	20.75405616975697	64.12002669553482	62.262168509270936	62.262168509270936	3.7157163725277655	0	0	2	34.590093616261626	15	0.2	1	36.96251489536673	7.394312119737031		dr
56.10502335901783	42.07876751926337 	14.026255839754455	60.11252502642658	56.10502335901783	56.10502335986757	4.00750166910823	-8.015003335667238	0	3	46.75418613251486	15	0.2	1	37.79479787204722	7.682657498868223		dr
45.448792342104646	34.08659425657848 	11.362198085526167	48.18134031867894	45.44879234210464	48.09002002420033	0	-8.015003340765674	0	3	37.873993618420535	15	0.2	1	38.11371430829961	7.83597168997897		dr
40.10543509999411	32.08434807999528 	8.02108701999883	44.0825183550921	41.410850576536355	40.075016687258476	4.00750166910823	-7.893329684724719	0	4	44.56159455554901	15	0.2	1	38.19338313996739	7.843376303179764		dr
39.20962521068565	31.36770016854852 	7.841925042137131	40.511410142368696	40.256995275288986	40.129787841749135	0.32685114485430233	-4.443895125493057	0	4	43.566250234095165	15	0.2	1	38.23246937345655	7.843320485447355		dr
38.13210424911305	30.505683399290444 	7.626420849822605	44.0825183550921	38.82030065985885	36.189191812242235	8.01500333821646	-7.8933259836847185	0	4	42.36900472123672	15	0.2	1	38.22875214662901	7.835287165609401		dr
45.105472135556646	36.08437770844532 	9.02109442711133	52.18183514605851	46.782290617897836	44.08251835381749	8.099316790966412	0	0	4	50.1171912617296	15	0.2	1	38.47434928909072	7.877637424948756		dr
42.42415695352546	33.93932556282037 	8.48483139070509	47.53724165099575	43.83470896816911	41.98344262675579	2.566157851675925	-8.541440196803997	0	4	47.137952170583844	15	0.2	1	38.610549553381574	7.898575147905871		dr
36.28859694618781	29.030877556950248 	7.257719389237561	38.71854985834397	37.12584434232013	36.3294915843082	2.797195085055492	-4.941695100553098	0	4	40.32066327354201	15	0.2	1	38.533151133141786	7.877213289283594		dr
37.32950179641277	29.863601437130217 	7.4659003592825535	43.67027375751651	39.422053377454354	37.297943187423286	7.042086981880352	0	0	4	41.47722421823641	15	0.2	1	38.49432373518279	7.863945130251302		dr
51.18457266411388	38.3884294980854 	12.796143166028479	54.992824401908365	51.184572664113865	50.665502212931045	4.32732218897732	0	0	3	42.65381055342823	15	0.2	1	38.89089401421188	8.018076318869339		dr
53.958847821839576	40.46913586637968 	13.489711955459896	55.605448639936256	53.958847821839576	55.6054062431913	0.000042396744959205535	-4.939760057545087	0	3	44.965706518199646	15	0.2	1	39.34749867504908	8.183883459372083		dr
51.641398732149746	38.731049049112315 	12.910349683037431	53.592585079553125	51.641398732149746	50.66584322599866	2.9268171886556615	-2.926741853554468	0	3	43.034498943458125	15	0.2	1	39.709083970846166	8.322897171832828		dr
49.30813913688377	36.98110435266282 	12.327034784220949	50.6659146009672	49.30813913688376	48.6292670264771	0.00003124327012216099	-2.036678817760219	0	3	41.090115947403135	15	0.2	1	39.983342689875805	8.437301103615345		dr
53.288294014669994	39.96622051100249 	13.322073503667504	55.605965955055254	53.288294014669994	53.59285873666576	2.9268013843767946	0	0	3	44.40691167889166	15	0.2	1	40.35292467112009	8.572989225839017		dr
49.004814444252716	36.75361083318955 	12.251203611063168	51.671746504000645	49.00481444425273	51.671713831791095	0.00003267220954938921	-8.000763507034208	0	3	40.8373453702106	15	0.2	1	40.58675952985341	8.672400425439669		dr
52.95836484621068	39.718773634658014 	13.239591211552664	56.65236380261219	52.958364846210685	53.593106149769994	8.02273921636234	-4.963481563520141	0	3	44.13197070517557	15	0.2	1	40.912328090810185	8.79258965665317		dr
54.73126854293283	41.04845140719962 	13.68281713573321	55.606411180777776	54.73126854293284	54.99414210194335	2.0131588347004055	-0.6122690788344229	0	3	45.609390452444025	15	0.2	1	41.26665989727486	8.91798010483471		dr
53.05885129228278	39.79413846921208 	13.264712823070703	53.593428537895456	53.05885129228278	52.79160509911356	0.8019082980561407	-0.801823438781895	0	3	44.21570941023565	15	0.2	1	41.56146468215006	9.02664842279061		dr
55.609211791546436	41.706908843659825 	13.90230294788661	60.554103642059715	55.60921179154644	55.60672495660091	4.947378685458808	0	0	3	46.3410098262887	15	0.2	1	41.90409266042802	9.145566825841732		dr
71.97123716342259	47.98082477561507 	23.990412387807517	73.47743691205731	71.9712371634226	71.9712371634226	0	-3.0123994972694277	0	2	39.98402064634588	15	0.2	1	42.619977053356465	9.49901552969806		dr
72.98637973442275	48.65758648961516 	24.328793244807592	73.47763133960001	72.98637973442274	72.98637973442274	0	-0.9825032103545226	0	2	40.547988741345975	15	0.2	1	43.32617246454405	9.843894081212234		dr
67.55642701951331	45.037618013008874 	22.518809006504434	67.55645874266698	67.55642701951331	67.55642701951331	0.00006344630735100054	0	0	2	37.531348344174056	15	0.2	1	43.87686006806609	10.13196032951433		dr
70.4655822906893	46.97705486045953 	23.488527430229766	70.46561523498771	70.4655822906893	70.4655822906893	0.00006588859683631654	0	0	2	39.14754571704961	15	0.2	1	44.467720561902155	10.428772931752452		dr
68.03044790714921	45.353631938099475 	22.676815969049734	68.50411457690993	68.03044790714921	68.03044790714921	0.9473333395214496	0	0	2	37.79469328174956	15	0.2	1	44.9799537650597	10.695034736911088		dr
62.583383615687474	41.72225574379165 	20.861127871895825	63.53186040107112	62.583383615687474	62.583383615687474	0	-1.8969535707672947	0	2	34.76854645315971	15	0.2	1	45.354494825711356	10.911334590846932		dr
63.348515238404545	47.511386428803405 	15.83712880960114	69.67205088168345	63.34851523840454	64.76568441531965	9.157873997109121	0	0	3	52.790429365337125	15	0.2	1	45.7293702509758	11.013955303737646		dr
61.59065073784155	41.0604338252277 	20.530216912613852	62.62588375123568	61.59065073784155	61.59065073784155	2.0704660267882673	0	0	2	34.21702818768975	15	0.2	1	46.05306985274858	11.208164724326956		dr
59.55889181395429	39.70592787596952 	19.852963937984768	60.555571258621896	59.55889181395428	59.55889181395428	0	-1.9933588893352265	0	2	33.088273229974604	15	0.2	1	46.32318629197269	11.381060708600112		dr
64.06756776899432	42.71171184599621 	21.35585592299811	65.50897109502475	64.06756776899432	64.06756776899432	2.88280665206085	0	0	2	35.59309320499685	15	0.2	1	46.67111534054174	11.576644928490268		dr
62.62636243213144	41.75090828808763 	20.875454144043808	62.626390002358306	62.626362432131444	62.626362432131444	0.00005514045372478904	0	0	2	34.79242357340635	15	0.2	1	46.977947015379996	11.755468182635529		dr
62.66737847160035	41.77825231440023 	20.889126157200124	65.50923464476135	62.667378471600344	62.667378471600344	0	-5.683712346322004	0	2	34.81521026200019	15	0.2	1	47.27397402398793	11.927801351966938		dr
68.60837494037021	45.738916626913486 	22.869458313456725	74.59007918986951	68.60837494037023	68.60837494037023	11.963408498998582	0	0	2	38.11576385576123	15	0.2	1	47.66905552243946	12.130424629031562		dr
66.53405002230471	44.35603334820314 	22.17801667410157	67.55846768148015	66.53405002230471	66.53405002230471	0	-2.0488353183508963	0	2	36.963361123502615	15	0.2	1	48.012055422437	12.31310812076011		dr
70.22516735479691	46.81677823653127 	23.40838911826564	73.47991099813277	70.22516735479691	70.22516735479691	0	-6.509487286671714	0	2	39.01398186377606	15	0.2	1	48.40871813551486	12.511238138572708		dr
63.03332834599643	42.02221889733095 	21.01110944866548	65.50992944600695	63.03332834599642	63.03332834599642	0	-4.953202200021046	0	2	35.018515747775794	15	0.2	1	48.665290244470675	12.66035868787258		dr
65.8692185052329	43.91281233682193 	21.956406168410965	66.97077289809067	65.8692185052329	65.8692185052329	0	-2.203108785715557	0	2	36.59401028068494	15	0.2	1	48.96190969724244	12.820635368571518		dr
66.54785863800899	44.36523909200599 	22.182619546002996	70.46814437464775	66.54785863800899	66.54785863800899	7.840571473277514	0	0	2	36.97103257667166	15	0.2	1	49.25997662844187	12.979313066494086		dr
72.94904834033484	48.63269889355657 	24.31634944677827	75.4298256010938	72.94904834033485	72.94904834033485	4.961554521517897	0	0	2	40.5272490779638	15	0.2	1	49.65479449030675	13.168263672832156		dr
83.41586995837827	55.610579972252175 	27.80528998612609	89.38805302031116	83.41586995837827	83.41586995837827	11.944366123865777	0	0	2	46.34214997687681	15	0.2	1	50.208254743881696	13.408214923869762		dr
89.85950782560072	59.906338550400484 	29.95316927520023	90.33063225083713	89.85950782560073	89.85950782560073	0	-0.9422488504728079	0	2	49.9219487920004	15	0.2	1	50.84779108390942	13.675069026310576		dr
86.91944273042829	57.94629515361887 	28.973147576809417	89.38860364891217	86.9194427304283	86.9194427304283	0	-4.938321836967745	0	2	48.28857929468238	15	0.2	1	51.420356983060515	13.917895669969289		dr
78.48126079693319	52.32084053128879 	26.160420265644397	79.5179300081066	78.48126079693319	78.48126079693319	0	-2.0733384223468363	0	2	43.60070044274066	15	0.2	1	51.84318360515228	14.109185116776711		dr
78.9201548278507	52.61343655190046 	26.30671827595023	80.39555464382157	78.9201548278507	78.9201548278507	2.9507996319417344	0	0	2	43.84453045991705	15	0.2	1	52.25975239319379	14.296839473071689		dr
76.43813548760603	50.95875699173737 	25.479378495868666	77.44508769998265	76.43813548760605	76.43813548760605	2.013904424753221	0	0	2	42.46563082644779	15	0.2	1	52.626091530987914	14.466271882508007		dr
76.43837030124699	50.95891353416467 	25.47945676708232	77.44533283595435	76.438370301247	76.438370301247	2.0139250694146824	0	0	2	42.46576127847055	15	0.2	1	52.98149867681267	14.630647776307624		dr
76.01951031713847	50.67967354475899 	25.339836772379478	77.445572133164	76.01951031713848	76.01951031713848	2.852123632051047	0	0	2	42.23306128729915	15	0.2	1	53.320292965640995	14.788135849779268		dr
76.50091971513804	51.00061314342535 	25.50030657171269	79.5192600567768	76.50091971513802	76.50091971513802	0	-6.036680683277538	0	2	42.50051095285446	15	0.2	1	53.65624407795254	14.943384700821783		dr
73.96650518293029	49.31100345528686 	24.655501727643433	75.43207055021894	73.96650518293029	73.96650518293029	0	-2.9311307345773088	0	2	41.092502879405714	15	0.2	1	53.94639066516651	15.082129229776378		dr
65.51273250561601	43.67515500374401 	21.837577501872005	65.5127612531109	65.51273250561601	65.51273250561601	0.00005749498976115319	0	0	2	36.39596250312001	15	0.2	1	54.10929688827144	15.177276388538287		dr
48.15291463376345	36.114685975322594 	12.038228658440858	52.79705802517548	48.15291463376346	48.63419268032605	0	-5.606699484537209	0	3	40.12742886146955	15	0.2	1	54.026569356958824	15.133678503398045		dr
4.549597385835427	16.986993994905745 	-12.43739660907032	38.723292384317205	31.24359685863253	21.837695690113016	0	-9.862181676547884	0	38	48.02352796159617	15	0.2	1	53.348802617628365	14.755992542953274		dr
11.274097182040405	18.010316951816826 	-6.736219769776421	38.28766259027206	35.90414097603284	19.090986256259683	9.544133274284185	-0.7925558333763344	1	17	53.238792248524135	14	0.16666666666666666	1	52.78022551714745	14.4655572414299		dr
46.49363434921903	34.87022576191428 	11.623408587304752	47.289628233342576	46.493634349219036	46.105634380520435	1.2039877995484716	-0.01999394672633059	0	3	38.74469529101586	14	0.16666666666666666	1	52.69640430157507	14.427661926041564		dr
33.42153918646464	26.737231349171708 	6.684307837292934	43.229336301844505	37.51365230539521	34.65581030717057	0	-9.452690968720013	0	4	37.135043540516264	14	0.16666666666666666	1	52.44278765532361	14.325775688031714		dr
11.552023716708419	13.04342010186115 	-1.491396385152731	36.483285471413545	32.11586567388955	9.758806101709094	9.28122320718297	-8.037172580387477	1	16	51.342327629815195	13	0.2857142857142857	0.5	51.91173877300394	14.120357868899449		dr
54.92158173012983	41.191186297597376 	13.730395432532454	62.41484745692278	54.92158173012984	54.72497362746728	7.6898738294555	0	0	3	45.76798477510819	13	0.2857142857142857	0.5	51.9503265032235	14.115358350484488		dr
63.117738178613045	42.07849211907536 	21.03924605953769	63.435783762321975	63.11773817861304	63.11773817861304	0	-0.6360911674178666	0	2	35.06541009922947	13	0.2857142857142857	0.5	52.091686144684125	14.20300249870035		dr
69.26950883661347	46.17967255774232 	23.089836278871147	69.26952481822308	69.26950883661348	69.26950883661348	0.00003196321920029277	0	0	2	38.48306046478526	13	0.2857142857142857	0.5	52.30640892833325	14.314087920952485		dr
73.6555591945345	49.10370612968967 	24.551853064844835	75.11865189128372	73.6555591945345	73.6555591945345	0	-2.9261853934984146	0	2	40.919755108074725	13	0.2857142857142857	0.5	52.5699786847061	14.440480083222761		dr
75.5075393657597	50.33835957717313 	25.16917978858657	78.04805626802285	75.5075393657597	75.5075393657597	5.0810338045262995	0	0	2	41.94863298097761	13	0.2857142857142857	0.5	52.84970503447505	14.571317884507685		dr
75.19971918380098	50.13314612253398 	25.066573061267	78.76507788287043	75.19971918380097	75.19971918380097	7.130717398138927	0	0	2	41.77762176877832	13	0.2857142857142857	0.5	53.11898231338259	14.697766742059002		dr
78.14867189946355	52.09911459964237 	26.04955729982118	78.7651736654968	78.14867189946355	78.14867189946355	0	-1.233003532066519	0	2	43.4159288330353	13	0.2857142857142857	0.5	53.41695480845498	14.832907105841885		dr
78.40686212716886	52.271241418112574 	26.13562070905629	78.76529340305977	78.40686212716886	78.40686212716886	0	-0.7168625517818157	0	2	43.559367848427144	13	0.2857142857142857	0.5	53.71095371808691	14.96588020705617		dr
77.7880315875754	51.85868772505028 	25.929343862525123	78.76542510527456	77.78803158757542	77.78803158757542	0	-1.954787035398283	0	2	43.21557310420856	13	0.2857142857142857	0.5	53.99091973982515	15.09336234258488		dr
72.96765018954103	48.64510012636068 	24.32255006318035	72.9676722168255	72.96765018954102	72.96765018954102	0.00004405456897416116	0	0	2	40.5375834386339	13	0.2857142857142857	0.5	54.20904307832763	15.19944496006299		dr
67.7267975197677	45.1511983465118 	22.575599173255902	68.26031805595514	67.7267975197677	67.7267975197677	0	-1.0670410723748773	0	2	37.625998622093164	13	0.2857142857142857	0.5	54.36265392425309	15.283264894303818		dr
66.84567269798212	44.56378179865476 	22.281890899327365	68.26044664967473	66.84567269798214	66.84567269798214	0	-2.8295479033852047	0	2	37.13648483221229	13	0.2857142857142857	0.5	54.502912562160155	15.361901141551273		dr
67.72707669298505	45.151384461990034 	22.575692230995017	68.26059503114354	67.72707669298505	67.72707669298505	0	-1.0670366763169739	0	2	37.62615371832503	13	0.2857142857142857	0.5	54.649847719169315	15.442054375878426		dr
62.88311831742942	41.92207887828628 	20.961039439143143	64.31714951691002	62.88311831742942	62.88311831742942	2.868062398961193	0	0	2	34.93506573190523	13	0.2857142857142857	0.5	54.7403232202491	15.50270256338683		dr
63.465764258721805	42.31050950581454 	21.15525475290727	64.31727386930116	63.465764258721805	63.465764258721805	1.703019221158705	0	0	2	35.258757921512114	13	0.2857142857142857	0.5	54.835164970667286	15.564143348055529		dr
62.62160017905707	41.747733452704715 	20.873866726352354	65.4313594813727	62.62160017905707	62.62160017905707	0	-5.61951860463126	0	2	34.789777877253925	13	0.2857142857142857	0.5	54.91889008043492	15.621237147822162		dr
43.630320399551	32.72274029966326 	10.907580099887745	50.09159265662661	43.63032039955101	43.23063929111124	0	-6.860953365515371	0	3	36.35860033295917	13	0.2857142857142857	0.5	54.798798913617006	15.57109186007818		dr
32.50328291754265	27.08606909795221 	5.41721381959044	37.56876668384377	35.88341988874356	33.597100740853115	1.0843744423099793	-6.603096766282146	0	5	45.14344849658701	13	0.2857142857142857	0.5	54.564109271553065	15.464208933336204		dr
2.296042439406785	8.454698234704358 	-6.158655795297573	24.064823346631204	19.223158283404874	7.158987231408679	4.192885510448885	-8.70240967186019	0	68	43.36969052212817	13	0.2857142857142857	0.5	54.01965024205154	15.238970759079601		dr
22.516958603288288	20.265262742959457 	2.25169586032883	45.207791620433575	39.313328637337364	21.476960523566802	14.177589909604965	-0.3310300804426092	1	9	56.29239650822072	12.5	0.375	0.3333333333333333	53.69488022515707	15.105081327133718		dr
51.6467159572167	38.73503696791253 	12.911678989304171	57.026293100159876	51.646715957216706	48.95693832675541	8.069354773404463	0	0	3	43.03892996434725	12.5	0.375	0.3333333333333333	53.673980589769926	15.082699670625253		dr
54.79192141337807	41.09394106003356 	13.697980353344512	58.59172912841234	54.79192141337808	54.72699720448352	7.534691221173979	-3.669959297245157	0	3	45.65993451114839	12.5	0.375	0.3333333333333333	53.68527292132152	15.068712606814337		dr
69.13576318173968	46.09050878782646 	23.04525439391322	73.95332463858882	69.13576318173969	69.13576318173969	9.635122913698282	0	0	2	38.40875732318871	12.5	0.375	0.3333333333333333	53.83977782392571	15.148478024685325		dr
67.72847715894449	45.15231810596299 	22.576159052981495	68.26202932924949	67.72847715894449	67.72847715894449	1.0671043406100154	0	0	2	37.626931754969156	12.5	0.375	0.3333333333333333	53.97728969852985	15.22201942100509		dr
60.989565039430694	40.65971002628712 	20.329855013143572	61.45036756288341	60.98956503943069	60.98956503943069	0	-0.9216050469054338	0	2	33.883091688572605	12.5	0.375	0.3333333333333333	54.04603749598967	15.272096240535857		dr
39.463930248565305	31.571144198852245 	7.8927860497130595	45.20827765262596	41.66098250347063	39.887334928892955	0	-6.511274066696139	0	4	43.84881138729478	12.5	0.375	0.3333333333333333	53.90446363921856	15.200452452275442		dr
38.932740504413616	31.146192403530893 	7.786548100882722	42.29250419401855	39.748645519704716	38.476716182547804	5.807478735478263	-1.8147225989503042	0	4	43.25860056045957	12.5	0.375	0.3333333333333333	53.76050476292236	15.12916491043513		dr
46.458156171096235	34.84361712832218 	11.614539042774055	48.957572988066325	46.45815617109624	45.20846512093649	3.7491425837804258	-3.749107867129837	0	3	38.71513014258019	12.5	0.375	0.3333333333333333	53.69095858585735	15.095692283124071		dr
50.63479431799935	37.97609573849951 	12.658698579499841	53.98908378512743	50.634794317999344	48.95766782164953	5.031452437906346	-5.031415963477897	0	3	42.19566193166612	12.5	0.375	0.3333333333333333	53.66212684748133	15.072701776486106		dr
50.0820603078151	37.56154523086133 	12.520515076953771	51.0577722853126	50.082060307815105	51.05775649189926	0.000015793413339793005	-2.9271201390791646	0	3	41.73505025651258	12.5	0.375	0.3333333333333333	53.62866828169006	15.048849564340946		dr
47.72557580888913	35.79418185666685 	11.93139395222228	48.95779913234832	47.72557580888914	48.130733769059006	2.8696046070882417	-0.8270653632893143	0	3	39.77131317407428	12.5	0.375	0.3333333333333333	53.574010018053016	15.019984234599107		dr
49.918034368457484	37.43852577634311 	12.479508592114371	51.838366241521626	49.918034368457484	48.95787937633606	2.880486865185567	0	0	3	41.59836197371457	12.5	0.375	0.3333333333333333	53.54046895704755	14.996677118613007		dr
59.561513672897874	44.67113525467341 	14.890378418224465	60.52953693099735	59.56151367289788	60.52950927722472	0.000027653772633584595	-2.904042120525787	0	3	49.63459472741489	12.5	0.375	0.3333333333333333	53.59520572719164	14.995710766791293		dr
67.72958917094863	45.153059447299086 	22.576529723649543	68.26308771623117	67.72958917094863	67.72958917094863	0	-1.0669970905650814	0	2	37.6275495394159	12.5	0.375	0.3333333333333333	53.722542514973235	15.064006433069297		dr
68.7292434441044	45.81949562940293 	22.90974781470147	71.10410319107802	68.7292434441044	68.7292434441044	4.749719493947254	0	0	2	38.18291302450244	12.5	0.375	0.3333333333333333	53.85653091612619	15.134057695405298		dr
71.10914231714405	47.40609487809604 	23.703047439048007	73.95490017326163	71.10914231714406	71.10914231714406	0	-5.691515712235159	0	2	39.505079065080025	12.5	0.375	0.3333333333333333	54.00920889312634	15.209889463048153		dr
70.59248638976521	47.06165759317681 	23.530828796588402	71.10439380545455	70.59248638976521	70.59248638976521	1.0238148313786866	0	0	2	39.218047994314006	12.5	0.375	0.3333333333333333	54.15467623958809	15.2828801589564		dr
65.75825299356609	43.83883532904406 	21.91941766452203	67.19657294972284	65.75825299356609	65.75825299356609	0	-2.876639912313479	0	2	36.532362774203385	12.5	0.375	0.3333333333333333	54.25557690701399	15.34058918074393		dr
53.84455353691266	40.3834151526845 	13.461138384228164	55.74628845609741	53.84455353691266	54.728723366817626	3.670074578994665	-4.68763966827445	0	3	44.87046128076055	12.5	0.375	0.3333333333333333	54.252033602099324	15.324387018705		dr
36.587315587204756	29.269852469763805 	7.317463117440951	46.08895731507784	39.784717749428076	36.63259796660319	0	-7.5179749427779825	0	4	40.65257287467195	12.5	0.375	0.3333333333333333	54.10105310624552	15.25595177168565		dr
3.0619516508727846	11.990749691103854 	-8.928798040231069	33.598492466061344	28.49043618504037	9.759426224841178	9.579267757267491	-5.932446300755818	0	59	50.18198538930397	13	0.3333333333333333	0.3333333333333333	53.66851834814915	15.050996264805		dr
44.00666962454634	35.205335699637075 	8.801333924909265	48.13174290067627	45.21165877437531	43.75161671122483	2.9221321634063457	0	0	4	48.896299582829265	13	0.3333333333333333	0.3333333333333333	53.58732634206846	14.998478093881506		dr
47.43344686897622	35.57508515173217 	11.858361717244051	48.958864164448265	47.433446868976226	48.13181710453951	3.7492048265073734	-0.8270470599087574	0	3	39.52787239081351	13	0.3333333333333333	0.3333333333333333	53.536044013126016	14.972310457409526		dr
48.95895169989864	36.71921377492398 	12.239737924974662	48.9589735872901	48.95895169989863	48.95895169969396	0.000021887596140857113	0	0	3	40.7991264165822	13	0.3333333333333333	0.3333333333333333	53.49821680392579	14.949727213339816		dr
55.251752205285825	41.43881415396436 	13.812938051321467	55.74693711038883	55.25175220528582	55.74686413724477	1.4854817421649713	-1.4854087690209141	0	3	46.043126837738185	13	0.3333333333333333	0.3333333333333333	53.51259004492054	14.940409269388846		dr
59.547047961380066	44.66028597103505 	14.886761990345015	61.45268316602923	59.54704796138006	58.594264737785394	2.858487185703673	-2.858418428243837	0	3	49.62253996781672	13	0.3333333333333333	0.3333333333333333	53.5616506783877	14.939973112648653		dr
57.649058946828944	43.23679421012171 	14.412264736707236	61.452864782261486	57.649058946828944	55.747172245275465	5.705692536986021	0	0	3	48.04088245569079	13	0.3333333333333333	0.3333333333333333	53.59461364829448	14.935717399939447		dr
65.43515334623469	43.62343556415646 	21.811717782078226	65.435176852399	65.43515334623469	65.43515334623469	0.00004701232862203142	0	0	2	36.35286297013038	13	0.3333333333333333	0.3333333333333333	53.689337965878	14.990725402996556		dr
70.94233646954395	47.29489097969597 	23.647445489847975	72.33761817629717	70.94233646954396	70.94233646954396	0	-2.790563413506433	0	2	39.41240914974664	13	0.3333333333333333	0.3333333333333333	53.82626652543091	15.05942953066998		dr
72.53163503209662	48.35442335473109 	24.177211677365527	73.9570080629599	72.53163503209663	72.53163503209663	0	-2.8507460617265536	0	2	40.29535279560923	13	0.3333333333333333	0.3333333333333333	53.973552891625125	15.131223090880182		dr
72.33589691837531	48.22393127891687 	24.11196563945844	74.58916142016365	72.33589691837531	72.33589691837531	0	-4.506529003576674	0	2	40.18660939909739	13	0.3333333333333333	0.3333333333333333	54.11700870433411	15.20138514204095		dr
69.27602877743608	46.184019184957386 	23.092009592478696	69.27604475469168	69.27602877743608	69.27602877743608	0.00003195451120063808	0	0	2	38.48668265413116	13	0.3333333333333333	0.3333333333333333	54.23452048784653	15.262552773439692		dr
65.03541041067305	43.35694027378204 	21.678470136891015	65.74901305425756	65.03541041067305	65.03541041067305	1.4272052871690306	0	0	2	36.130783561485025	13	0.3333333333333333	0.3333333333333333	54.317604256483655	15.31190598392778		dr
69.69904188573143	46.46602792382097 	23.233013961910466	72.19940069955862	69.69904188573145	69.69904188573145	5.000717627654353	0	0	2	38.721689936517464	13	0.3333333333333333	0.3333333333333333	54.435019810905395	15.372372457042152		dr
69.67971945440868	46.453146302939125 	23.22657315146956	70.08308521708146	69.67971945440868	69.67971945440868	0.8067315253455547	0	0	2	38.71095525244927	13	0.3333333333333333	0.3333333333333333	54.55050995971981	15.431873977454481		dr
67.73243515934382	45.15495677289588 	22.577478386447943	68.26595614783429	67.73243515934382	67.73243515934382	1.0670419769809314	0	0	2	37.6291306440799	13	0.3333333333333333	0.3333333333333333	54.64962217926586	15.485600326394282		dr
64.11321190706049	42.74214127137366 	21.371070635686827	66.77240581217636	64.11321190706049	64.11321190706049	0	-5.318387810231748	0	2	35.61845105947805	13	0.3333333333333333	0.3333333333333333	54.72024598320463	15.529521746612884		dr
62.03660120874565	41.35773413916377 	20.678867069581884	62.61910269592098	62.03660120874565	62.03660120874565	1.1650029743506636	0	0	2	34.46477844930314	13	0.3333333333333333	0.3333333333333333	54.774441207097524	15.567665045301544		dr
64.43953801805168	42.95969201203445 	21.479846006017226	65.43646491552437	64.43953801805168	64.43953801805168	1.993853794945366	0	0	2	35.799743343362046	13	0.3333333333333333	0.3333333333333333	54.84550809541336	15.611136964130337		dr
62.734354930356034	41.82290328690402 	20.91145164345201	64.01438312281003	62.734354930356034	62.734354930356034	2.5600563849079947	0	0	2	34.85241940575335	13	0.3333333333333333	0.3333333333333333	54.90309091902608	15.649825392446553		dr
66.29471099201432	44.19647399467622 	22.0982369973381	68.26663861847767	66.29471099201433	66.29471099201433	3.9438552529266957	0	0	2	36.83039499556351	13	0.3333333333333333	0.3333333333333333	54.98563889056947	15.696553012771854		dr
64.02821665878578	42.68547777252385 	21.342738886261927	65.43683158550931	64.02821665878578	64.02821665878578	0	-2.81722985344706	0	2	35.57123147710321	13	0.3333333333333333	0.3333333333333333	55.050693406887575	15.737173055027178		dr
65.89757003872342	43.931713359148944 	21.965856679574472	66.35814866222458	65.89757003872342	65.89757003872342	0	-0.9211572470023413	0	2	36.609761132624115	13	0.3333333333333333	0.3333333333333333	55.12817109711497	15.781663652345372		dr
67.20001943183794	44.80001295455863 	22.400006477279312	67.20003952915567	67.20001943183794	67.20001943183794	0.00004019463546001134	0	0	2	37.333344128798856	13	0.3333333333333333	0.3333333333333333	55.213787042751306	15.828602253940648		dr
70.59631273691646	47.06420849127765 	23.532104245638813	71.10819240244086	70.59631273691647	70.59631273691647	1.0237593310487938	0	0	2	39.22017374273137	13	0.3333333333333333	0.3333333333333333	55.32211468848487	15.882852267966694		dr
68.33163733063022	45.5544248870868 	22.777212443543412	72.3398217778488	68.3316373306302	68.3316373306302	0	-8.016368894437178	0	2	37.96202073923901	13	0.3333333333333333	0.3333333333333333	55.41309037129707	15.93106457688681		dr
66.85242664095021	44.568284427300135 	22.284142213650078	68.2674199798521	66.8524266409502	66.8524266409502	2.829986677803788	0	0	2	37.140237022750114	13	0.3333333333333333	0.3333333333333333	55.492530206503005	15.975183171586556		dr
63.4719756006989	42.31465040046593 	21.157325200232968	64.3236633015462	63.4719756006989	63.4719756006989	0	-1.7033754016946148	0	2	35.26220866705494	13	0.3333333333333333	0.3333333333333333	55.54756086439401	16.010922082128946		dr
58.289560804822344	43.717170603616765 	14.572390201205579	64.32378763977347	58.28956080482235	57.6296022421019	0	-6.694185397671568	0	3	48.57463400401862	13	0.3333333333333333	0.3333333333333333	55.56634168590379	16.001069124040427		dr
56.50981538055879	42.38236153541909 	14.127453845139698	62.62050176046478	56.50981538055879	53.99353755749906	0	-8.626964202965716	0	3	47.091512817132326	13	0.3333333333333333	0.3333333333333333	55.5727598743028	15.988323441871037		dr
34.60756961190376	27.686055689523005 	6.921513922380758	40.39400188508542	37.79399917936336	36.49399782650233	1.0065183274888128	-8.552231185883088	0	4	38.45285512433751	13	0.3333333333333333	0.3333333333333333	55.43110318334064	15.927061215387994		dr
1.2451133082988308	10.046682923832615 	-8.801569615533783	16.302171606520005	16.211449734729552	11.976538825981105	3.430194806816539	-9.759987128077954	0	125	43.23310098259829	14	0.3	0.3333333333333333	55.06743882176318	15.761097250079793		dr
3.2124142747325846	9.355404910609716 	-6.142990635877132	36.488235361054386	30.163094637039123	6.363190332460268	8.703399052473207	-9.759961397172287	0	57	50.863226016599256	15	0.2727272727272727	0.3333333333333333	54.721738658116315	15.615069997506748		dr
50.905609491603784	38.17920711870284 	12.726402372900942	53.993855667345656	50.90560949160379	50.588202650360785	3.4056530169848713	0	0	3	42.421341243003155	15	0.2727272727272727	0.3333333333333333	54.696466279530135	15.595939748337171		dr
61.33799052688183	40.891993684587895 	20.445996842293937	62.80848938117017	61.33799052688184	61.33799052688184	2.940997708576667	0	0	2	34.07666140382324	15	0.2727272727272727	0.3333333333333333	54.74016051799955	15.627848018692148		dr
68.5212678238662	45.6808452159108 	22.840422607955396	68.69704534886078	68.5212678238662	68.5212678238662	0	-0.3515550499891589	0	2	38.067371013259	15	0.2727272727272727	0.3333333333333333	54.83023311476992	15.674989029079493		dr
67.04868503170532	44.6991233544702 	22.349561677235116	68.345522696265	67.0486850317053	67.0486850317053	0	-2.593675329119364	0	2	37.24926946205851	15	0.2727272727272727	0.3333333333333333	54.90957371163313	15.718330409911673		dr
65.56818320056634	43.7121221337109 	21.85606106685544	65.75187817817944	65.56818320056635	65.56818320056635	0	-0.3673899552261872	0	2	36.42676844475908	15	0.2727272727272727	0.3333333333333333	54.97833893414238	15.757928672214536		dr
71.30736514533096	47.53824343022065 	23.76912171511031	74.2691104178468	71.30736514533098	71.30736514533098	5.923490545031669	0	0	2	39.6152028585172	15	0.2727272727272727	0.3333333333333333	55.08301217908589	15.80928247377156		dr
71.64426489778332	47.76284326518888 	23.88142163259444	71.64427611389847	71.64426489778332	71.64426489778332	0.000022432230309732404	0	0	2	39.80236938765739	15	0.2727272727272727	0.3333333333333333	55.18849786519224	15.860697372872345		dr
71.475793224979	47.650528816652674 	23.825264408326326	71.64432098065788	71.47579322497901	71.47579322497901	0.3370555113577467	0	0	2	39.708774013877225	15	0.2727272727272727	0.3333333333333333	55.291582013039	15.91110602499547		dr
71.9235027268309	47.94900181788727 	23.974500908943632	72.20260596260617	71.9235027268309	71.9235027268309	0	-0.5582064715505339	0	2	39.957501514906056	15	0.2727272727272727	0.3333333333333333	55.39618528796851	15.961819200366214		dr
73.75917498351886	49.1727833223459 	24.58639166117296	75.873849533829	73.75917498351885	73.75917498351885	0	-4.229349100620311	0	2	40.97731943528825	15	0.2727272727272727	0.3333333333333333	55.5109539735657	16.015722778246257		dr
72.20281185586734	48.13520790391156 	24.067603951955782	72.20282854737847	72.20281185586734	72.20281185586734	0.00003338302225586176	0	0	2	40.11267325325963	15	0.2727272727272727	0.3333333333333333	55.61463010948061	16.06573446255501		dr
69.27962934212125	46.18641956141416 	23.09320978070709	69.2796453202232	69.27962934212124	69.27962934212124	0.00003195620391238663	0	0	2	38.488682967845136	15	0.2727272727272727	0.3333333333333333	55.69898195659568	16.109113939827555		dr
69.68305568619235	46.45537045746156 	23.227685228730785	70.08640213848042	69.68305568619235	69.68305568619235	0.8066929045761526	0	0	2	38.7128087145513	15	0.2727272727272727	0.3333333333333333	55.78477381996744	16.152786156323895		dr
68.2234320357919	45.482288023861265 	22.741144011930636	70.0865074275451	68.2234320357919	68.2234320357919	3.726150783506398	0	0	2	37.90190668655106	15	0.2727272727272727	0.3333333333333333	55.8606192968932	16.192959070077595		dr
66.78133434617631	44.52088956411753 	22.260444782058777	67.2021696090744	66.7813343461763	66.7813343461763	0	-0.8416705257962036	0	2	37.10074130343128	15	0.2727272727272727	0.3333333333333333	55.926805448707036	16.22973171075627		dr
61.656942712351785	41.10462847490119 	20.552314237450595	63.44545234665975	61.656942712351785	61.656942712351785	0	-3.5770192686159277	0	2	34.25385706241766	15	0.2727272727272727	0.3333333333333333	55.96132434788562	16.255771364531537		dr
56.18532976032167	42.13899732024126 	14.046332440080413	57.63106159992033	56.18532976032168	56.93010095717534	0.7009606427449881	-3.6362348760509775	0	3	46.82110813360139	15	0.2727272727272727	0.3333333333333333	55.96266569766068	16.242541191331227		dr
40.344886473433135	32.27590917874651 	8.068977294686626	46.09278466280402	42.59276175513943	40.84275030130712	0	-5.787132756341222	0	4	44.82765163714792	15	0.2727272727272727	0.3333333333333333	55.8697027260879	16.193889025279773		dr
8.81643953462439	14.961651721764587 	-6.1452121871401975	29.934368001087158	27.326898996694457	16.581607320334445	7.249899441646328	-8.703596065597468	1	20	48.98021963680216	14	0.25	0.3333333333333333	55.59128105039877	16.06170499443705		dr
46.67747773368618	37.34198218694895 	9.335495546737235	51.06335473925401	48.13756460670726	46.67466954043387	2.9274865146602522	0	0	4	51.8638641485402	14	0.25	0.3333333333333333	55.53884691324164	16.022139056509403		dr
60.09207299799193	45.06905474849395 	15.02301824949798	62.809958632225836	60.09207299799194	60.53580556356603	3.6053507653820986	0	0	3	50.076727498326605	14	0.25	0.3333333333333333	55.565473966368835	16.016296244772494		dr
66.36117570434321	44.24078380289547 	22.12039190144774	66.36119096864303	66.36117570434321	66.36117570434321	0.00003052859963759147	0	0	2	36.86731983574623	14	0.25	0.3333333333333333	55.62823967414776	16.05178517300898		dr
70.74243632148152	47.161624214321 	23.58081210716052	72.20411950759987	70.7424363214815	70.7424363214815	2.923366372236714	0	0	2	39.301353511934174	14	0.25	0.3333333333333333	55.71560497268726	16.09530555991159		dr
73.66755323470412	49.11170215646941 	24.555851078234703	75.13093132192786	73.66755323470412	73.66755323470412	2.9267561744474904	0	0	2	40.92641846372451	14	0.25	0.3333333333333333	55.81877708913562	16.14392938472954		dr
72.28723089304063	48.19148726202709 	24.09574363101354	75.87550429211264	72.28723089304063	72.28723089304063	7.176546798144031	0	0	2	40.1595727183559	14	0.25	0.3333333333333333	55.91288253944365	16.189368323279734		dr
73.76088977343699	49.17392651562466 	24.58696325781233	75.87561920428209	73.76088977343699	73.76088977343699	4.229458861690205	0	0	2	40.97827209635388	14	0.25	0.3333333333333333	56.01429167145498	16.237081930862306		dr
71.11866848484816	47.41244565656544 	23.70622282828272	75.87568814410389	71.11866848484816	71.11866848484816	0	-9.514039318511465	0	2	39.5103713804712	14	0.25	0.3333333333333333	56.099627133677544	16.279280467005922		dr
70.74292638634013	47.161950924226765 	23.580975462113365	72.20462029823493	70.74292638634014	70.74292638634014	2.923387823789568	0	0	2	39.30162577018896	14	0.25	0.3333333333333333	56.181892859816095	16.3203012254054		dr
67.82158086895285	45.21438724596857 	22.607193622984283	69.28136029728202	67.82158086895285	67.82158086895285	2.919558856658341	0	0	2	37.67865603830714	14	0.25	0.3333333333333333	56.24691904981127	16.355423529302488		dr
63.44672745660009	42.29781830440006 	21.148909152200027	63.44674200140761	63.44672745660009	63.44672745660009	0.00002908961503322871	0	0	2	35.24818192033338	14	0.25	0.3333333333333333	56.28691798540454	16.382054004985253		dr
64.90438196942732	43.269587979618215 	21.634793989809104	66.36195405755312	64.90438196942732	64.90438196942732	0	-2.9151441762516015	0	2	36.057989983015176	14	0.25	0.3333333333333333	56.334528283658805	16.411074667884833		dr
61.673779726079	41.115853150719325 	20.557926575359673	62.810859752202795	61.67377972607899	61.67377972607899	0	-2.274160052247616	0	2	34.263210958932774	14	0.25	0.3333333333333333	56.363864830045735	16.433859568475352		dr
60.31639125545813	45.23729344159359 	15.079097813864536	63.446994118617454	60.31639125545812	59.86986845080933	3.577125667808126	0	0	3	50.263659379548436	14	0.25	0.3333333333333333	56.38546333510263	16.426456498778023		dr
61.65850212792744	41.105668085284954 	20.552834042642488	63.44704259684919	61.658502127927434	61.658502127927434	0	-3.5770809378435118	0	2	34.25472340440413	14	0.25	0.3333333333333333	56.41412115462885	16.44888246369033		dr
64.5867269831723	43.05781798878153 	21.52890899439077	66.36231016838603	64.5867269831723	64.5867269831723	0	-3.5511663704274596	0	2	35.881514990651276	14	0.25	0.3333333333333333	56.45829740235071	16.476342066558985		dr
66.36457774786115	44.24305183190743 	22.12152591595372	69.2819674551055	66.36457774786115	66.36457774786115	5.8347794144887075	0	0	2	36.86920985992286	14	0.25	0.3333333333333333	56.51155697410076	16.50669251736218		dr
62.09863679395386	41.39909119596924 	20.699545597984617	64.32712551575499	62.09863679395386	62.09863679395386	4.456977443602263	0	0	2	34.4992426633077	14	0.25	0.3333333333333333	56.54143440629249	16.529114191590107		dr
64.58697207871958	43.05798138581306 	21.528990692906525	66.36258487810724	64.58697207871958	64.58697207871958	3.5512255987753036	0	0	2	35.881651154844214	14	0.25	0.3333333333333333	56.5842298194437	16.555709279363064		dr
63.60679210893301	42.40452807262201 	21.202264036311	65.75483556632446	63.60679210893301	63.60679210893301	0	-4.296086914782897	0	2	35.337106727185	14	0.25	0.3333333333333333	56.621386233673796	16.580294225167023		dr
65.75593498029764	43.837289986865095 	21.918644993432544	68.70035396379659	65.75593498029764	65.75593498029764	5.888837966997912	0	0	2	36.53107498905424	14	0.25	0.3333333333333333	56.66946280602445	16.608390808157896		dr
67.51870144157537	45.012467627716916 	22.506233813858458	69.28237221704275	67.51870144157537	67.51870144157537	0	-3.52734155093475	0	2	37.5103896897641	14	0.25	0.3333333333333333	56.72626510254566	16.63926956735005		dr
67.8226839441135	45.215122629408995 	22.607561314704512	69.28245743103285	67.82268394411349	67.82268394411349	0	-2.919546973838706	0	2	37.67926885784084	14	0.25	0.3333333333333333	56.784058950678826	16.67035442020085		dr
61.67465026264924	41.11643350843283 	20.55821675421641	62.811780449580134	61.67465026264924	61.67465026264924	2.274260373861793	0	0	2	34.263694590360686	14	0.25	0.3333333333333333	56.809398802036185	16.690498784625802		dr
63.4478328541696	42.29855523611307 	21.14927761805653	63.447847398426404	63.4478328541696	63.4478328541696	0.00002908851361382858	0	0	2	35.24879603009422	14	0.25	0.3333333333333333	56.84361753426367	16.713482180674415		dr
64.41792140200104	42.94528093466736 	21.472640467333683	65.38793723085394	64.41792140200104	64.41792140200104	0	-1.940031657705788	0	2	35.7877341122228	14	0.25	0.3333333333333333	56.88246011820079	16.737888120606		dr
63.1299700958185	42.08664673054566 	21.04332336527284	63.44795405375274	63.12997009581849	63.12997009581849	0	-0.6359679158684983	0	2	35.07220560878805	14	0.25	0.3333333333333333	56.914335169107005	16.759854626956344		dr
64.5876610046862	43.0584406697908 	21.5292203348954	66.36328690658101	64.5876610046862	64.5876610046862	3.5512518037896186	0	0	2	35.882033891492334	14	0.25	0.3333333333333333	56.95328606167339	16.784064605169235		dr
65.34565367191036	43.563769114606906 	21.78188455730345	66.36337847113295	65.34565367191036	65.34565367191036	2.035449598445169	0	0	2	36.303140928839085	14	0.25	0.3333333333333333	56.99567175667458	16.809306120079		dr
61.58115227420652	41.05410151613768 	20.52705075806884	62.62435124407379	61.58115227420652	61.58115227420652	2.086397939734553	0	0	2	34.211751263448065	14	0.25	0.3333333333333333	57.01871437234057	16.827988253938248		dr
60.0301735386969	40.0201156924646 	20.0100578462323	61.45960211481149	60.0301735386969	60.0301735386969	2.8588571522291844	0	0	2	33.35009641038717	14	0.25	0.3333333333333333	57.03377166817235	16.843898601899717		dr
63.476434128467716	42.31762275231181 	21.158811376155903	64.32832097714856	63.47643412846772	63.47643412846772	1.703773697361683	0	0	2	35.26468562692651	14	0.25	0.3333333333333333	57.0658247152385	16.865365829632335		dr
65.76698125682269	43.84465417121512 	21.92232708560757	67.20555545994608	65.76698125682267	65.76698125682267	2.8771484062468033	0	0	2	36.53721180934593	14	0.25	0.3333333333333333	57.10889974762257	16.89040029129558		dr
64.3327960217527	42.88853068116847 	21.44426534058423	67.2056358343255	64.3327960217527	64.3327960217527	0	-5.745679625145627	0	2	35.740442234307054	14	0.25	0.3333333333333333	57.144485443554245	16.912833124050696		dr
62.632114605489996	41.75474307032667 	20.877371535163327	65.44245354475404	62.63211460549	62.63211460549	0	-5.620677878528092	0	2	34.79561922527222	14	0.25	0.3333333333333333	57.17138558650491	16.93226713586988		dr
59.263423735861195	44.44756780189589 	14.815855933965302	60.31971920168189	59.26342373586119	59.76069357373041	2.609860769510611	-0.5590256279514847	0	3	49.386186446550994	14	0.25	0.3333333333333333	57.18159065064812	16.921943178787416		dr
61.40737597129949	46.05553197847462 	15.351843992824868	64.84633751232981	61.407375971299494	59.760862231036	5.08547528129381	0	0	3	51.17281330941624	14	0.25	0.3333333333333333	57.20210417162215	16.91432133807886		dr
64.01355251038325	42.06013522350497 	21.953417286878278	65.86025186063483	63.09020283525746	63.09020283525746	5.540098050754743	0	0	3	53.34462709198604	14	0.25	0.3333333333333333	57.2350097191524	16.938664796768713		dr
69.70862265988887	46.472415106592585 	23.23620755329629	74.57020886456431	69.70862265988887	69.70862265988887	0	-9.723172409350866	0	2	38.72701258882715	14	0.25	0.3333333333333333	57.294979012136714	16.968941444636634		dr
71.17958459725106	47.45305639816738 	23.72652819908369	75.15166470319213	71.17958459725106	71.17958459725106	0	-7.944160211882121	0	2	39.54421366513948	14	0.25	0.3333333333333333	57.36141253168272	17.00127439561485		dr
75.70547539933337	50.4703169328889 	25.235158466444467	77.1347381923307	75.70547539933335	75.70547539933335	0	-2.858525585994684	0	2	42.05859744407409	14	0.25	0.3333333333333333	57.44876521200486	17.040483367380705		dr
72.74101654716468	48.494011031443115 	24.24700551572156	74.16802924794025	72.74101654716468	72.74101654716468	0	-2.854025401551155	0	2	40.41167585953593	14	0.25	0.3333333333333333	57.52124033681604	17.074637500785162		dr
65.39105567850878	43.59403711900586 	21.797018559502916	68.3521845587089	65.39105567850879	65.39105567850879	0	-5.922257760400228	0	2	36.32836426583821	14	0.25	0.3333333333333333	57.55836210729573	17.096912883137605		dr
43.56199729418921	32.6714979706419 	10.89049932354731	53.551180339065155	43.561997294189204	50.43429985521974	0	-23.733788166937025	0	3	36.30166441182434	14	0.25	0.3333333333333333	57.49265147437034	17.06777479130854		dr
16.971651983431347	15.666140292398163 	1.3055116910331837	41.72698773094358	33.86854747223184	14.83361172701505	11.866888446448382	-10.640323124478385	0	12	56.57217327810448	14	0.25	0.3333333333333333	57.30330100945941	16.994119356260526		dr
34.41167114751089	27.529336918008717 	6.88233422950217	38.7750272199211	36.9820632766058	36.08558130494814	6.903292644354444	-12.074532459694922	0	4	38.23519016390099	14	0.25	0.3333333333333333	57.196828312427094	16.947087797531417		dr
13.844705375610166	12.779728039024771 	1.064977336585395	35.600670966931595	30.656133332111835	8.90016774267717	8.900167738902567	-5.933445158010385	0	12	46.14901791870055	14	0.25	0.3333333333333333	56.996124039571455	16.873559508360373		dr
43.84919577305804	35.07935661844643 	8.76983915461161	44.68091764530343	44.62088898783916	44.59087465910703	3.1468015165887593	-2.9667225733426648	0	4	48.72132863673116	14	0.25	0.3333333333333333	56.9355391166843	16.836215174932956		dr
16.677165326451828	16.279386678271923 	0.39777864817990505	29.667216400670362	26.700500089430154	20.767054302567985	9.431974962276145	-20.15376528616277	0	9	41.69291331612957	14	0.25	0.3333333333333333	56.750867677279565	16.76080950279189		dr
37.41927788107695	31.182731567564122 	6.236546313512829	41.727000836595735	39.620591900882665	38.56738743113897	9.093052454330198	-6.126335516124534	0	5	51.97121927927354	14	0.25	0.3333333333333333	56.66259557775353	16.71275350649381		dr
16.337030886396906	14.851846260360821 	1.4851846260360855	32.879088918538955	28.924551028813486	14.70900190752726	9.558575833810357	-12.814203599280066	0	10	45.38064135110251	14	0.25	0.3333333333333333	56.47929755642918	16.64353728430991		dr
38.20109726284696	30.560877810277567 	7.64021945256939	44.48003746223703	41.58395912339315	40.13591995397121	8.290715909386712	-0.3975191071449302	0	4	42.44566362538551	14	0.25	0.3333333333333333	56.39659076777044	16.602798289596155		dr
50.820294675502645	38.11522100662698 	12.705073668875663	52.18192139448995	50.820294675502645	52.09752169075934	3.9160807495006864	0	0	3	42.35024556291887	14	0.25	0.3333333333333333	56.37147231690437	16.5852409714848		dr
48.23891515526977	36.179186366452335 	12.059728788817438	49.532487406331235	48.23891515526978	49.53248199457134	0	-3.880705929664586	0	3	40.19909596272481	14	0.25	0.3333333333333333	56.3350034507087	16.56494719488091		dr
21.519330876680108	18.829414517095096 	2.6899163595850126	38.99858381628255	31.065090496381686	17.092826576346123	4.279703054393934	-9.568126555216107	0	7	41.843143371322434	14	0.25	0.3333333333333333	56.17957634100321	16.503005092937624		dr
32.198549703650905	27.598756888843635 	4.5997928148072695	38.77372603166938	36.80745124189058	34.22857624899386	5.617247140651994	-0.0000056109654806846265	0	6	53.66424950608484	14	0.25	0.3333333333333333	56.07299400039276	16.450101927257045		dr
46.53707847710682	34.90280885783011 	11.634269619276708	47.46592111554972	46.53707847710681	47.46592111177552	2.786527907780318	0	0	3	38.780898730922345	14	0.25	0.3333333333333333	56.03079968391805	16.42879293474386		dr
48.567797093269604	36.425847819952196 	12.141949273317408	50.59150195240304	48.567797093269604	50.43251719930724	5.753145071208728	-5.912129824304529	0	3	40.473164244391334	14	0.25	0.3333333333333333	55.997923020523125	16.409908160904976		dr
37.12494103208883	29.699952825671062 	7.4249882064177655	47.63476170631474	41.58894079407124	38.566030337949485	0	-11.866470874956267	0	4	41.249934480098695	14	0.25	0.3333333333333333	55.91514678373174	16.370500617244947		dr
4.696677360924902	6.698786485563658 	-2.002109124638756	18.24526691588448	15.970483718979311	8.899854563176207	5.072584119138213	-8.899855973907638	0	35	45.662141008992094	12.5	0.2857142857142857	0.25	55.69148534520421	16.290270880380824		dr
13.973341996956593	12.898469535652243 	1.0748724613043503	18.24526141388225	18.096742128141475	14.83308388937025	6.378790538924028	-9.558283290366408	0	12	46.57780665652198	12.5	0.2857142857142857	0.25	55.5101021132553	16.22411697421093		dr
1.505555794639052	1.8117827087694724 	-0.30622691413042036	7.15984264765008	5.384471594096695	1.2465175814096703	1.0018754172770574	-7.15984264765008	0	28	11.709878402748183	13	0.26666666666666666	0.25	55.2763161984561	16.152557043958367		dr
