_avgSpeed	_exSpeed	 DiffAvgExpSpeed	 Max Speed	AvgTop3Speed	_speedMedian	_maxAcceleration	_maxDecceleration	Num Of Stops(including end/start point)	duration	distance	stopDurationMedianSoFar(while moving)	ratio Of Short Stop(while moving)	ratio Of Instant Stop(in short stop)	Avg of AvgSpeed	Avg of DiffAvgExp	label
37.97443809410358	31.645365078419648 	6.329073015683935	51.52864602446501	42.80275197036758	36.664174013154295	3.4473129572022216	-11.313210150981597	0	5	52.74227513069942	0	1.1	1.1	37.97443809410358	6.329073015683935		dr
7.3995017021132545	19.37162020488185 	-11.972118502768595	39.36571797045351	37.27262393178026	20.89639715072178	5.662502838966468	-8.513745738923195	1	24	49.330011347421696	18	0	1.1	22.68696989810842	-2.82152274354233		dr
55.43710598136103	41.57782948602077 	13.85927649534026	62.38761461308089	55.43710598136102	53.36466386351809	9.022950749562803	0	0	3	46.19758831780086	18	0	1.1	33.60368192585929	2.738743669418534		dr
64.2454316475676	42.83028776504508 	21.41514388252252	68.65756336879559	64.24543164756761	64.24543164756761	8.824263442455972	0	0	2	35.69190647087089	18	0	1.1	41.26411935628637	7.407843722694531		dr
65.00160202444445	43.33440134962964 	21.667200674814815	65.7140031696601	65.00160202444445	65.00160202444445	0	-1.4248022904313018	0	2	36.11200112469136	18	0	1.1	46.01161588991799	10.259715113118588		dr
66.01797779672286	44.01198519781524 	22.005992598907618	66.32207573831312	66.01797779672286	66.01797779672286	0	-0.6081958831805139	0	2	36.6766543315127	18	0	1.1	49.34600954105213	12.217428027416759		dr
63.86680618937345	42.57787079291563 	21.288935396457816	65.34622460211942	63.86680618937345	63.86680618937345	2.958836825491943	0	0	2	35.48155899409636	18	0	1.1	51.42040906224089	13.513357651565482		dr
65.46851352996035	43.64567568664023 	21.822837843320116	65.71381819791912	65.46851352996035	65.46851352996035	0.4906093359175543	0	0	2	36.371396405533524	18	0	1.1	53.17642212070582	14.55204267553481		dr
68.3055187736835	45.537012515788994 	22.768506257894508	68.30552417838199	68.30551877368349	68.30551877368349	0	-0.00001080939699704686	0	2	37.94751042982416	18	0	1.1	54.85743285992557	15.464983073574777		dr
68.94839379905501	45.965595866036686 	22.982797933018325	69.23956823597327	68.94839379905503	68.94839379905503	0	-0.5823488738364944	0	2	38.304663221697226	18	0	1.1	56.26652895383851	16.21676455951913		dr
65.28188731025652	43.52125820683768 	21.760629103418843	68.30540531434865	65.28188731025652	65.28188731025652	0	-6.04703600818425	0	2	36.26771517236473	18	0	1.1	57.08610698624014	16.720752245328196		dr
63.805116620680785	42.53674441378718 	21.268372206893602	65.22303285212203	63.80511662068078	63.80511662068078	2.8358324628825144	0	0	2	35.44728701148932	18	0	1.1	57.64602445577686	17.099720575458647		dr
66.82569517375158	44.55046344916772 	22.27523172458386	68.305362092167	66.82569517375158	66.82569517375158	2.9593338368308366	0	0	2	37.125386207639764	18	0	1.1	58.35215297254415	17.49783681769905		dr
63.74066084151806	42.493773894345374 	21.246886947172683	65.22300179149545	63.740660841518064	63.740660841518064	0	-2.964681899954769	0	2	35.41147824528781	18	0	1.1	58.73704639175657	17.765626112661455		dr
68.24917577309162	45.499450515394415 	22.749725257697207	71.15235429285497	68.24917577309162	68.24917577309162	5.806357039526688	0	0	2	37.916208762828674	18	0	1.1	59.37118835051224	18.09789938899717		dr
65.34597141629526	43.563980944196835 	21.78199047209842	65.34597658128794	65.34597141629526	65.34597141629526	0	-0.00001032998537198182	0	2	36.303317453497364	18	0	1.1	59.744612292123676	18.328155081690998		dr
65.28177352372718	43.521182349151466 	21.760591174575715	68.30528645729648	65.2817735237272	65.2817735237272	0	-6.047025867138565	0	2	36.267651957626214	18	0	1.1	60.07032765868859	18.530063087154804		dr
68.24643638244825	45.4976242549655 	22.74881212748275	68.30526484262343	68.24643638244825	68.24643638244825	0.11765692035035613	0	0	2	37.91468687913792	18	0	1.1	60.524555921119685	18.764438033839692		dr
63.98586568141728	42.65724378761153 	21.328621893805753	65.71352018363295	63.98586568141729	63.98586568141729	0	-3.455309004431328	0	2	35.54770315634293	18	0	1.1	60.706730119030084	18.899395079101065		dr
62.5893207546656	41.72621383644374 	20.86310691822186	65.34587324464978	62.58932075466561	62.58932075466561	0	-5.513104979968347	0	2	34.77184486370311	18	0	1.1	60.80085965081186	18.9975806710571		dr
53.65029030622612	40.23771772966959 	13.412572576556528	59.83274028623067	53.65029030622612	53.51438221319517	0	-6.318358073035498	0	3	44.708575255188435	18	0	1.1	60.460356348688734	18.73162790465231		dr
32.90484124652952	27.4207010387746 	5.484140207754923	35.57606985150044	34.21574385540863	33.368161848238586	4.43742255639755	-4.102584538149266	0	5	45.701168397957666	18	0	1.1	59.20783293495422	18.12946937297516		dr
48.852940952115965	36.63970571408697 	12.213235238028993	52.57901179879331	48.852940952115965	47.890596554392665	6.489797295631398	-1.8013820512307532	0	3	40.7107841267633	18	0	1.1	58.757620240048205	17.872241801890542		dr
39.34542087975715	31.47633670380572 	7.8690841759514285	47.6692061679549	41.33777282047548	38.17205614673577	0.000021936700399294295	-9.497160989569323	0	4	43.717134310841274	18	0	1.1	57.94877860003607	17.45544356747641		dr
30.229383624426035	25.19115302035503 	5.038230604071003	43.16705940901559	35.42748734231895	24.924698920686055	4.976355711760405	-18.242367485711927	0	5	41.98525503392505	18	0	1.1	56.84000280101167	16.958755048940198		dr
21.20973801051333	18.853100453789626 	2.3566375567237046	26.794173447046237	23.487059586948885	21.651826963065737	6.854396957895233	-4.96067398656427	0	8	47.13275113447407	18	0	1.1	55.46960800137712	16.39713514539341		dr
3.825946434405616	9.51228997635447 	-5.686343541948855	53.12474411155657	27.771978590442007	8.015003336941852	45.109740773340114	-43.15483179571248	0	47	49.94985622696221	24.5	0	1.1	53.556879795192984	15.579228527343695		dr
20.658866092808232	18.36343652694065 	2.2954295658675825	23.98413366219534	22.318121044207334	20.753254258413456	2.9647477814966336	-2.3227819850232585	0	8	45.90859131735163	24.5	0	1.1	52.38195073439353	15.104807135862405		dr
21.814115081960733	17.52853542549445 	4.2855796564662825	38.57021690819655	28.690239737843484	16.57218920748548	13.910291877520363	-5.929495574308891	0	9	54.53528770490183	24.5	0	1.1	51.327887436033784	14.731730326228057		dr
46.307844900554244	34.73088367541568 	11.576961225138561	50.5556175211667	46.307844900554244	45.4272836245477	5.128333896619004	-7.614983965218364	0	3	38.58987075046187	24.5	0	1.1	51.16055268485113	14.62657135619174		dr
48.69358062375385	36.52018546781539 	12.173395155938465	50.55581622852497	48.69358062375385	50.097512245967906	4.670098849199228	0	0	3	40.57798385312821	24.5	0	1.1	51.08097294094477	14.547436640054537		dr
46.984267498929974	35.23820062419748 	11.746066874732492	50.09764871707862	46.984267498929974	45.42761062804852	4.670105565415831	-4.6700380890301005	0	3	39.15355624910831	24.5	0	1.1	50.952950895881806	14.459893834888224		dr
44.59878714330522	33.44909035747892 	11.1496967858263	45.42770406122626	44.59878714330523	45.42767291247892	0.00003114874733967099	-2.486719605015743	0	3	37.165655952754356	24.5	0	1.1	50.760400479137054	14.359584833401499		dr
45.34688921825686	36.27751137460549 	9.069377843651374	50.133545584457586	47.70363365022941	46.48867768311531	11.856889662118363	-9.393727479668492	0	4	50.385432464729845	24.5	0	1.1	50.6011795596994	14.203990510173552		dr
41.202830495868106	32.962264396694486 	8.24056609917362	42.94121839969033	41.430828321327596	40.67563328214622	2.108813850674018	-2.4223813802006973	0	4	45.78092277318678	24.5	0	1.1	50.332655300732796	14.033606955573555		dr
42.065948248165796	33.65275859853265 	8.413189649633146	43.44022353674077	42.62977930614982	42.22455719085435	1.1333052262439907	-2.5668990070371933	0	4	46.739942497962	24.5	0	1.1	50.1030245492726	13.877484252630765		dr
30.43933420554237	25.366111837951973 	5.073222367590397	38.750715505560315	36.63563663263944	35.57809719429304	3.771930323637207e-9	-11.52319743519945	0	5	42.276853063253284	24.5	0	1.1	49.57157345890151	13.639531228710755		dr
22.384531214300154	20.146078092870134 	2.2384531214300196	41.71166435397626	35.079223582232345	21.470703942633563	10.922538119786914	-2.964840017959059	0	9	55.96132803575038	24.5	0	1.1	48.85612497878042	13.339502857466526		dr
61.426179133780415	46.069634350335306 	15.35654478344511	62.09965952435165	61.42617913378041	61.62981869402458	1.0807595110595756	0	0	3	51.18848261148368	24.5	0	1.1	49.178434059677855	13.391221881209567		dr
64.58553766530304	43.05702511020203 	21.52851255510101	64.75838802573008	64.58553766530304	64.58553766530304	0.3457007208540972	0	0	2	35.880854258501685	24.5	0	1.1	49.56361164981848	13.594654148056852		dr
69.3998511779873	46.26656745199153 	23.133283725995774	71.83884609494532	69.39985117798729	69.39985117798729	4.877989833916075	0	0	2	38.55547287665961	24.5	0	1.1	50.04742237001772	13.827303649957802		dr
66.81571371900071	44.54380914600048 	22.271904573000235	71.53121576699007	66.81571371900071	66.81571371900071	0	-9.431004095978729	0	2	37.11984095500039	24.5	0	1.1	50.44666740213636	14.028365576696908		dr
69.21102795358034	46.140685302386885 	23.070342651193457	71.53144108001433	69.21102795358033	69.21102795358033	0	-4.6408262528679955	0	2	38.45057108532241	24.5	0	1.1	50.88304788007692	14.238644113313105		dr
68.01243598136975	45.34162398757983 	22.67081199378992	69.13403877735082	68.01243598136975	68.01243598136975	0	-2.243205591962152	0	2	37.784686656316524	24.5	0	1.1	51.27235215510631	14.430284292414852		dr
65.64254725831671	43.76169817221113 	21.880849086105577	66.8909762524429	65.6425472583167	65.6425472583167	0	-2.496857988252401	0	2	36.468081810175946	24.5	0	1.1	51.59168982406654	14.595852398941313		dr
68.27830364553448	45.51886909702298 	22.7594345485115	69.66541267555824	68.27830364553446	68.27830364553446	2.774218060047559	0	0	2	37.93239091418582	24.5	0	1.1	51.95444229844628	14.773321576105882		dr
58.402746848359214	38.93516456557281 	19.467582282786402	61.97988953919572	58.402746848359214	58.402746848359214	7.154285381672999	0	0	2	32.44597047131067	24.5	0	1.1	52.09164026759336	14.873199463482065		dr
64.40450829283492	42.93633886188994 	21.468169430944975	64.414378611687	64.40450829283492	64.40450829283492	0	-0.019740637704146025	0	2	35.78028238490829	24.5	0	1.1	52.34815835145256	15.010594671137541		dr
62.08741824180665	46.56556368135498 	15.521854560451672	66.7412445660882	62.08741824180664	62.259321253462026	4.997632347592322	0	0	3	51.73951520150554	24.5	0	1.1	52.54691875737815	15.021028546429665		dr
70.35370176077457	46.90246784051637 	23.451233920258197	71.57209709999084	70.35370176077456	70.35370176077456	2.4367906784325726	0	0	2	39.08538986709698	24.5	0	1.1	52.903054417446086	15.189632653906237		dr
66.80866934486376	44.53911289657584 	22.269556448287922	69.22210586617615	66.80866934486376	66.80866934486376	0	-4.826873042624783	0	2	37.115927413813196	24.5	0	1.1	53.175713533669956	15.328454689090194		dr
69.24811782793915	46.16541188529277 	23.082705942646385	71.53331401610924	69.24811782793915	69.24811782793915	0	-4.57039237634018	0	2	38.47117657107731	24.5	0	1.1	53.48479823163667	15.477574905504735		dr
68.07519951965729	45.38346634643819 	22.6917331732191	69.40833493951892	68.07519951965729	68.07519951965729	0	-2.6662708397232677	0	2	37.819555288698496	24.5	0	1.1	53.76008882197668	15.613691099235194		dr
69.23202558855387	46.15468372570259 	23.077341862851277	74.0483041287274	69.23202558855388	69.23202558855388	0	-9.632557080347041	0	2	38.46223643808548	24.5	0	1.1	54.046606169505885	15.751906854116974		dr
63.19865208886379	42.13243472590919 	21.066217362954596	64.41586634646379	63.19865208886379	63.19865208886379	0	-2.434428515199997	0	2	35.11036227159099	24.5	0	1.1	54.2130070044033	15.848530681550386		dr
59.559820497925955	44.66986537344447 	14.889955124481482	61.253877670361284	59.55982049792596	59.73852662986757	3.5668204768122536	-2.0514694363185413	0	3	49.633183748271634	24.5	0	1.1	54.30848581678764	15.831413260888441		dr
55.55323672021084	41.66492754015813 	13.888309180052708	59.79454272845206	55.55323672021084	53.970619307746276	0	-5.823923420705782	0	3	46.29436393350903	24.5	0	1.1	54.330323551935415	15.797323715610622		dr
35.558278366967485	28.44662269357399 	7.111655673393496	47.277406184759364	39.504029817009666	35.617341633134814	0	-11.040595525546372	0	4	39.50919818551942	24.5	0	1.1	54.00666760047044	15.647570818331015		dr
7.811252915977345	11.197096421239909 	-3.3858435052625637	32.60387406773049	28.90799582890388	7.15737695847206	10.680600792981949	-8.895385420734781	1	21	45.565642009867844	18	0	1.1	53.22369447022481	15.324970575558243		dr
48.4049931396946	36.30374485477095 	12.10124828492365	52.85150346634652	48.4049931396946	48.181346749896264	4.670156716450258	0	0	3	40.337494283078826	18	0	1.1	53.143382781382634	15.271241870714332		dr
58.82715413837553	44.12036560378165 	14.706788534593883	60.18561294200062	58.82715413837553	60.11252503152502	4.0022885003996365	-3.9292005899240365	0	3	49.02262844864627	18	0	1.1	53.23655936100547	15.26198853733531		dr
66.79647769562919	44.53098513041946 	22.265492565209733	68.38515932971121	66.79647769562919	66.79647769562919	3.1773632681640294	0	0	2	37.10915427534955	18	0	1.1	53.455267721241334	15.37494827972038		dr
60.18561496917428	40.12374331278286 	20.061871656391425	60.185615141666936	60.18561496917428	60.18561496917428	3.4498530254722937e-7	0	0	2	33.43645276065238	18	0	1.1	53.56209862993868	15.449343888873887		dr
62.399029398989924	41.59935293265995 	20.799676466329977	64.39370117734653	62.399029398989924	62.399029398989924	3.9893435567132087	0	0	2	34.66612744388329	18	0	1.1	53.70017567320511	15.53294283539664		dr
57.74651805077327	43.309888538079946 	14.436629512693322	60.404361873788204	57.74651805077326	56.41759683188415	0.0000013852367217737083	-3.986766427140779	0	3	48.122098375644384	18	0	1.1	53.76242709439847	15.51607647658582		dr
57.49306234130489	43.11979675597867 	14.373265585326223	60.11252502642658	57.49306234130489	56.18333117139725	3.453064039149467e-7	-3.9291942003357363	0	3	47.91088528442074	18	0	1.1	53.81895187086674	15.498761160051583		dr
60.67662396017415	45.50746797013062 	15.169155990043528	65.20789294450094	60.67662396017416	60.40437369659039	4.80351924791055	0	0	3	50.56385330014513	18	0	1.1	53.92130518563253	15.493841679902207		dr
64.70372498714012	43.13581665809341 	21.56790832904671	65.81193273903263	64.70372498714012	64.70372498714012	0	-2.216415503785022	0	2	35.94651388174451	18	0	1.1	54.07987018271352	15.58316618944845		dr
67.63466695491998	45.08977796994665 	22.544888984973326	70.645069136995	67.63466695491998	67.63466695491998	6.020804364150052	0	0	2	37.574814974955544	18	0	1.1	54.276316512745495	15.684060722716927		dr
67.94543050264447	45.296953668429644 	22.648476834214826	69.45257103440245	67.94543050264447	67.94543050264447	3.0142810635159663	0	0	2	37.74746139035804	18	0	1.1	54.47158956974405	15.78355238145261		dr
62.79459733901468	41.863064892676455 	20.931532446338224	63.45979744532641	62.794597339014686	62.794597339014686	1.3304002126234522	0	0	2	34.88588741056371	18	0	1.1	54.588815031283076	15.856059142929873		dr
67.09000978829833	44.72667319219889 	22.363336596099444	68.36798401940706	67.09000978829833	67.09000978829833	0	-2.555948462217458	0	2	37.27222766016574	18	0	1.1	54.76244273624162	15.946437996446118		dr
60.26883090531186	40.17922060354124 	20.08961030177062	64.12002669553482	60.26883090531186	60.26883090531186	0	-7.702391580445912	0	2	33.482683836284366	18	0	1.1	54.83787271116039	16.003193781450562		dr
64.70394165381717	43.13596110254477 	21.5679805512724	65.81207583441949	64.70394165381715	64.70394165381715	0	-2.216268361204669	0	2	35.946634252120646	18	0	1.1	54.97119796714224	16.078393602664374		dr
62.79665587250233	41.86443724833489 	20.93221862416744	65.77115316912437	62.79665587250233	62.79665587250233	0	-5.948994593244102	0	2	34.88703104027907	18	0	1.1	55.075537405880375	16.143111269617748		dr
63.949314100684944	42.6328760671233 	21.316438033561646	65.20803227217614	63.949314100684944	63.949314100684944	2.5174363429823927	0	0	2	35.527396722602745	18	0	1.1	55.19229762554886	16.211181358617008		dr
66.9698381381128	44.64655875874187 	22.323279379370938	68.12752836719226	66.9698381381128	66.9698381381128	2.3153804581588986	0	0	2	37.20546563228489	18	0	1.1	55.3452526971406	16.290559254990434		dr
64.24887359627459	42.8325823975164 	21.416291198758195	68.3852221661226	64.24887359627459	64.24887359627459	8.272697139696021	0	0	2	35.693818664596996	18	0	1.1	55.45940168302693	16.356273767090023		dr
68.47799607714516	45.65199738476343 	22.82599869238173	70.41285351627585	68.47799607714515	68.47799607714515	0	-3.8697148782613766	0	2	38.04333115396953	18	0	1.1	55.62419401712969	16.438169019308905		dr
69.60098671702102	46.400657811347344 	23.200328905673672	74.30239049496303	69.60098671702102	69.60098671702102	0	-9.402807555884024	0	2	38.667214842789456	18	0	1.1	55.798903925878335	16.522696017888464		dr
72.32884299113296	48.2192286607553 	24.10961433037766	73.05704001344567	72.32884299113294	72.32884299113294	0	-1.4563940446254406	0	2	40.18269055062942	18	0	1.1	56.002977247671595	16.616361676067342		dr
65.07582687814197	43.38388458542798 	21.69194229271399	66.61829124423149	65.07582687814197	65.07582687814197	3.084928732179044	0	0	2	36.15323715452331	18	0	1.1	56.11362175536026	16.678259000660592		dr
61.0388927691656	40.69259517944373 	20.34629758972187	64.8115627322655	61.03889276916559	61.03889276916559	0	-7.545339926199816	0	2	33.910495982869776	18	0	1.1	56.17296236998442	16.72245223667338		dr
64.76774958635478	43.17849972423653 	21.58924986211825	64.76777991393455	64.7677495863548	64.7677495863548	0.00006065515951547695	0	0	2	35.982083103530435	18	0	1.1	56.2752812654174	16.780390303642964		dr
64.44638687098069	42.964257913987126 	21.482128956993563	69.1457232211873	64.44638687098069	64.44638687098069	0	-9.398672700413208	0	2	35.80354826165593	18	0	1.1	56.3714119196005	16.835704876035322		dr
63.4230172198116	42.2820114798744 	21.1410057399372	66.97132677220215	63.4230172198116	63.4230172198116	7.096619104781098	0	0	2	35.235009566562	18	0	1.1	56.45340733006807	16.88576651398767		dr
67.04999440524729	44.69999627016485 	22.349998135082437	69.67471285936624	67.04999440524728	67.04999440524728	5.249436908237925	0	0	2	37.249996891804045	18	0	1.1	56.575207181506904	16.948573774000252		dr
67.22164777587211	44.8144318505814 	22.407215925290714	69.67489803159788	67.2216477758721	67.2216477758721	4.90650051145154	0	0	2	37.345359875484505	18	0	1.1	56.69618946098833	17.010603798446734		dr
64.6237465094806	43.082497672987074 	21.541248836493523	66.619198366731	64.62374650948061	64.62374650948061	3.9909037145007886	0	0	2	35.902081394155886	18	0	1.1	56.78526313569049	17.06150992246973		dr
64.90046209924718	43.26697473283145 	21.63348736641573	64.90048030563644	64.90046209924718	64.90046209924718	0.00003641277851329505	0	0	2	36.05581227735954	18	0	1.1	56.875432013063346	17.11230967184691		dr
65.98275700448033	43.98850466965356 	21.994252334826776	68.36898310443583	65.98275700448033	65.98275700448033	0	-4.772452199910987	0	2	36.6570872247113	18	0	1.1	56.97551250747452	17.165957393418118		dr
66.5499411530683	44.36662743537887 	22.183313717689437	68.70607765804405	66.5499411530683	66.5499411530683	4.312273009951497	0	0	2	36.97218952948239	18	0	1.1	57.079582384057055	17.220493875203676		dr
62.4668442299267	41.64456281995114 	20.82228140997556	68.12752836464304	62.46684422992671	62.46684422992671	0	-11.321368269432675	0	2	34.703802349959275	18	0	1.1	57.13750993078684	17.25922277342703		dr
64.77291591169893	43.18194394113262 	21.590971970566308	69.72279562790317	64.77291591169893	64.77291591169893	0	-9.899759432408466	0	2	35.98495328427718	18	0	1.1	57.218737653988036	17.305305211694467		dr
61.71938421373104	41.14625614248736 	20.57312807124368	64.90102912416873	61.71938421373104	61.71938421373104	0	-6.36328982087538	0	2	34.28854678540613	18	0	1.1	57.2661128809327	17.339703347058144		dr
58.969993932037376	39.31332928802491 	19.656664644012466	59.82774192478204	58.96999393203737	58.96999393203737	1.7154959854893477	0	0	2	32.76110774002076	18	0	1.1	57.28386164188171	17.363838360568085		dr
62.13419348155113	41.42279565436741 	20.711397827183717	62.63004887265228	62.13419348155112	62.13419348155112	0.9917107822023254	0	0	2	34.518996378639514	18	0	1.1	57.333865062909226	17.398349282904327		dr
62.047647112450704	41.365098074967136 	20.682549037483568	63.53597063361195	62.047647112450704	62.047647112450704	2.9766470423224973	0	0	2	34.47091506247261	18	0	1.1	57.381964879741275	17.431861525297993		dr
63.536099744768116	42.357399829845406 	21.17869991492271	63.53612556910581	63.53609974476811	63.53609974476811	0.00005164867540230489	0	0	2	35.29783319153784	18	0	1.1	57.44412785817588	17.469708377718444		dr
63.09477929225027	42.06318619483351 	21.03159309741676	68.07685949042363	63.09477929225027	63.09477929225027	0	-9.964160396346713	0	2	35.05265516236126	18	0	1.1	57.500634372516636	17.505327224915426		dr
54.93908070118551	41.204310525889134 	13.734770175296376	58.5381369714166	54.93908070118551	55.00195055195197	0	-3.72479597176401	0	3	45.782567250987924	18	0	1.1	57.47527245497871	17.467994976899398		dr
52.90580661259812	39.67935495944859 	13.226451653149532	53.43132910219144	52.90580661259812	52.851933478325826	0	-0.579395623865615	0	3	44.0881721771651	18	0	1.1	57.430473770249485	17.426411218823418		dr
48.60510715715315	36.45383036786486 	12.15127678928829	48.906301993724874	48.60510715715315	48.45451112110404	0.4517936370943545	-0.4517908726208333	0	3	40.50425596429429	18	0	1.1	57.34479059924855	17.37519632144929		dr
40.40177170832695	32.32141736666156 	8.080354341665391	44.18218977290346	41.80593927419605	40.617814024842346	0	-3.9953609880694287	0	4	44.890857453696604	18	0	1.1	57.18187695606661	17.285822840874445		dr
26.048760845379675	22.32750929603972 	3.7212515493399536	32.06001334776741	30.72417945806467	26.048760846654282	2.5492177258001902e-9	-4.007501674206665	0	6	43.41460140896612	18	0	1.1	56.88537108834578	17.156636447621736		dr
6.066451275506362	9.860939355410279 	-3.7944880799039167	25.63869384360222	24.323442313825428	8.015003335667245	9.608687169718515	-8.015003340765677	0	30	50.55376062921968	19	0	1.1	56.40594731652654	16.958984329437534		dr
40.369734454846636	32.29578756387731 	8.073946890969324	46.08751345652487	42.58776327826092	40.83788818912895	8.57641009741912	-2.9083397857878808	0	4	44.85526050538515	19	0	1.1	56.25607616828654	16.875946596367736		dr
35.33311265490723	29.44426054575602 	5.8888521091512125	43.23109469565878	37.77106447559985	33.59738712732664	9.633707568332142	-5.759668580587562	0	5	49.07376757626004	19	0	1.1	56.06234502464414	16.77421424000462		dr
53.497777103283404	40.123332827462555 	13.37444427582085	55.74486949171752	53.497777103283404	52.91086556514963	2.8340039265678953	0	0	3	44.581480919402836	19	0	1.1	56.03881687857661	16.743023689874494		dr
61.45034031712961	40.96689354475308 	20.48344677237653	61.45035848251503	61.450340317129616	61.450340317129616	0.00003633077082554337	0	0	2	34.13907795396089	19	0	1.1	56.08801254619982	16.77702753607906		dr
64.318546079489	42.87903071965933 	21.439515359829663	64.31856521023745	64.318546079489	64.318546079489	0.000038261496911218273	0	0	2	35.732525599716105	19	0	1.1	56.162161496950176	16.819031930887622		dr
64.32291844350534	42.881945629003575 	21.44097281450177	67.19529679142691	64.32291844350536	64.32291844350536	5.744756695843122	0	0	2	35.734954690836304	19	0	1.1	56.2350253982587	16.860299260205604		dr
66.77448344711507	44.516322298076716 	22.258161149038358	67.19539727435182	66.77448344711507	66.77448344711507	0.841827654473505	0	0	2	37.09693524839726	19	0	1.1	56.32829493851406	16.90806794948731		dr
61.98401482108856	41.322676547392376 	20.66133827369618	63.438926009633335	61.984014821088564	61.984014821088564	2.9098223770895473	0	0	2	34.43556378949364	19	0	1.1	56.37790651643139	16.94099137338388		dr
63.43899874500998	42.292665830006655 	21.146332915003327	63.43901328779058	63.43899874500998	63.43899874500998	0.00002908556119507466	0	0	2	35.24388819167221	19	0	1.1	56.43930731841903	16.97755956070231		dr
65.31738440428596	43.54492293619064 	21.772461468095322	67.19565853643441	65.31738440428596	65.31738440428596	0	-3.756548264296896	0	2	36.287435780158866	19	0	1.1	56.51584246571098	17.01889492197294		dr
63.43918300677344	42.29278867118229 	21.146394335591154	63.439197553690846	63.43918300677343	63.43918300677343	0.000029093834832849552	0	0	2	35.243990559318576	19	0	1.1	56.5750163164893	17.05417269473891		dr
64.31923478191473	42.87948985460982 	21.439744927304908	64.31925390875759	64.31923478191473	64.31923478191473	0.0000382536857159721	0	0	2	35.73290821217485	19	0	1.1	56.640645286535275	17.091338561116586		dr
67.729514044811	45.15300936320733 	22.576504681603666	68.26305804563242	67.729514044811	67.729514044811	1.0670880016428441	0	0	2	37.627507802672774	19	0	1.1	56.73382905761323	17.137432394061854		dr
67.75682617877435	45.17121745251623 	22.585608726258116	70.08025252258807	67.75682617877435	67.75682617877435	4.646852687627444	0	0	2	37.64268121043019	19	0	1.1	56.82568736695624	17.18283386349682		dr
66.77533287629713	44.516888584198085 	22.258444292099043	67.19624135178103	66.77533287629713	66.77533287629713	0.8418169509677966	0	0	2	37.0974071534984	19	0	1.1	56.90791584224005	17.224781057121632		dr
64.43668321095095	42.95778880730062 	21.478894403650322	65.43361609262874	64.43668321095093	64.43668321095093	0	-1.9938657633556147	0	2	35.79815733941719	19	0	1.1	56.9696270501803	17.259650838650558		dr
66.2916410884114	44.19442739227427 	22.097213696137125	68.26347347946563	66.29164108841141	66.29164108841141	0	-3.9436647821084563	0	2	36.82868949356189	19	0	1.1	57.04541578219845	17.29898061797972		dr
64.31989477992543	42.87992985328362 	21.439964926641814	64.31991391383687	64.31989477992543	64.31989477992543	0.000038267822873194746	0	0	2	35.73327487773635	19	0	1.1	57.10408093540592	17.332375652726995		dr
63.88004009363355	42.5866933957557 	21.29334669787785	64.31999042683597	63.88004009363355	63.88004009363355	0	-0.8799006664048363	0	2	35.48891116312975	19	0	1.1	57.15828860867174	17.3640634210882		dr
53.522915447372625	40.14218658552947 	13.380728861843153	55.74639386666617	53.52291544737263	54.72875640276832	1.0176374638978487	-5.652797793982785	0	3	44.602429539477185	19	0	1.1	57.12943644072492	17.332449654744988		dr
34.369259127995356	27.495407302396284 	6.873851825599072	42.293525708409874	37.80373714615849	35.5588428650328	0	-9.665601876452236	0	4	38.188065697772615	19	0	1.1	56.9502224461365	17.250098490735965		dr
1.594433053122673	12.425300381776935 	-10.830867328654262	33.59854271117143	28.219863429227974	12.523428429918969	7.207528033236741	-10.620190762630447	0	105	46.504297382744625	20	0	1.1	56.51775534150358	17.03071594527198		dr
47.194907670048146	35.39618075253611 	11.798726917512035	51.059043607099156	47.194907670048146	47.29307307343171	7.82643727748556	-4.060466743818111	0	3	39.32908972504012	20	0	1.1	56.445485204515556	16.990157890793217		dr
57.949092600339846	43.46181945025488 	14.487273150084967	58.59398969492432	57.94909260033984	57.6266571623757	0.9673325325486175	0	0	3	48.2909105002832	20	0	1.1	56.457051415252664	16.970904931249308		dr
66.29260004517576	44.19506669678384 	22.09753334839192	68.2644922771508	66.29260004517576	66.29260004517576	3.943784463950081	0	0	2	36.82922224731986	20	0	1.1	56.532131939145216	17.010039499319102		dr
66.84970513670523	44.56647009113683 	22.283235045568397	68.26458129741809	66.84970513670524	66.84970513670524	0	-2.8297523214257154	0	2	37.13872507594735	20	0	1.1	56.61029537246006	17.04998795042705		dr
67.71335171368244	45.14223447578829 	22.57111723789415	71.1056704131536	67.71335171368244	67.71335171368244	0	-6.784637398942323	0	2	37.61852872982358	20	0	1.1	56.69377699908579	17.091500200708758		dr
66.84999453468073	44.566663023120476 	22.283331511560256	68.26487803060985	66.84999453468072	66.84999453468072	0	-2.82976699185825	0	2	37.1388858526004	20	0	1.1	56.76956966726188	17.130245210491232		dr
67.75872975634475	45.17248650422982 	22.586243252114926	70.08226385540257	67.75872975634474	67.75872975634474	4.647068198115676	0	0	2	37.64373875352486	20	0	1.1	56.850970853106936	17.170660010799555		dr
64.32140604877115	42.880937365847444 	21.440468682923708	64.32142517450471	64.32140604877117	64.32140604877117	0.000038251467103123105	0	0	2	35.73411447153953	20	0	1.1	56.90590052366329	17.20205566280047		dr
67.7317924816174	45.15452832107826 	22.577264160539144	68.26527367239426	67.73179248161739	67.73179248161739	0	-1.0669623815537363	0	2	37.628773600898555	20	0	1.1	56.984921632845435	17.24129076132411		dr
72.6557160498056	48.43714403320373 	24.218572016601875	72.97349765668011	72.65571604980559	72.65571604980559	0.6355632137490232	0	0	2	40.36428669433644	20	0	1.1	57.09847811412776	17.29185077042032		dr
72.58642082270795	48.390947215138645 	24.195473607569305	72.97359676138767	72.58642082270796	72.58642082270796	0	-0.7743518773594076	0	2	40.32578934594886	20	0	1.1	57.20990216239092	17.34151712176672		dr
77.32129677930463	51.54753118620308 	25.77376559310155	78.77223755356607	77.32129677930462	77.32129677930462	2.901881548522894	0	0	2	42.95627598850257	20	0	1.1	57.35355498108316	17.40174746799054		dr
75.87049391105008	50.580329274033396 	25.29016463701668	75.87051689535976	75.87049391105009	75.87049391105009	0.00004596861934658136	0	0	2	42.15027439502782	20	0	1.1	57.48488078909711	17.45769368904746		dr
76.32929635519183	50.886197570127884 	25.443098785063945	79.68461054024243	76.32929635519183	76.32929635519183	0	-6.710628370101205	0	2	42.40516464177324	20	0	1.1	57.61758794097102	17.513928936202504		dr
75.38764029659636	50.25842686439756 	25.129213432198796	76.81740332012055	75.38764029659635	75.38764029659635	0	-2.859526047048405	0	2	41.882022386997974	20	0	1.1	57.74185404136001	17.567182673936745		dr
75.95852236452791	50.63901490968527 	25.319507454842636	77.95898275462827	75.95852236452791	75.95852236452791	0	-4.00092078020073	0	2	42.19917909140439	20	0	1.1	57.86835868249312	17.621018262693035		dr
73.95820865456365	49.30547243637577 	24.652736218187876	73.9582358145486	73.95820865456366	73.95820865456366	0.00005431996989102572	0	0	2	41.087893696979805	20	0	1.1	57.97932316505912	17.669512869282656		dr
68.27205815392612	45.51470543595075 	22.757352717975373	71.1075385633389	68.27205815392612	68.27205815392612	5.670960818825563	0	0	2	37.92892119662562	20	0	1.1	58.04982134991438	17.704361087424385		dr
72.53311267917779	48.355408452785184 	24.177704226392606	73.9585726283545	72.53311267917778	72.53311267917778	2.850919898353439	0	0	2	40.29617371065433	20	0	1.1	58.14834714126991	17.748397435308522		dr
78.85186389977301	52.567909266515336 	26.28395463325767	82.56021107057704	78.85186389977301	78.85186389977301	7.416694341608078	0	0	2	43.80659105542945	20	0	1.1	58.288235768016555	17.80607011907845		dr
78.32935725050501	52.21957150033668 	26.109785750168335	80.78679557487851	78.32935725050501	78.32935725050501	0	-4.914876648746997	0	2	43.5163095836139	20	0	1.1	58.422739939039964	17.861799754186432		dr
79.68962807382911	53.126418715886075 	26.563209357943038	82.56059293506586	79.68962807382911	79.68962807382911	5.7419297224735	0	0	2	44.27201559657173	20	0	1.1	58.56451919327189	17.919809151544808		dr
77.77928312524207	51.85285541682805 	25.926427708414025	79.68629108097679	77.77928312524207	77.77928312524207	0	-3.81401591146944	0	2	43.2107128473567	20	0	1.1	58.6917692855366	17.972833115497583		dr
72.53392932594141	48.355952883960946 	24.17797644198047	73.95935489830939	72.53392932594141	72.53392932594141	0	-2.850851144735941	0	2	40.29662740330078	20	0	1.1	58.78283612790769	18.013656426856024		dr
69.1762438517514	46.117495901167594 	23.0587479505838	70.08494903626284	69.1762438517514	69.1762438517514	1.8174103690228947	0	0	2	38.43124658430633	20	0	1.1	58.85076689734457	18.04663088125947		dr
66.31922278920447	44.212815192802985 	22.10640759640149	67.2006926246357	66.31922278920447	66.31922278920447	0	-1.7629396708624796	0	2	36.84401266066915	20	0	1.1	58.899263364174836	18.072993067721434		dr
56.37635159098654	42.282263693239905 	14.094087897746633	57.629715843023206	56.37635159098654	55.74968567986458	0.00003242979273210267	-1.8800625929513615	0	3	46.980292992488785	20	0	1.1	58.882986514025234	18.047322711786112		dr
40.160144904642515	32.12811592371401 	8.032028980928501	48.1345920902595	42.87757736563635	40.249070003324775	0	-8.854463946609968	0	4	44.62238322738057	20	0	1.1	58.762968298580475	17.98312211094728		dr
5.067522761330017	13.514286865048307 	-8.44676410371829	30.727921561261503	25.64143895408483	16.538090808011336	5.9910118468113	-6.406275601496219	0	32	45.04464676737793	21.5	0	1.1	58.42095909133685	17.81477888665005		dr
48.71325476741551	36.53494107556163 	12.17831369185388	51.84251149736766	48.71325476741551	51.06215461675207	7.827056428625255	0	0	3	40.59437897284626	21.5	0	1.1	58.359517924729744	17.779105056303237		dr
56.8615583345504	42.6461687509128 	14.215389583637602	60.53443206733783	56.8615583345504	56.50439718827323	4.030034879064601	0	0	3	47.384631945458665	21.5	0	1.1	58.350096795231764	17.756691751443704		dr
60.94378929427182	40.62919286284788 	20.314596431423936	62.42378718135897	60.943789294271824	60.943789294271824	0	-2.9599957741742813	0	2	33.8576607190399	21.5	0	1.1	58.366307373350764	17.772678655693582		dr
64.08782178858819	42.725214525725455 	21.36260726286273	65.75182683289688	64.08782178858819	64.08782178858819	3.32801008861739	0	0	2	35.604345438104545	21.5	0	1.1	58.40184472996714	17.794976348905813		dr
59.8676128465144	39.91174189767626 	19.95587094883814	59.867622165559986	59.86761284651439	59.86761284651439	0.000018638091198397433	0	0	2	33.25978491473022	21.5	0	1.1	58.41089268130385	17.80831520446095		dr
53.631776033584046	40.22383202518804 	13.407944008396008	59.867640811124105	53.63177603358405	53.395834623603186	0	-6.471806187520919	0	3	44.69314669465337	21.5	0	1.1	58.38157294726876	17.781319062153806		dr
27.39601526178934	22.83001271815779 	4.5660025436315514	35.82211281960249	32.80546246662448	26.997034566567812	0.2248728058993379	-8.825078253034675	0	5	38.05002119692964	21.5	0	1.1	58.192636619918275	17.70073786387013		dr
22.496274147311933	20.24664673258074 	2.2496274147311937	44.676681364923816	38.713558802394026	20.765063253215892	11.59628432128822	-2.9664376086805992	0	9	56.240685368279834	21.5	0	1.1	57.976295029175205	17.607094770238984		dr
54.82543919592431	41.119079396943235 	13.706359798981076	59.86777129621536	54.825439195924325	53.54610742795238	6.321663868262981	0	0	3	45.68786599660359	21.5	0	1.1	57.95731396993875	17.58359636679767		dr
68.69826205846051	45.79884137230701 	22.899420686153505	71.64439948355506	68.69826205846051	68.69826205846051	0	-5.8922748501890965	0	2	38.165701143589175	21.5	0	1.1	58.021631024361035	17.615427650147108		dr
69.27944825209097	46.18629883472732 	23.093149417363655	69.279464231881	69.27944825209097	69.27944825209097	0.000031959580041984736	0	0	2	38.48858236227276	21.5	0	1.1	58.08864184119276	17.648033136856732		dr
69.2795547730688	46.18636984871253 	23.093184924356265	69.2795707514129	69.2795547730688	69.2795547730688	0.00003195668821831532	0	0	2	38.488641540593775	21.5	0	1.1	58.15486026090801	17.680252969918858		dr
66.78106618105619	44.520710787370795 	22.260355393685394	67.20193851895536	66.78106618105619	66.78106618105619	0.8417446757983384	0	0	2	37.10059232280899	21.5	0	1.1	58.20560264867359	17.70719474888219		dr
66.78117256912638	44.520781712750924 	22.26039085637546	67.20200885125678	66.78117256912638	66.78117256912638	0	-0.8416725642607901	0	2	37.10065142729243	21.5	0	1.1	58.25575218037214	17.73382162670379		dr
66.44790490360238	44.29860326906825 	22.149301634534126	70.08650743121908	66.44790490360238	66.44790490360238	0	-7.277205055233388	0	2	36.91550272422354	21.5	0	1.1	58.30338097527464	17.75949302209815		dr
62.451118968977674	41.634079312651785 	20.81703965632589	63.445423256323274	62.451118968977674	62.451118968977674	1.9886085746911988	0	0	2	34.695066093876484	21.5	0	1.1	58.32735633940009	17.777166702064786		dr
60.62771494216276	40.41847662810851 	20.209238314054254	64.32534662355299	60.62771494216276	60.62771494216276	0	-7.3952633627804545	0	2	33.68206385675709	21.5	0	1.1	58.34057679114011	17.791144125122198		dr
54.81503811699237	41.11127858774428 	13.703759529248089	57.631070341635215	54.815038116992376	55.75092613438686	4.687808259431819	-6.567952466680175	0	3	45.67919843082697	21.5	0	1.1	58.320430855859264	17.767787641717202		dr
45.491078528296676	34.11830889622251 	11.372769632074167	48.96272285837985	45.491078528296676	45.21336671791853	0	-3.749356140461316	0	3	37.9092321069139	21.5	0	1.1	58.24753680854357	17.731452312116957		dr
11.687804183013851	14.443897646844965 	-2.756093463831114	32.87653725112183	29.940327690476163	14.002333439731267	14.307756769449076	-14.632027305776774	1	14	45.45257182283164	21.5	0	1.1	57.98448747167617	17.61570346592516		dr
39.40370629167694	31.522965033341553 	7.880741258335387	48.13589790156939	41.337829725511064	37.9387956374819	8.747378819132521	0	0	4	43.78189587964104	21.5	0	1.1	57.880101060552576	17.56101266700612		dr
57.165164048996154	42.87387303674712 	14.291291012249033	59.86892707586217	57.16516404899616	57.63142861470625	3.636292158286196	0	0	3	47.637636707496796	21.5	0	1.1	57.87610699903551	17.542746065582897		dr
65.0064651283451	43.33764341889673 	21.668821709448366	67.20290305636694	65.0064651283451	65.0064651283451	4.3928758560436805	0	0	2	36.11470284908061	21.5	0	1.1	57.91572009975389	17.565668708048815		dr
66.78214322534565	44.52142881689709 	22.260714408448557	67.20297338682379	66.78214322534564	66.78214322534564	0	-0.8416603229563009	0	2	37.10119068074758	21.5	0	1.1	57.96470586287871	17.59160818705655		dr
65.3437489314639	43.5624992876426 	21.781249643821305	66.36141480681371	65.3437489314639	65.3437489314639	2.035331750699612	0	0	2	36.30208273970217	21.5	0	1.1	58.00525005556324	17.614628195060753		dr
61.99124942748355	41.32749961832237 	20.66374980916118	63.44631535208949	61.99124942748355	61.99124942748355	0	-2.9101318492118793	0	2	34.43958301526864	21.5	0	1.1	58.027031472896134	17.63129006180447		dr
66.04573562066398	44.030490413775986 	22.01524520688799	69.28106204682378	66.04573562066398	66.04573562066398	0	-6.470652852319596	0	2	36.69207534481332	21.5	0	1.1	58.070611386742705	17.65511590498427		dr
65.3249072930443	43.54993819536287 	21.774969097681435	67.20331499122547	65.3249072930443	65.3249072930443	0	-3.756815396362313	0	2	36.291615162802394	21.5	0	1.1	58.109823797047035	17.677385381701555		dr
63.422214019533754	42.281476013022505 	21.14073800651125	65.38653287263462	63.42221401953376	63.42221401953376	3.9286377062017124	0	0	2	35.23456334418542	21.5	0	1.1	58.13838503480235	17.696005557103756		dr
66.36178618206252	44.24119078804167 	22.120595394020846	66.36180144804696	66.3617861820625	66.3617861820625	0.00003053196890334675	0	0	2	36.86765899003473	21.5	0	1.1	58.182360442006946	17.719666465322565		dr
68.99042717700044	45.99361811800029 	22.99680905900015	69.28142420859255	68.99042717700044	68.99042717700044	0.5819940631842115	0	0	2	38.32801509833358	21.5	0	1.1	58.239850158682444	17.74773637273574		dr
66.07316454980054	44.048776366533694 	22.024388183266844	68.69954830513703	66.07316454980054	66.07316454980054	5.2527675106729745	0	0	2	36.707313638778075	21.5	0	1.1	58.28129626657196	17.77036416009305		dr
66.29530028218804	44.19686685479203 	22.09843342739601	67.20372692483186	66.29530028218804	66.29530028218804	0	-1.8168532852876496	0	2	36.83072237899335	21.5	0	1.1	58.3234752350752	17.793143472026223		dr
64.90453100194222	43.269687334628145 	21.634843667314072	66.3621066796135	64.90453100194222	64.90453100194222	0	-2.915151355342573	0	2	36.05807277885678	21.5	0	1.1	58.35793102443053	17.81325708561412		dr
66.36220333686164	44.241468891241084 	22.120734445620556	66.36221859832472	66.36220333686163	66.36220333686163	0.000030522926167009246	0	0	2	36.86789074270091	21.5	0	1.1	58.399619942724435	17.83569186353082		dr
70.74353624246498	47.16235749497665 	23.58117874748833	72.20524350265575	70.74353624246498	70.74353624246498	2.9234145203815274	0	0	2	39.30196457914721	21.5	0	1.1	58.46357805826714	17.86546122562386		dr
68.24300261715256	45.495335078101704 	22.747667539050852	69.28195680376956	68.24300261715256	68.24300261715256	2.07790837323401	0	0	2	37.912779231751415	21.5	0	1.1	58.51398746320985	17.890627237548742		dr
69.2840477316303	46.189365154420194 	23.0946825772101	72.20551058886502	69.2840477316303	69.2840477316303	0	-5.842925714469459	0	2	38.4911376286835	21.5	0	1.1	58.569218541509436	17.91731470082906		dr
67.82244444486923	45.21496296324616 	22.607481481623076	69.28221244589794	67.82244444486923	67.82244444486923	0	-2.919536002057413	0	2	37.679135802705126	21.5	0	1.1	58.61642887775107	17.94124412318005		dr
68.81555124955885	45.87703416637256 	22.93851708318629	69.28231896222738	68.81555124955884	68.81555124955884	0.9335354253370696	0	0	2	38.23086180531047	21.5	0	1.1	58.66820107253183	17.96661099099734		dr
70.7440909246708	47.16272728311387 	23.581363641556933	72.20577767631876	70.7440909246708	70.7440909246708	0	-2.9233735032959203	0	2	39.30227273592822	21.5	0	1.1	58.7291904152194	17.994968327616323		dr
68.64685435350077	45.764569569000514 	22.882284784500257	70.0890976470826	68.64685435350077	68.64685435350077	0	-2.88448658716365	0	2	38.13714130750043	21.5	0	1.1	58.77902792244694	18.019527706796648		dr
64.905396099609	43.27026406640599 	21.635132033203014	66.36302237100247	64.90539609960899	64.90539609960899	2.915252542786945	0	0	2	36.05855338867167	21.5	0	1.1	58.80965976333275	18.037605728428677		dr
61.45741482425096	40.97160988283398 	20.48580494141698	63.447857095238035	61.45741482425097	61.45741482425097	3.9808845419741345	0	0	2	34.14300823569498	21.5	0	1.1	58.8228326740836	18.049785824015682		dr
62.811917570676435	41.87461171378428 	20.937305856892152	62.81192736688184	62.81191757067643	62.81191757067643	0.0000195924108297163	0	0	2	34.895509761486906	21.5	0	1.1	58.842580619116234	18.064080477643785		dr
61.674868904266994	41.116579269511334 	20.55828963475566	62.81200572684733	61.674868904267	61.674868904267	2.2742736451606618	0	0	2	34.26381605792611	21.5	0	1.1	58.856532778156385	18.0763672222601		dr
59.66903634472481	39.77935756314988 	19.88967878157493	59.870893701015646	59.669036344724816	59.669036344724816	0	-0.40371471258166736	0	2	33.149464635958225	21.5	0	1.1	58.86051563877682	18.0852560044136		dr
63.44809465423892	42.29872976949261 	21.149364884746312	63.448109195441255	63.448094654238915	63.448094654238915	0.000029082404672919893	0	0	2	35.24894147457718	21.5	0	1.1	58.88289407299859	18.10020287700059		dr
63.09229610859263	42.061530739061745 	21.030765369530883	66.36343951655645	63.09229610859262	63.09229610859262	6.5422868159276675	0	0	2	35.05127561588479	21.5	0	1.1	58.90332806346264	18.114428908517727		dr
69.65580458452185	46.437203056347904 	23.21860152817394	71.03915508551177	69.65580458452186	69.65580458452186	0	-2.7667010019798255	0	2	38.69766921362325	21.5	0	1.1	58.95527239448224	18.13908674726003		dr
64.8854690399667	43.2569793599778 	21.628489679988895	65.442397139352	64.8854690399667	64.8854690399667	1.1138561987706197	0	0	2	36.047482799981495	21.5	0	1.1	58.983782955277846	18.15586272289815		dr
61.11980656664178	40.74653771109451 	20.373268855547266	62.62491260213436	61.11980656664177	61.11980656664177	0	-3.010212070985169	0	2	33.95544809257876	21.5	0	1.1	58.994003163944654	18.166472321618958		dr
63.36186831152631	42.24124554101754 	21.120622770508767	64.4390678444624	63.361868311526315	63.361868311526315	0	-2.1543990658721697	0	2	35.20103795084795	21.5	0	1.1	59.01480252179028	18.18053970470891		dr
65.88230043521057	43.921533623473714 	21.960766811736853	66.91828665650506	65.88230043521057	65.88230043521057	0	-2.0719724425889723	0	2	36.60127801956143	21.5	0	1.1	59.0473499052662	18.198455472988666		dr
67.10316494763836	44.73544329842557 	22.36772164921279	67.44120919385543	67.10316494763836	67.10316494763836	0.6760884924341326	0	0	2	37.27953608202131	21.5	0	1.1	59.08534903282457	18.218121822876515		dr
68.17736491439466	45.45157660959644 	22.725788304798222	69.43605936080395	68.17736491439466	68.17736491439466	2.5173888928185875	0	0	2	37.876313841330365	21.5	0	1.1	59.12803455339532	18.239284576312766		dr
70.83283095998382	47.221887306655894 	23.61094365332793	71.59977090400649	70.83283095998384	70.83283095998384	0	-1.5338798880453055	0	2	39.35157275554657	21.5	0	1.1	59.18272986370648	18.264385786953024		dr
68.75394531458657	45.835963543057716 	22.917981771528858	70.0661105276088	68.75394531458657	68.75394531458657	2.6243304260444518	0	0	2	38.196636285881425	21.5	0	1.1	59.22724714487337	18.286030419439424		dr
69.16170745004541	46.10780496669694 	23.053902483348473	71.11581999150924	69.16170745004541	69.16170745004541	0	-3.9082250829276717	0	2	38.42317080558078	21.5	0	1.1	59.273240016656565	18.30810390121678		dr
65.3294142924181	43.552942861612074 	21.77647143080602	65.39086974703956	65.32941429241811	65.32941429241811	0	-0.12291090924291836	0	2	36.29411905134339	21.5	0	1.1	59.30114865387206	18.3240871617218		dr
65.2679588396838	43.51197255978921 	21.755986279894593	65.26795884157097	65.26795883968381	65.26795883968381	3.774331958084076e-9	0	0	2	36.25997713315767	21.5	0	1.1	59.328519342797804	18.339829818227177		dr
60.949849442747585	40.633232961831716 	20.31661648091587	62.42999578220816	60.94984944274758	60.94984944274758	0	-2.9602926789211637	0	2	33.8610274681931	21.5	0	1.1	59.33592267658753	18.34885624134448		dr
44.55388986789874	33.415417400924056 	11.138472466974683	50.59331885374848	44.55388986789874	47.467628998890454	0	-11.866907247833154	0	3	37.12824155658228	21.5	0	1.1	59.26873161836622	18.316081769642796		dr
37.970658239461194	31.642215199550986 	6.3284430399102085	48.454683060968776	42.53749859975316	34.185796142591364	10.786220453107966	-4.525113985099665	0	5	52.737025332584984	21.5	0	1.1	59.17236024561099	18.261839060458488		dr
53.48761863661568	40.11571397746176 	13.37190465915392	56.183408199639636	53.48761863661568	52.181926019448056	4.085886508880293	-0.08440432868871284	0	3	44.57301553051306	21.5	0	1.1	59.14675330142633	18.23981232892108		dr
57.46698586876854	43.1002394015764 	14.366746467192137	60.11252503152502	57.46698586876854	56.18340921491302	0	-3.929115816611997	0	3	47.88915489064045	21.5	0	1.1	59.13922071204222	18.22244432057252		dr
57.46698634059759	43.1002397554482 	14.366746585149393	60.1125250289758	57.4669863405976	56.18341063294942	0	-3.9291143960263852	0	3	47.88915528383133	21.5	0	1.1	59.13175538002684	18.20523138425367		dr
2.2355353667229805	9.448469595941274 	-7.212934229218294	48.090020021651114	32.060013348617154	2.966842014820536	0.6347882643908224	-20.03750834044272	0	64	39.742850963964095	21.5	0	1.1	58.87888329107882	18.092261759304904		dr
28.203300369449078	24.17425745952778 	4.029042909921298	33.60518382024467	32.75082211125702	32.01188968784109	9.038214952519269	-0.9697975320350238	0	6	47.00550061574847	21.5	0	1.1	58.743150623283995	18.030035127227986		dr
32.16309516021102	26.802579300175847 	5.360515860035175	38.56909900001954	35.60224523272338	32.635391464169004	2.966853766037957	-5.933707535850537	0	5	44.67096550029308	21.5	0	1.1	58.62605786794006	17.97422226702009		dr
39.399633833762735	32.83302819480228 	6.5666056389604535	45.21876744894702	42.763531332992834	41.53591327312849	9.391703249693478	-3.6828541758185267	0	5	54.7217136580038	21.5	0	1.1	58.54173144673753	17.92418886075667		dr
44.54498564113238	35.63598851290591 	8.908997128226467	47.63848014782309	45.548007568279836	44.502771278508206	2.966851418818166	-3.1357088693148825	0	4	49.49442849014709	21.5	0	1.1	58.48061028601436	17.884821211269635		dr
37.931789520772725	30.34543161661818 	7.586357904154546	41.72880277850081	38.70831180495843	37.19806631818723	3.159734337629068	-6.126580110285175	0	4	42.146432800858584	21.5	0	1.1	58.39126758703505	17.8400452838474		dr
38.569086776741294	30.85526942139304 	7.7138173553482545	44.502792437458474	39.55803772050872	37.08566036203384	8.900558492019435	-8.900558492019435	0	4	42.854540863045884	21.5	0	1.1	58.30545728049698	17.79620879930844		dr
38.630370522695365	30.904296418156285 	7.72607410453908	44.502792437458474	40.54698866364705	38.56908677674133	8.900558492019435	-8.65542350820332	0	4	42.92263391410596	21.5	0	1.1	58.22065087205818	17.752803046313748		dr
14.2972351301828	13.105798869334231 	1.191436260848569	28.052511681208394	20.718627699597736	16.030006673883705	11.75026168967797	-12.022505007324689	0	11	43.68599623111411	21.5	0	1.1	58.03213835814455	17.681724218908318		dr
3.562440226573379	3.6789322875826755 	-0.11649206100929632	13.407084661288755	9.527449717892456	2.729991640991507	6.246823507116605	-6.703541705508476	0	21	20.780901321678044	20	0	1.1	57.79936187040279	17.605663465575336		dr
