_avgSpeed	_exSpeed	 DiffAvgExpSpeed	 Max Speed	AvgTop3Speed	_speedMedian	_maxAcceleration	_maxDecceleration	Num Of Stops(including end/start point)	duration	distance	stopDurationMedianSoFar(while moving)	ratio Of Short Stop(while moving)	ratio Of Instant Stop(in short stop)	Avg of AvgSpeed	Avg of DiffAvgExp	label
6.845187500541301	8.927768894044721 	-2.0825813935034203	40.075016683434654	29.388345569211662	5.3880461887614866	28.05251167610996	-20.037508337893506	0	30	57.04322917117751	12	0	1.1	6.845187500541301	-2.0825813935034203		dr
16.100444910770065	14.636768100700062 	1.4636768100700035	24.227165496092667	24.105728506764333	14.6185110575166	6.918139006460194	-12.204660488767974	0	10	44.7234580854724	12	0	1.1	11.472816205655683	-0.3094522917167084		dr
27.676095776519595	23.72236780844537 	3.953727968074226	35.58355171078095	33.6066877276873	29.652959761499837	0	-8.895887937126602	0	6	46.126826294199326	12	0	1.1	16.873909395943652	1.1116077948802696		dr
30.169170751984375	26.398024407986327 	3.7711463439980477	48.18135442064565	42.988878827252854	28.672550627606675	15.577426435476	-3.4470237153527705e-7	0	7	58.66227646219184	12	0	1.1	20.197724734953834	1.7764924321597142		dr
53.487563559348345	40.11567266951126 	13.371890889837083	56.18332811701206	53.48756355934835	52.18184087027364	4.001487246738421	0	0	3	44.57296963279029	12	0	1.1	26.855692499832735	4.095572123695188		dr
53.515668649660924	40.13675148724569 	13.378917162415235	56.18332744633647	53.51566864966092	52.181839428822386	0	-4.001488017514085	0	3	44.5963905413841	12	0	1.1	31.299021858137433	5.642796296815196		dr
48.21144895203317	36.15858671402488 	12.052862238008295	52.09752169075934	48.21144895203317	48.45430681024806	0	-4.371788455155965	0	3	40.17620746002764	12	0	1.1	33.71508287155111	6.558520002699924		dr
44.0825183550921	33.06188876631907 	11.020629588773026	44.08251835764131	44.0825183550921	44.0825183550921	0	-2.5492141730865114e-9	0	3	36.73543196257675	12	0	1.1	35.011012306993734	7.1162837009590625		dr
58.14303598293551	38.762023988623675 	19.381011994311834	64.1885502751117	58.143035982935515	58.143035982935515	12.091028584352351	0	0	2	32.301686657186394	12	0	1.1	37.58123715987615	8.47903128910937		dr
48.38620292045281	36.28965219033961 	12.0965507301132	52.09752169075934	48.38620292045281	48.09002002420033	3.1189529778015697	-7.126454644360585	0	3	40.32183576704401	12	0	1.1	38.66173373593382	8.840783233209754		dr
18.050860506234873	16.045209338875445 	2.005651167359428	44.0825183550921	33.441455231595626	14.02625583932959	16.166830653710917	-20.037508342991934	0	8	40.1130233471886	12	0	1.1	36.78801798777937	8.219407590859724		dr
41.12917940386785	32.90334352309428 	8.225835880773573	48.09002002420033	44.15223475590134	42.183342121751835	12.122112386836157	-3.997567225703456	0	4	45.699088226519834	12	0	1.1	37.149781439120076	8.219943281685879		dr
41.1565636623179	32.925250929854315 	8.231312732463586	44.182124342625436	41.51707932024616	40.18455680905653	0	-3.9975673613817264	0	4	45.72951518035322	12	0	1.1	37.45799545628914	8.220817854822625		dr
12.367222300074964	12.649799664707205 	-0.2825773646322407	24.227134286289974	24.166426079563696	16.030006673883705	8.01500333821646	-13.336877640059662	0	13	44.659413861381815	12	0	1.1	35.66579737370241	7.61343248200442		dr
19.76481808400233	17.788336275602095 	1.9764818084002336	29.919953973881338	27.863276552812483	20.755250441937104	8.236341287258076	-4.8596026319166565	0	9	49.412045210005815	12	0	1.1	34.60573208772241	7.237635770430808		dr
13.397559226279958	12.36697774733534 	1.030581478944617	23.72028997996612	20.75525263656908	13.672045197257901	11.860144991869234	-6.588836658744247	0	12	44.65853075426652	12	0	1.1	33.280221283882256	6.8496948772129205		dr
32.12724249235032	26.772702076958605 	5.354540415391714	35.8054189315921	34.66709142290324	32.61540907591395	8.820852629174333	-5.9300743705795576	0	5	44.62117012826433	12	0	1.1	33.21239900202744	6.76174461475285		dr
11.057591963528855	12.58770009315803 	-1.5301081296291752	26.685347402568713	22.987526771272755	16.30770830233725	9.840060830454174	-8.89511297505761	1	15	46.073299848036896	9	0.5	0	31.981576388777512	6.301086128953848		dr
38.70702768628749	30.965622149029986 	7.741405537257503	41.70356037919715	40.65579904889543	40.131918383744576	8.649839979172818	-2.757270387783727	0	4	43.00780854031943	9	0.5	0	32.33554750969909	6.376892413601409		dr
15.134658810061369	14.689902455299427 	0.4447563547619424	32.860729006552894	24.918221552111536	18.236037480081244	8.153866502082638	-11.722089908555883	0	10	42.040718916837136	9	0.5	0	31.475503074717203	6.080285610659436		dr
27.673728737598353	23.72033891794144 	3.9533898196569126	32.615466015873785	30.638771103306272	29.65042364513642	8.895127091465614	-2.965042368851268	0	6	46.12288122933059	9	0.5	0	31.294466201521068	5.979004858706935		dr
37.114976149698386	29.691980919758713 	7.422995229939673	38.75331969572608	37.62646352627588	37.063035441550774	2.9650428356253116	-3.172805675760145	0	4	41.23886238855376	9	0.5	0	31.55903483552913	6.04464078467206		dr
37.85623391768925	30.2849871341514 	7.571246783537852	41.51059310733811	39.60315655288514	38.64943827565865	8.895127095236518	-2.757273411612033	0	4	42.06248213076584	9	0.5	0	31.83282609997087	6.111014958535789		dr
31.532423957933577	26.277019964944646 	5.255403992988931	32.86074955980887	32.69722719592775	32.615460836089504	2.6954415795340516	-2.9650418907603253	0	5	43.795033274907745	9	0.5	0	31.82030934405265	6.075364501638004		dr
32.17636026208015	26.81363355173346 	5.362726710346692	35.80549187569255	34.74892036985607	32.86074955980887	3.210325916558549	-0.2249722016257607	0	5	44.6893892528891	9	0.5	0	31.83455138077375	6.046858989986351		dr
36.321786260086306	29.05742900806905 	7.2643572520172555	41.51061287028578	38.54556909231051	37.063047203322874	0	-5.930087553436284	0	4	40.35754028898479	9	0.5	0	32.007137337670386	6.0936858462183086		dr
14.89140125602549	13.6504511513567 	1.2409501046687907	29.650447170564455	26.685402456526024	11.860173220917611	11.414393161790905	-11.86017322468914	0	11	45.501503837855665	9	0.5	0	31.373221186498355	5.9139548928275865		dr
30.35236926611464	25.29364105509553 	5.058728211019108	32.86078037999265	31.708914795137062	29.650456585255984	5.630857358569514	-3.210323794736663	0	5	42.15606842515922	9	0.5	0	31.336762189341794	5.883411082762998		dr
2.3884585098960693	10.278951699867939 	-7.8904931899718695	28.05251167610996	22.948447642597426	9.75620476681903	8.015003330568813	-14.825230651015723	0	74	49.096091592308085	12	0.3333333333333333	0	30.338544821085044	5.408448866461796		dr
17.11777070505875	16.583654921271446 	0.5341157837873034	36.06751501687564	29.440432138812834	20.037508340442717	0	-11.757080406134506	0	8	38.039490455686106	12	0.3333333333333333	0	29.89785235055084	5.245971097039313		dr
12.271507516179462	11.98664587910806 	0.2848616370714012	29.919627560290678	25.36519387261147	10.996362594959045	16.248189734975856	-8.375223996535091	1	15	51.13128131741442	9	0.5	0	29.329260581700147	5.08593530800809		dr
22.54258007404484	19.72475756478924 	2.817822509255599	32.615026051299175	29.7398886745686	26.685017075939722	0	-9.278361723333404	0	7	43.83279458842052	9	0.5	0	29.11717681583592	5.015056783047075		dr
15.92364063297487	15.384549379010718 	0.5390912539641519	44.18211963493556	30.343497555719694	12.382728091029595	19.653699032402926	-24.144611289394412	0	11	48.65556860075654	9	0.5	0	28.717372689082552	4.879421463983956		dr
10.926820890327786	8.19511566774584 	2.7317052225819456	12.382729835429164	10.926820890327788	12.382729499886953	4.367726164219707	0	0	3	9.105684075273155	9	0.5	0	28.194121165589767	4.816253339236838		dr
