_avgSpeed	_exSpeed	 DiffAvgExpSpeed	 Max Speed	AvgTop3Speed	_speedMedian	_maxAcceleration	_maxDecceleration	Num Of Stops(including end/start point)	duration	distance	stopDurationMedianSoFar(while moving)	ratio Of Short Stop(while moving)	ratio Of Instant Stop(in short stop)	Avg of AvgSpeed	Avg of DiffAvgExp	label
5.146795292608833	12.267906940319234 	-7.121111647710401	26.114868620164792	21.64488090000835	15.339667082324016	3.7914687071185753	-3.227313261717513	0	36	51.46795292608834	25	0	1.1	5.146795292608833	-7.121111647710401		dr
41.43691470728053	31.11667720046352 	10.320237506817008	44.89862837612729	41.48890293395136	41.28095002726804	2.993819628809291	0	0	4	46.04101634142281	25	0	1.1	23.291854999944682	1.5995629295533038		dr
48.4222872729672	36.316715454725404 	12.105571818241799	53.61535961552099	48.4222872729672	47.2926806465625	6.322678968958485	0	0	3	40.351906060806	25	0	1.1	31.668665757618857	5.101565892449469		dr
52.34446135516012	39.25834601637008 	13.086115338790037	53.16411768702745	52.344461355160114	53.164109173287386	0	-2.458951968121866	0	3	43.62038446263343	25	0	1.1	36.837614657004174	7.097703254034611		dr
31.547895938687905	26.28991328223992 	5.257982656447986	42.00396481531497	36.27086201309635	27.69167270464107	0	-11.425275814691922	0	5	43.816522137066535	25	0	1.1	35.77967091334092	6.729759134517286		dr
9.300570668385788	13.263677384546387 	-3.963106716160599	29.105452890728145	24.136220169161067	16.198315233686913	0.7613308336472053	-6.836951235532929	0	18	46.50285334192894	25	0	1.1	31.36648753918173	4.947614826070972		dr
4.1853782500296814	5.033431628960549 	-0.8480533789308673	9.946677076234408	8.750786771875648	4.721501619271562	0.9346064721983568	-0.040547170332802376	0	42	48.829412917012945	19.5	0	1.1	27.483471926445723	4.119662225356423		dr
9.219008624385394	9.788468809407725 	-0.5694601850223311	20.037508340442717	16.030006673883705	10.126399279879328	1.2792555483735102	-5.510314794386512	0	17	43.53420739293102	19.5	0	1.1	25.20041401368818	3.5335219240590794		dr
41.36947114755947	33.095576918047584 	8.273894229511889	64.79432532934939	47.78610996235623	39.28200227885965	23.561572849754263	0	0	4	45.96607905284386	19.5	0	1.1	26.996975917451657	4.06022995799828		dr
69.50511329433466	46.3367421962231 	23.168371098111564	70.79821389281109	69.50511329433465	69.50511329433465	0	-2.586201196952871	0	2	38.613951830185925	19.5	0	1.1	31.247789655139957	5.971044072009609		dr
73.73898525514413	49.15932350342943 	24.579661751714703	76.67982480721324	73.73898525514414	73.73898525514414	0	-5.8816791041382	0	2	40.966102919524516	19.5	0	1.1	35.1106256187767	7.662736588346436		dr
72.15718900964175	48.1047926730945 	24.052396336547254	73.62978470394445	72.15718900964175	72.15718900964175	2.9451913886053944	0	0	2	40.087327227578754	19.5	0	1.1	38.19783923468212	9.02854156736317		dr
73.68651446826499	49.124342978843316 	24.562171489421672	76.57495142744197	73.68651446826497	73.68651446826497	0	-5.776873918353999	0	2	40.936952482369435	19.5	0	1.1	40.92773732957311	10.223436176752285		dr
75.15474386337398	50.103162575582665 	25.051581287791315	76.67973859748128	75.154743863374	75.154743863374	3.0499894682145765	0	0	2	41.75263547965221	19.5	0	1.1	43.372523510558885	11.28258939896936		dr
72.15717738858255	48.104784925721695 	24.05239246286086	73.62977284572078	72.15717738858254	72.15717738858254	0	-2.9451909142764663	0	2	40.08732077143475	19.5	0	1.1	45.29150043576046	12.133909603228794		dr
67.79861350285745	45.19907566857163 	22.59953783428582	67.85783598480033	67.79861350285745	67.79861350285745	0.11844496388576431	0	0	2	37.66589639047636	19.5	0	1.1	46.69819500245403	12.788011367669858		dr
61.91388500404701	41.27592333603133 	20.637961668015677	61.978730929268586	61.913885004047	61.913885004047	0	-0.12969185044315878	0	2	34.396602780026114	19.5	0	1.1	47.593235590783024	13.24977315004314		dr
56.81215558682259	42.60911669011695 	14.203038896705642	60.118234428296326	56.8121555868226	55.95865440055041	4.159580027745918	-5.758656496675279	0	3	47.343462989018825	19.5	0	1.1	48.10539781278522	13.302732358191058		dr
61.611494621978366	41.07432974798558 	20.537164873992786	65.01372018633907	61.611494621978366	61.611494621978366	6.804451128721404	0	0	2	34.228608123321315	19.5	0	1.1	48.816245013269075	13.683491964285885		dr
56.98965910348047	42.74224432761035 	14.24741477587012	60.11800205360226	56.98965910348047	57.23532016894237	0	-3.6196650810455964	0	3	47.491382586233726	19.5	0	1.1	49.22491571777964	13.711688104865098		dr
57.12100979940542	42.84075734955407 	14.280252449851353	59.446333435542805	57.12100979940542	58.90352419324601	6.433161666115346	-5.890352423818548	0	3	47.60084149950452	19.5	0	1.1	49.60092019785706	13.73876259748349		dr
57.22365163741437	42.91773872806078 	14.305912909353587	59.039734596102534	57.22365163741438	56.52948822398113	0	-2.510246372121401	0	3	47.68637636451198	19.5	0	1.1	49.94740799056421	13.764542157113949		dr
55.02209874181465	41.266574056360994 	13.755524685453658	59.039781919818616	55.02209874181466	55.958438102415	0	-5.890361899204649	0	3	45.851748951512214	19.5	0	1.1	50.168046718879445	13.76415009312872		dr
39.02364762627491	31.21891810101993 	7.804729525254977	50.068076199463434	42.21426032636199	38.28735238981126	0	-8.835542860049038	0	4	43.35960847363879	19.5	0	1.1	49.703696756687584	13.515840902800647		dr
10.761153148924038	18.707382345698626 	-7.946229196774588	29.451809533507536	28.470082546559436	23.899832073248067	5.890361914194862	-5.551977456512546	1	17	50.81655653658573	14	0.3333333333333333	0	48.14599501237704	12.657358098817637		dr
39.084962530248205	31.267970024198565 	7.81699250604964	46.488211229156704	42.5301166124789	40.55106930414	14.33194307270114	-9.27119496846662	0	4	43.42773614472023	14	0.3333333333333333	0	47.797493763064395	12.471190191403483		dr
54.2763796182185	40.707284713663874 	13.569094904554625	58.388560615573596	54.276379618218506	54.7069541038698	8.654936480361485	-4.973329968657687	0	3	45.230316348515416	14	0.3333333333333333	0	48.03745249844047	12.5118533289276		dr
53.32872723366475	39.99654542524856 	13.332181808416188	54.78173644387355	53.32872723366475	54.70711477504625	0	-4.209784292971797	0	3	44.440606028053956	14	0.3333333333333333	0	48.226426596127055	12.54115077462362		dr
55.120116726425316	41.34008754481899 	13.780029181606324	56.50125325882196	55.12011672642532	55.42563940598774	1.9921818915214686	-3.067795744355692	0	3	45.93343060535443	14	0.3333333333333333	0	48.46414004889596	12.58387071969199		dr
39.15059722143695	31.320477777149563 	7.830119444287391	48.48184492303999	41.89072390644275	38.59516339814412	0.000020524874166483187	-9.88669178733295	0	4	43.50066357937439	14	0.3333333333333333	0	48.153688621314	12.42541234384517		dr
5.7315413413299945	14.045453191831172 	-8.313911850501178	23.858937600533935	20.9210921503325	18.664122944822864	0.8055709389383592	-7.218156561589085	0	28	44.57865487701107	17.5	0.25	0	46.785232257443546	11.75640188596303		dr
31.10908736686968	26.664932028745444 	4.4441553381242365	34.81390949792171	33.05557846066728	30.954080860667624	4.97342659817102	-3.8835102227433644	0	6	51.848478944782805	17.5	0.25	0	46.295352729613114	11.527894181343067		dr
36.56873726186083	30.473947718217364 	6.0947895436434685	41.50909820454902	38.62939522709879	35.57015561214366	6.951975916881011	-2.7001663399453193	0	5	50.789912863695605	17.5	0.25	0	46.000606806347896	11.36325464686732		dr
37.755467496587414	30.204373997269936 	7.551093499317478	41.50895601720146	38.821616807931996	37.47794720329726	4.251824182844196	-1.5900310986429602	0	4	41.950519440652684	17.5	0.25	0	45.758102709002	11.251132260174678		dr
51.15841359260189	38.36881019445141 	12.789603398150476	53.01518668957455	51.15841359260188	50.230031063004745	2.7851636643481967	-0.000008037778393088502	0	3	42.632011327168236	17.5	0.25	0	45.91239730567628	11.295088578402558		dr
59.49149739747012	44.61862304810259 	14.872874349367528	60.12015844892598	59.49149739747012	59.44855178556481	1.2143764910063979	-0.5427698276452304	0	3	49.576247831225096	17.5	0.25	0	46.28959453044833	11.394471516484918		dr
61.56450510392169	41.04300340261446 	20.52150170130723	63.0087681113061	61.56450510392169	61.56450510392169	0	-2.888526014768807	0	2	34.20250283551205	17.5	0.25	0	46.70242995135302	11.641148007966601		dr
72.05774590832512	48.03849727221675 	24.019248636108365	73.47226114530362	72.05774590832513	72.05774590832513	0	-2.8290304739569905	0	2	40.03208106018062	17.5	0.25	0	47.36967510811544	11.966887498180858		dr
72.88336157745678	48.58890771830452 	24.294453859152263	73.47242542358164	72.88336157745678	72.88336157745678	0	-1.1781276922497028	0	2	40.49075643192043	17.5	0.25	0	48.02387219707291	12.282978943333973		dr
68.36624206932304	45.577494712882036 	22.788747356441	69.66688314518707	68.36624206932305	68.36624206932305	2.601282151728057	0	0	2	37.981245594068355	17.5	0.25	0	48.53243144387916	12.545623153661648		dr
70.34135173165176	46.89423448776784 	23.447117243883916	76.18852635044432	70.34135173165176	70.34135173165176	11.69434923758513	0	0	2	39.07852873980653	17.5	0.25	0	49.064356328946786	12.811513253423167		dr
84.82657038560345	56.55104692373563 	28.275523461867813	85.82059795410467	84.82657038560345	84.82657038560345	1.9880551370024477	0	0	2	47.12587243644636	17.5	0.25	0	49.91583761601004	13.179703972671849		dr
90.83533423281044	60.55688948854029 	30.278444744270146	94.34931802266846	90.83533423281044	90.83533423281044	7.027967579716034	0	0	2	50.46407457378358	17.5	0.25	0	50.86745381640075	13.577349106895065		dr
84.20972545704116	56.13981697136078 	28.06990848568038	92.21976153522833	84.20972545704117	84.20972545704117	16.020072156374326	0	0	2	46.78318080946731	17.5	0.25	0	51.625232717324394	13.906725456412913		dr
92.48467454069782	61.65644969379855 	30.828224846899275	96.36095320974958	92.48467454069782	92.48467454069782	7.752557338103529	0	0	2	51.380374744832125	17.5	0.25	0	52.533220313399354	14.282758776201497		dr
86.16128587435547	57.440857249570314 	28.720428624785157	88.16503670763497	86.16128587435547	86.16128587435547	0	-4.007501666558994	0	2	47.86738104130859	17.5	0.25	0	53.26426521689841	14.596621164214186		dr
88.18973000267813	58.79315333511877 	29.396576667559366	88.21442329772131	88.18973000267815	88.18973000267815	0.04938659008634261	0	0	2	48.9942944459323	17.5	0.25	0	54.00736021234052	14.911513834498125		dr
88.16503670763497	58.77669113842331 	29.38834556921166	88.16503670763497	88.16503670763497	88.16503670763497	0	0	0	2	48.980575948686095	17.5	0.25	0	54.71897847265916	15.21311449563799		dr
86.26466885155877	57.50977923437252 	28.754889617186244	88.1650367101842	86.26466885155878	86.26466885155878	0	-3.8007357172508307	0	2	47.92481602864376	17.5	0.25	0	55.36276807222854	15.489477253220608		dr
84.4878418365814	56.32522789105426 	28.162613945527134	88.60856451985127	84.4878418365814	84.4878418365814	8.24144536653975	0	0	2	46.93768990921188	17.5	0.25	0	55.9452695475156	15.74293998706674		dr
84.53519264752917	56.35679509835279 	28.17839754917638	87.40730941516802	84.53519264752919	84.53519264752919	0	-5.744233535277672	0	2	46.963995915293985	17.5	0.25	0	56.505856274966845	15.986772488284574		dr
81.5686071721651	54.379071448110075 	27.189535724055027	82.77574028939117	81.56860717216512	81.56860717216512	2.414266234452114	0	0	2	45.31589287342506	17.5	0.25	0	56.98783225375912	16.202210242818623		dr
80.69278831976024	53.79519221317349 	26.897596106586747	81.70554067650653	80.69278831976024	80.69278831976024	2.0255047134925803	0	0	2	44.82932684431125	17.5	0.25	0	57.43509557575915	16.404009976097267		dr
75.14843597553622	50.098957317024144 	25.049478658512072	79.10518210602264	75.14843597553622	75.14843597553622	0	-7.913492260972859	0	2	41.74913109752012	17.5	0.25	0	57.76312039797725	16.564111247993836		dr
65.49725230919785	43.664834872798565 	21.832417436399282	65.79653844598775	65.49725230919785	65.49725230919785	0	-0.5985722735798049	0	2	36.3873623939988	17.5	0.25	0	57.903740978181254	16.65989863323757		dr
32.11407244384263	25.6912579550741 	6.42281448876853	48.09002001910189	36.06751501687563	30.05626251576251	7.798766956464789	-16.03000666878527	0	4	35.6823027153807	17.5	0.25	0	57.44321118292521	16.477093559229196		dr
28.16057004245776	25.504616845707492 	2.655953196750268	41.517578795022985	35.8583487340228	32.4686292574624	9.048949537560581	-4.071902457908031	0	6	46.93428340409626	17.5	0.25	0	56.92948063660123	16.23461741251904		dr
53.171683276150425	39.87876245711282 	13.292920819037604	65.06082533620388	53.171683276150425	47.227112248001305	17.833713091957776	-3.755204147637414e-9	0	3	44.309736063458686	17.5	0.25	0	56.864691026938274	16.183898505734877		dr
74.22641093749942	49.48427395833295 	24.742136979166474	74.226422694005	74.22641093749942	74.22641093749942	0.000023513011143450058	0	0	2	41.23689496527746	17.5	0.25	0	57.15895746610033	16.32895339511507		dr
71.16016295502385	47.44010863668257 	23.720054318341283	82.74470164786126	71.16016295502385	71.16016295502385	0	-23.169077385674832	0	2	39.53342386390214	17.5	0.25	0	57.392310890915724	16.452138410502176		dr
63.70798119166115	42.47198746110743 	21.235993730553716	65.43021860041978	63.70798119166115	63.70798119166115	3.4444748175172606	0	0	2	35.39332288425619	17.5	0.25	0	57.49584646961647	16.530562268207937		dr
66.71880170275156	44.479201135167706 	22.239600567583857	68.00735381601505	66.71880170275156	66.71880170275156	0	-2.577104226526984	0	2	37.06600094597309	17.5	0.25	0	57.64460381208639	16.622643531101097		dr
69.42169979247018	46.28113319498012 	23.140566597490057	70.95418634827907	69.42169979247018	69.42169979247018	3.064973111617789	0	0	2	38.567610995816764	17.5	0.25	0	57.831541843521045	16.726102627392986		dr
69.4217109009731	46.28114060064873 	23.140570300324363	70.95419768036993	69.4217109009731	69.4217109009731	3.0649735587936675	0	0	2	38.567617167207274	17.5	0.25	0	58.01263823504374	16.82632868478254		dr
66.64913168200502	44.43275445467001 	22.21637722733501	68.36073423504027	66.64913168200502	66.64913168200502	3.4232051060704833	0	0	2	37.02729537889168	17.5	0.25	0	58.145507364996995	16.909252508514115		dr
71.11146365021922	47.40764243347948 	23.70382121673974	77.16180070318745	71.11146365021922	71.11146365021922	0	-12.100674105936463	0	2	39.506368694566234	17.5	0.25	0	58.34196124810642	17.012200519244804		dr
64.99936428134664	43.33290952089777 	21.66645476044887	65.06113698538184	64.99936428134666	64.99936428134666	0.1235454080703704	0	0	2	36.11075793408147	17.5	0.25	0	58.441325472483136	17.081667000456807		dr
69.4809417620559	46.3206278413706 	23.160313920685304	70.95434505373224	69.4809417620559	69.4809417620559	2.946806583352668	0	0	2	38.60052320114217	17.5	0.25	0	58.603672770859205	17.171058866930753		dr
73.79280049615791	49.19520033077195 	24.597600165385963	73.79280049803553	73.79280049615792	73.79280049615792	3.755232569346845e-9	0	0	2	40.99600027564328	17.5	0.25	0	58.8238050567331	17.278689900241698		dr
66.41353109018961	44.27568739345974 	22.137843696729867	73.79281232534935	66.41353109018961	66.41353109018961	0	-14.758562470319482	0	2	36.89640616121645	17.5	0.25	0	58.9322297143539	17.348106383048673		dr
61.98596234834316	41.323974898895436 	20.66198744944772	61.98596234834316	61.98596234834316	61.98596234834316	0	0	0	2	34.43664574907953	17.5	0.25	0	58.97524003314249	17.39478076426556		dr
59.10218570399293	39.40145713599529 	19.700728567997643	59.17012154920074	59.10218570399293	59.10218570399293	0.13587169041563385	0	0	2	32.834547613329406	17.5	0.25	0	58.977003167459856	17.42680781709517		dr
