_avgSpeed	_exSpeed	 DiffAvgExpSpeed	 Max Speed	AvgTop3Speed	_speedMedian	_maxAcceleration	_maxDecceleration	Num Of Stops(including end/start point)	duration	distance	stopDurationMedianSoFar(while moving)	ratio Of Short Stop(while moving)	ratio Of Instant Stop(in short stop)	Avg of AvgSpeed	Avg of DiffAvgExp	label
16.75256171066239	18.160651103618132 	-1.4080893929557412	37.556272771321886	31.651801593712964	23.719954950926507	9.680425015950698	-10.871302280304672	1	11	51.18838300480175	5	1	0	16.75256171066239	-1.4080893929557412		dr
27.812372954280274	23.839176817954524 	3.9731961363257504	32.61493805752288	30.72815740307735	28.317086673513543	8.629333618822443	-8.894983114140633	0	6	46.35395492380046	5	1	0	22.282467332471334	1.2825533716850046		dr
25.797562306712123	22.112196262896106 	3.6853660438160176	29.919534300702253	27.763133018829766	25.37051369430205	2.964992494186202	-5.863439288105614	0	6	42.995937177853534	5	1	0	23.454165657218265	2.083490929062009		dr
4.02703374719184	12.326974611983935 	-8.299940864792095	32.61492252540747	27.673267598001683	10.808014957554132	8.894978867821813	-10.998887434184383	0	43	48.100680869235866	19.5	0.5	0	18.597382679711657	-0.5123670194015171		dr
33.84591067355432	28.20492556129526 	5.640985112259063	35.80489148773778	34.66657289224457	32.6149173530632	7.54425855120644e-9	-2.9649924904137706	0	5	47.00820926882544	19.5	0.5	0	21.64708827848019	0.7183034069305989		dr
37.90752704407282	30.326021635258257 	7.581505408814564	38.7526625796144	38.68340509471819	38.648776352270076	0.20776637426983058	-3.1727636070588474	0	4	42.119474493414245	19.5	0.5	0	24.357161406078962	1.8621704072445933		dr
8.332702632209818	9.839132467658482 	-1.5064298354486638	35.57988724923209	28.66157583892634	3.5785730787244074	2.9649901338607623	-8.894971813250674	1	18	41.66351316104909	19.5	0.5	0	22.06795300981194	1.3809418011455565		dr
9.31898288391073	12.086454550360493 	-2.7674716664497634	32.06001335031662	26.92331669549762	9.432586470099643	18.702224442897545	-12.022505007324689	1	20	51.77212713283739	10	0.6666666666666666	0	20.47433174407429	0.8623901176961415		dr
7.061585363614299	8.208378180139883 	-1.1467928165255845	20.037508342991934	18.792310860186966	4.007501669108231	8.015003340765677	-16.030006673883705	1	24	47.07723575742866	8.5	0.75	0	18.98402659068985	0.6391475694492831		dr
23.932499802619734	20.940937327292268 	2.9915624753274663	28.052511681208394	26.363516677263764	24.04501001464938	7.7430914618538225	-7.925213490133675	0	7	46.5354162828717	8.5	0.75	0	19.478873911882836	0.8743890600371014		dr
28.075314896579066	24.064555625639198 	4.010759270939868	32.19683264508986	30.769785891355223	28.052511681208394	8.151822632989699	-8.015003335667245	0	6	46.79219149429844	8.5	0.75	0	20.260368546855222	1.1595136246646256		dr
28.930509234888927	24.797579344190506 	4.132929890698421	36.55177847690827	32.42808631832538	28.440621781503385	12.506768464808104	-8.015003335667245	0	6	48.21751539148155	8.5	0.75	0	20.98288027085803	1.4072983135007753		dr
26.563973634415866	23.243476930113882 	3.320496704301984	32.603865509346626	29.62171876384261	24.765497640423163	8.37672402458691	-4.163769088872641	0	7	51.65217095580863	8.5	0.75	0	21.412195144977865	1.5544674204854836		dr
29.51387516838794	25.29760728718966 	4.216267881198281	36.189191484701	32.19827099390438	28.20878204526044	3.988057058138722	-7.980409613616835	0	6	49.18979194731324	8.5	0.75	0	21.99088657522144	1.744596024822112		dr
40.345207870615766	32.27616629649262 	8.069041574123148	44.0825183550921	41.41085057483687	40.07501668470926	4.007501671657444	-2.92673692803141	0	4	44.82800874512863	8.5	0.75	0	23.214507994914396	2.1662257281088477		dr
49.484401312705884	37.11330098452942 	12.371100328176468	52.181835921427435	49.48440131270589	48.181347995039125	0	-4.00048792638831	0	3	41.23700109392157	8.5	0.75	0	24.85637632727636	2.804030390613074		dr
49.425853911353855	37.069390433515395 	12.35646347783846	52.09752169075934	49.42585391135386	48.090020021651114	4.00750166910823	-4.00750166910823	0	3	41.18821159279488	8.5	0.75	0	26.301639714575035	3.365938219273391		dr
54.8994775715361	41.17460817865208 	13.724869392884024	56.417584665050846	54.8994775715361	56.18332635879813	0.2342583062527126	-4.320062974291503	0	3	45.74956464294675	8.5	0.75	0	27.89040848440621	3.941434395585093		dr
50.78979402496851	38.09234551872638 	12.697448506242125	52.18184035994585	50.78979402496851	52.09752169075934	4.091820335745524	-0.08431866918650854	0	3	42.32482835414042	8.5	0.75	0	29.095639302330543	4.40227724351441		dr
58.09853617002844	43.57390212752132 	14.524634042507117	60.76719176987807	58.09853617002843	57.34508782621059	3.42210394366748	0	0	3	48.415446808357025	8.5	0.75	0	30.545784145715437	4.908395083464045		dr
67.76703546278273	45.178023641855155 	22.589011820927574	69.72219383290157	67.76703546278273	67.76703546278273	0	-3.9103167402376897	0	2	37.64835303487929	8.5	0.75	0	32.3182246846234	5.750329213819452		dr
62.302128388486594	41.53475225899106 	20.76737612949553	62.69025944010552	62.302128388486594	62.302128388486594	0.7762621032378476	0	0	2	34.61229354915922	8.5	0.75	0	33.68112939843537	6.432922255441091		dr
61.91402634472382	41.2760175631492 	20.63800878157462	61.91403057027118	61.91402634472381	61.91402634472381	0.00000845109473601724	0	0	2	34.396681302624344	8.5	0.75	0	34.908646656969644	7.050534713099071		dr
59.3254163151108	44.49406223633309 	14.831354078777707	61.91404690729248	59.32541631511079	58.031105228007455	0.000008417975017493973	-3.882950097260043	0	3	49.437846929258995	8.5	0.75	0	35.92601205939219	7.374735520002347		dr
32.775798671374304	26.220638937099444 	6.555159734274859	41.05055852220744	36.735467159673476	34.577921478406495	0	-11.707172947734296	0	4	36.41755407930478	8.5	0.75	0	35.80000352387148	7.341952488573249		dr
6.766567988873857	9.918577101643146 	-3.1520091127692895	35.32259381212323	32.31626628785185	4.007501666559015	28.67259733713874	-8.015003340765677	0	26	48.8696576974223	8.5	0.6666666666666666	0.25	34.68333292637157	6.9383385808293045		dr
43.63562492726445	34.908499941811556 	8.727124985452896	45.65051357722636	44.676998492034784	44.19024094943899	2.9205300960442884	-5.138994184742451	0	4	48.4840276969605	8.5	0.6666666666666666	0.25	35.014899296775006	7.004589929148697		dr
55.405859360719354	41.55439452053952 	13.851464840179837	68.38520135717397	55.405859360719354	52.18185238860815	22.73467702079803	-16.20334896856582	0	3	46.171549467266125	8.5	0.6666666666666666	0.25	35.743147870487306	7.249121175971237		dr
52.15173778305772	39.11380333729329 	13.037934445764428	56.18333983763663	52.15173778305772	52.18185348988544	0	-4.091833468234327	0	3	43.459781485881436	8.5	0.6666666666666666	0.25	36.30896131574835	7.44873542665376		dr
40.18513828023009	32.14811062418407 	8.037027656046021	44.18215269651506	41.51710991708057	40.18458852736332	3.997564532563139	-3.9975638057403415	0	4	44.6501536447001	8.5	0.6666666666666666	0.25	36.43816721456441	7.468345167633502		dr
35.16146409931002	28.129171279448013 	7.032292819862004	40.184589897050955	36.14966034130067	34.132195563425526	3.8706396435375865	-7.987714523712903	0	4	39.068293443677796	8.5	0.6666666666666666	0.25	36.39698324310459	7.454278962866679		dr
7.67549108208553	13.512353209193044 	-5.836862127107514	32.19687819023782	30.815422571441985	12.022505004775477	11.750500616079279	-12.022505007324687	1	22	46.90577883496712	10	0.5714285714285714	0.25	35.499436613072746	7.038930803804986		dr
49.514867627647746	37.13615072073581 	12.378716906911933	52.18185856721188	49.51486762764775	48.181372518543114	4.0004867700236275	-4.000486048668769	0	3	41.26238968970645	10	0.5714285714285714	0.25	35.924146643817444	7.200742503899136		dr
50.76168780190634	38.07126585142976 	12.690421950476583	52.09752169075934	50.76168780190634	52.09752169075934	4.0075016665590155	-4.0075016665590155	0	3	42.301406501588616	10	0.5714285714285714	0.25	36.360544913173	7.36220366409259		dr
50.91039572691256	38.18279679518442 	12.727598931728139	60.11252503152502	50.910395726912554	52.43406562323956	12.249469097266456	0	0	3	42.42532977242713	10	0.5714285714285714	0.25	36.77625493642271	7.5155006717393205		dr
54.76918947101457	41.076892103260924 	13.692297367753646	56.10502335986757	54.76918947101456	56.10502335986757	4.0075016665590155	0	0	3	45.640991225845475	10	0.5714285714285714	0.25	37.2760586734947	7.687078357739718		dr
56.15724101817777	42.11793076363333 	14.03931025454444	56.183350021254476	56.15724101817778	56.18334967341128	3.4784319780101214e-7	-0.07832666138690314	0	3	46.797700848481476	10	0.5714285714285714	0.25	37.78636089902668	7.858760300896603		dr
52.18219891365832	39.13664918524373 	13.045549728414585	56.183351064185594	52.18219891365831	52.18186557181926	0	-4.001485492366335	0	3	43.48516576138193	10	0.5714285714285714	0.25	38.16519874151699	7.995254759515497		dr
44.214936862850436	33.16120264713783 	11.053734215712609	44.4797738783671	44.214936862850436	44.0825183550921	0.3972555232749997	-0.3972555232749997	0	3	36.845780719042025	10	0.5714285714285714	0.25	38.320320231807585	8.073677309674398		dr
24.067823512512675	20.629563010725146 	3.4382605017875285	40.07501668598387	33.44147423999464	24.045010012100164	7.878122333192209	-12.022505004775475	0	6	40.113039187521125	10	0.5714285714285714	0.25	37.96400781382521	7.9577918894772255		dr
2.872699975230073	25.585332815619896 	-22.712632840389823	48.09002002420033	42.74668446453961	32.06001334776741	8.015003335667245	0	0	74	59.04994393528483	12	0.5	0.25	37.10812225678631	7.209732749724371		dr
62.78419280753155	47.08814460564866 	15.696048201882888	68.12752836464304	62.784192807531554	60.11252503152502	8.01500333821646	-5.0984354516003805e-9	0	3	52.320160672942954	12	0.5	0.25	37.71945726989929	7.411787879537669		dr
68.12752836591766	45.4183522439451 	22.709176121972554	72.13503003375128	68.12752836591766	68.12752836591766	8.015003335667245	0	0	2	37.84862686995425	12	0.5	0.25	38.42662171399274	7.767541094478016		dr
66.12377753008893	44.08251835339262 	22.041259176696308	68.12752836719226	66.12377753008893	66.12377753008893	4.007501674206651	0	0	2	36.735431961160515	12	0.5	0.25	39.05610252799493	8.091943778164795		dr
60.149085454170596	40.0993903027804 	20.049695151390196	60.18564587936539	60.149085454170596	60.149085454170596	0	-0.07312085038958571	0	2	33.41615858565033	12	0.5	0.25	39.52483548190994	8.357671586458693		dr
58.85155202127206	44.13866401595405 	14.712888005318014	60.185647251896725	58.85155202127206	60.185646898917526	3.5297919964705216e-7	-4.002285338894794	0	3	49.04296001772672	12	0.5	0.25	39.944981493635204	8.495828465129549		dr
62.11627586225531	41.41085057483687 	20.705425287418436	64.12002669808403	62.11627586225531	62.11627586225531	4.007501671657451	0	0	2	34.50904214569739	12	0.5	0.25	40.41671116105265	8.755607120922928		dr
66.15604278907352	44.10402852604903 	22.052014263024496	68.19205888261226	66.15604278907354	66.15604278907354	4.07203218707744	0	0	2	36.75335710504085	12	0.5	0.25	40.952947236636426	9.032615603050045		dr
66.12377753263814	44.0825183550921 	22.041259177546046	68.12752836719226	66.12377753263814	66.12377753263814	0	-4.007501669108223	0	2	36.73543196257675	12	0.5	0.25	41.46663765084054	9.298098124978535		dr
64.12002669808403	42.74668446538936 	21.373342232694675	64.12002669808403	64.12002669808403	64.12002669808403	0	0	0	2	35.62223705449113	12	0.5	0.25	41.9197054317854	9.539603007132857		dr
60.1125250289758	40.07501668598387 	20.037508342991934	60.1125250289758	60.1125250289758	60.1125250289758	0	0	0	2	33.39584723831989	12	0.5	0.25	42.276427384671486	9.745444288228134		dr
58.14533859616054	38.76355906410703 	19.381779532053514	60.185653835002725	58.14533859616054	58.14533859616054	0	-4.080630477684366	0	2	32.30296588675586	12	0.5	0.25	42.5815987541232	9.930758427532469		dr
50.78980909511992	38.09235682133995 	12.697452273779973	52.18188557294931	50.78980909511993	52.09752169075934	0.08436388218996882	-4.0918655512981985	0	3	42.32484091259993	12	0.5	0.25	42.73647064734955	9.982960198216384		dr
36.09243299750664	28.87394639800531 	7.2184865995013325	44.18219027506686	38.77240676960604	36.06751501687564	0	-8.01500333821646	0	4	40.10270333056293	12	0.5	0.25	42.61343291309319	9.931766242684624		dr
18.765987703422873	16.889388933080582 	1.8765987703422908	28.052511681208394	26.716677789806173	20.037508342991934	8.015003338216458	-8.015003335667245	0	9	46.91496925855718	12	0.5	0.25	42.1798430001901	9.785308652278399		dr
36.4601984879847	30.383498739987257 	6.076699747997441	44.47988189845528	39.39365524727983	36.552110850091566	7.330908905162644	-4.4920974997749425	0	5	50.63916456664542	12	0.5	0.25	42.07770649104357	9.719083493273383		dr
45.624414625544155	29.77794458037198 	15.846470045172175	47.53941013551651	44.66691687055797	44.66691687055797	5.744986529917078	0	0	3	38.02034552128679	12	0.5	0.25	42.13992944077165	9.826581502955817		dr
42.40768866791397	33.926150934331176 	8.481537733582798	46.51042583873311	43.248125952257766	41.61697600902009	1.7306131560045372	-4.893463791580061	0	4	47.11965407545997	12	0.5	0.25	42.14454597917066	9.803391093139041		dr
7.124764236111629	11.796105282478406 	-4.671341046366777	36.74271006588749	25.89096077359585	11.864719526084322	6.090150886335788	-17.650947398501092	1	21	41.56112471065117	12	0.4444444444444444	0.25	41.55099035640695	9.55805665009657		dr
32.92750686383085	28.223577311855017 	4.703929551975833	51.67791742592799	41.20969425164994	29.892106802093487	11.458454022433926	0	0	6	54.87917810638476	12	0.4444444444444444	0.25	41.40726563153068	9.477154531794557		dr
56.08540914630296	42.06405685972722 	14.021352286575734	58.567989439323775	56.08540914630296	54.84413592704796	3.7238535122758165	0	0	3	46.737840955252466	12	0.4444444444444444	0.25	41.647890935051535	9.551649576954905		dr
54.94652626214496	41.209894696608714 	13.736631565536243	56.65916132771348	54.94652626214495	56.502290981615296	4.981034850607401	-0.15687034609818085	0	3	45.788771885120795	12	0.4444444444444444	0.25	41.862385053230454	9.61914928644815		dr
46.27980796845605	34.709855976342034 	11.569951992114014	51.277693268022475	46.27980796845605	46.51059830903744	0	-5.459465980729213	0	3	38.56650664038004	12	0.4444444444444444	0.25	41.932502877281664	9.650114408760308		dr
29.174624380681085	25.00682089772664 	4.167803482954444	41.79459984520617	35.51855675781434	26.218093548640415	8.343264244291902	0	0	6	48.62437396780181	12	0.4444444444444444	0.25	41.733161025772276	9.564453300544592		dr
52.57482260181706	39.43111695136279 	13.143705650454272	56.41781147133533	52.57482260181706	52.852082905224314	7.963238042443798	-3.5657285661110123	0	3	43.81235216818088	12	0.4444444444444444	0.25	41.89995581924989	9.619518721312433		dr
61.51998090924984	41.45809124138798 	20.061889667861855	64.1886047205784	62.18713686208197	62.18713686208197	2.001467858496426	0	0	3	51.26665075770819	12	0.4444444444444444	0.25	42.19722892667413	9.777736462926818		dr
66.46334992202345	44.30889994801563 	22.154449974007825	68.19207697029837	66.46334992202344	66.46334992202344	0	-3.457454096549853	0	2	36.92408329001303	12	0.4444444444444444	0.25	42.55940983705248	9.962463530256384		dr
64.28551649343659	42.85701099562439 	21.428505497812196	68.38536121600265	64.28551649343659	64.28551649343659	0	-8.19968944513213	0	2	35.714175829686994	12	0.4444444444444444	0.25	42.87891140552872	10.131081794485148		dr
68.12752836591764	45.418352243945094 	22.709176121972547	68.12752836719226	68.12752836591764	68.12752836591764	2.5492141730865114e-9	0	0	2	37.848626869954245	12	0.4444444444444444	0.25	43.244833390461885	10.313373016622645		dr
64.12002669680942	42.74668446453961 	21.373342232269806	64.12002669808403	64.12002669680942	64.12002669680942	2.5492141730865114e-9	0	0	2	35.62223705378301	12	0.4444444444444444	0.25	43.54305043769542	10.471372576846177		dr
62.116275863529914	41.41085057568662 	20.705425287843298	64.12002669808403	62.11627586352992	62.11627586352992	0	-4.00750166910823	0	2	34.509042146405505	12	0.4444444444444444	0.25	43.804645162002956	10.61551416432501		dr
58.14534976866343	38.76356651244228 	19.381783256221148	60.18567617491006	58.14534976866342	58.14534976866342	4.08065281249327	0	0	2	32.302972093701904	12	0.4444444444444444	0.25	44.00382161487324	10.737267901712457		dr
58.80107507858577	44.100806308939326 	14.700268769646442	60.18567684946316	58.80107507858577	60.11252502642658	0	-4.007501666559008	0	3	49.000895898821476	12	0.4444444444444444	0.25	44.20652371711587	10.791555584834839		dr
61.47274329072861	46.10455746804645 	15.368185822682157	64.12002669808403	61.4727432907286	60.185678147675176	4.007501671657451	-0.07315312124859474	0	3	51.22728607560717	12	0.4444444444444444	0.25	44.43985100865118	10.853401939400344		dr
60.112525027701196	40.07501668513413 	20.037508342567065	60.1125250289758	60.112525027701196	60.112525027701196	0	-2.549221278513869e-9	0	2	33.395847237611775	12	0.4444444444444444	0.25	44.64881999557185	10.975856691442567		dr
53.433355580462084	40.07501668534657 	13.358338895115516	56.10502335986757	53.43335558046209	52.09752169075934	0	-4.00750166910823	0	3	44.52779631705174	12	0.4444444444444444	0.25	44.76440599010988	11.007205141490894		dr
57.5382233466208	43.1536675099656 	14.384555836655203	60.40462331757805	57.5382233466208	56.10502336241679	4.299599955161263	0	0	3	47.948519455517335	12	0.4444444444444444	0.25	44.93029972201261	11.05106683883069		dr
66.26074077658207	44.17382718438804 	22.08691359219403	68.12752836719226	66.26074077658205	66.26074077658205	0	-3.733575181220388	0	2	36.8115226536567	12	0.4444444444444444	0.25	45.20376691501992	11.1925520536174		dr
53.72345699054607	40.29259274290955 	13.43086424763652	56.806531417253986	53.723456990546076	52.1819199508558	3.473273793019871e-7	-4.624611813725565	0	3	44.769547492121724	12	0.4444444444444444	0.25	45.31161109319113	11.220885119364478		dr
42.74668446453961	32.06001334840471 	10.686671116134903	48.09002002420033	42.74668446453961	44.082518352542884	0	-8.015003335667245	0	3	35.62223705378301	12	0.4444444444444444	0.25	45.279549510332984	11.214207444324108		dr
29.655512346812312	24.71292695567693 	4.942585391135381	40.075016683434654	33.395847238319895	28.052511681208394	5.098431898886702e-9	-8.01500333821646	0	5	41.18821159279488	12	0.4444444444444444	0.25	45.086660162635205	11.136780011568693		dr
4.95363269041178	10.291858772070904 	-5.3382260816591245	28.052511681208394	24.117820782188648	12.022505004775477	11.750288730479351	-8.015003335667245	0	36	49.53632690411779	13	0.4	0.25	44.59723299833979	10.935865303114694		dr
31.289800980295738	26.074834150246446 	5.214966830049292	36.06751501687564	33.395847238319895	32.06001334776741	8.01500333821646	-4.00750166910823	0	5	43.458056917077414	13	0.4	0.25	44.4369024920983	10.8669388154874		dr
21.273493158319138	18.61430651352925 	2.6591866447898873	32.06001334776741	26.83823282721075	24.045010012100164	4.279726931066898	-12.204837736163222	0	7	41.36512558562055	13	0.4	0.25	44.16114761907712	10.769227480121954		dr
14.905991576942979	12.321213536388491 	2.584778040554488	40.8454717747612	31.57905760481873	6.500579778274384	10.908358975954116	-4.007501666559015	1	12	49.68663858980993	12	0.45454545454545453	0.4	43.81696931269907	10.672939839656454		dr
50.75203898595296	38.064029239464716 	12.688009746488241	51.06798911819862	50.75203898595294	50.594075874509414	0.4739371530478067	-0.4739132436892035	0	3	42.29336582162746	12	0.45454545454545453	0.4	43.8976096577369	10.69637088508473		dr
39.365931238271585	31.49274499061727 	7.873186247654317	44.501572251391806	40.6208242650998	38.6804502719538	2.966771487451453	-8.675472471424563	0	4	43.739923598079535	12	0.45454545454545453	0.4	43.845521400041896	10.663920486953346		dr
20.48308950410332	18.207190670314063 	2.275898833789256	38.99885030818708	30.48408590736497	19.659003079254376	13.359458639638632	-12.1848345628277	0	8	45.51797667578515	12	0.45454545454545453	0.4	43.58003921940623	10.56860205907648		dr
12.487089884045599	11.763663021294077 	0.7234268627515217	17.092949649374102	16.8293794091694	12.383156269600077	4.860549153805444	-3.919083966056016	0	14	48.560905104621774	12	0.45454545454545453	0.4	43.23068023811005	10.457982113050358		dr
13.329027329800708	12.376953949100656 	0.9520733807000514	17.092954547490642	16.7386378278964	13.407037211975	8.01500333821646	-8.015003335667245	0	13	48.132598690947	12	0.45454545454545453	0.4	42.89843965023994	10.352360904913132		dr
1.176105996577987	7.500378482378034 	-6.324272485800047	26.23472503077545	21.617050176064094	5.933659579136403	9.02492657931226	-4.193364654868016	0	150	49.00441652408279	13	0.4166666666666667	0.4	42.439952467232665	10.169101197322878		dr
36.04228081615431	30.03523401346193 	6.007046802692379	42.73237739244275	38.67586644233027	35.3255459808324	7.406831411610348	-7.406849183813705	0	5	50.05872335576988	13	0.4166666666666667	0.4	42.370412557981815	10.12386147564211		dr
36.60577170668618	29.284617365348943 	7.321154341337234	45.65192470088051	40.552261965600145	38.002430597959965	0	-9.459816869603884	0	4	40.67307967409575	13	0.4166666666666667	0.4	42.30842717248401	10.09372483978937		dr
10.949211569845474	13.014977312168535 	-2.0657657423230606	32.63441390356866	29.108770942064172	19.944636621925245	26.813991605421492	-13.910268634542222	1	16	48.66316253264655	12	0.46153846153846156	0.3333333333333333	41.97481849586019	9.96436855700094		dr
43.06630778446729	34.453046227573836 	8.613261556893455	50.43499531012772	45.55468410995301	43.114528509865664	8.707404739622632	-5.933528860901475	0	4	47.85145309385254	12	0.46153846153846156	0.3333333333333333	41.9863078567929	9.950146378052441		dr
46.5393372128974	34.904502909673056 	11.634834303224345	47.46823088345144	46.53933721289741	47.46823087967706	3.774381696075579e-9	-2.7866810078877364	0	3	38.78278101074783	12	0.46153846153846156	0.3333333333333333	42.03373524591899	9.967695210606314		dr
34.117796352958145	27.29423708236652 	6.823559270591623	41.534708601795124	38.56794370364443	37.08456125456908	0	-11.867059606443725	0	4	37.90866261439794	12	0.46153846153846156	0.3333333333333333	41.95212762846578	9.935281438028843		dr
2.387668627715253	6.6917122382136185 	-4.304043610498366	28.05251167865918	23.360148247453452	7.160085805786016	28.05251167865918	-12.204838652370317	0	71	47.0901312688286	12	0.4666666666666667	0.2857142857142857	41.548408659070375	9.78998220283979		dr
50.13980102595737	40.11184082076589 	10.027960205191476	52.18192444215328	52.12565594037425	52.097521689484736	7.915285405503425	0	0	4	55.71089002884152	12	0.4666666666666667	0.2857142857142857	41.63519040015004	9.792386021045361		dr
52.12799581318847	39.09599685989136 	13.031998953297112	64.12002669808403	52.12799581318847	48.18144238893849	15.93858430914554	0	0	3	43.43999651099039	12	0.4666666666666667	0.2857142857142857	41.74011845428042	9.82478215036788		dr
62.11627586225531	41.41085057483687 	20.705425287418436	64.12002669808403	62.11627586225531	62.11627586225531	0	-4.007501671657451	0	2	34.50904214569739	12	0.4666666666666667	0.2857142857142857	41.941862587032645	9.932511290338677		dr
66.2870157473935	44.19134383159567 	22.09567191579783	68.38541188673112	66.2870157473935	66.2870157473935	0	-4.196792278675261	0	2	36.82611985966305	12	0.4666666666666667	0.2857142857142857	42.18054055919304	10.051757963137296		dr
72.13503003375128	48.09002002250085 	24.045010011250426	76.14253170285951	72.13503003375128	72.13503003375128	0	-8.015003338216474	0	2	40.075016685417374	12	0.4666666666666667	0.2857142857142857	42.47136084535381	10.187614779138395		dr
68.12752836464304	45.41835224309536 	22.709176121547678	68.12752836464304	68.12752836464304	68.12752836464304	0	0	0	2	37.84862686924613	12	0.4666666666666667	0.2857142857142857	42.71805476380851	10.308014407430791		dr
66.12377753263814	44.0825183550921 	22.041259177546046	68.12752836719226	66.12377753263814	66.12377753263814	0	-4.007501669108223	0	2	36.73543196257675	12	0.4666666666666667	0.2857142857142857	42.94096640922593	10.419759595717602		dr
64.29127921871422	42.860852812476146 	21.430426406238077	64.39394278466933	64.29127921871422	64.29127921871422	0.20532713191022367	0	0	2	35.71737734373012	12	0.4666666666666667	0.2857142857142857	43.142384454598464	10.52363381091119		dr
56.12788591088282	42.09591443316212 	14.031971477720695	64.18861434603136	56.12788591088283	56.10502336241679	16.09859432183103	-8.08359098361457	0	3	46.77323825906902	12	0.4666666666666667	0.2857142857142857	43.26374428129271	10.556422013404738		dr
54.793574052525386	41.095180539394036 	13.69839351313135	60.18567877350826	54.79357405252539	52.09752169330856	2.5492141730865114e-9	-8.088157082748914	0	3	45.66131171043782	12	0.4666666666666667	0.2857142857142857	43.370501964359676	10.58551434210591		dr
49.4258539122036	37.069390434152695 	12.356463478050905	60.11252503152502	49.42585391220359	44.082518352542884	16.030006678982133	-16.030006678982133	0	3	41.188211593503	12	0.4666666666666667	0.2857142857142857	43.42605565195458	10.601761581885222		dr
64.12002669680942	42.74668446453961 	21.373342232269806	68.12752836719226	64.12002669680942	64.12002669680942	8.015003340765674	0	0	2	35.62223705378301	12	0.4666666666666667	0.2857142857142857	43.61418266145326	10.699685042343264		dr
45.757538027255926	34.31815352044195 	11.439384506813973	48.90652971204329	45.75753802725594	48.18142629036677	0	-7.996768211009034	0	3	38.13128168937994	12	0.4666666666666667	0.2857142857142857	43.63349216925328	10.70634900148264		dr
49.45908623204541	37.09431467403405 	12.364771558011356	56.10502335731836	49.459086232045415	48.09002002420033	8.015003333118031	0	0	3	41.21590519337117	12	0.4666666666666667	0.2857142857142857	43.685506401956786	10.72115634573736		dr
57.5174834792847	43.138112609463526 	14.379370869821173	60.18567306909218	57.5174834792847	56.18338885936695	0	-4.002284209725232	0	3	47.93123623273725	12	0.4666666666666667	0.2857142857142857	43.8079132787473	10.753529925596508		dr
64.29125710564196	42.860838070427974 	21.430419035213987	64.39390742854468	64.29125710564196	64.29125710564196	0.20530064580542273	0	0	2	35.71736505868998	12	0.4666666666666667	0.2857142857142857	43.987591733369186	10.847186847610697		dr
60.60015102388704	40.400100682591365 	20.200050341295672	64.39390457172215	60.600151023887044	60.600151023887044	0	-7.587507095670205	0	2	33.66675056882613	12	0.4666666666666667	0.2857142857142857	44.13204877067803	10.928516095381871		dr
68.70627511401342	45.80418340934229 	22.90209170467113	68.7062766655728	68.70627511401344	68.70627511401344	0	-0.000003103118743297273	0	2	38.170152841118565	12	0.4666666666666667	0.2857142857142857	44.3438955494999	11.031736574772296		dr
68.67256204852414	45.78170803234943 	22.890854016174714	69.15304919282816	68.67256204852414	68.67256204852414	0	-0.9609742886080426	0	2	38.15142336029119	12	0.4666666666666667	0.2857142857142857	44.551832870004375	11.133096552903941		dr
60.40456147137362	40.269707647582415 	20.134853823791204	60.40456216132795	60.40456147137362	60.40456147137362	0	-0.0000013799086673316197	0	2	33.558089706318675	12	0.4666666666666667	0.2857142857142857	44.686178027643095	11.209382631470781		dr
57.49097786639033	43.11823339979275 	14.372744466597581	58.860220418471705	57.49097786639033	56.806358136265594	2.0538653740380113	-0.000003091831899837416	0	3	47.90914822199194	12	0.4666666666666667	0.2857142857142857	44.79378138763257	11.235965504034873		dr
58.972233210956006	39.31482214063734 	19.657411070318666	59.83010581290002	58.97223321095601	58.97223321095601	1.7157452038880194	0	0	2	32.762351783864446	12	0.4666666666666667	0.2857142857142857	44.91193515282693	11.306144217087239		dr
49.89451252809506	37.420884396071294 	12.47362813202377	53.13298702661292	49.894512528095056	51.67808074207379	1.4549062845391347	-8.26051721101446	0	3	41.578760440079215	12	0.4666666666666667	0.2857142857142857	44.95311347824237	11.315792844483408		dr
23.787489453765883	20.389276674656475 	3.3982127791094072	38.72483315811223	32.52589007720877	21.14318095227123	0	-10.948692539526153	0	6	39.64581575627647	12	0.4666666666666667	0.2857142857142857	44.77962475673027	11.250894647226243		dr
25.78958621178113	22.56588793530849 	3.2236982764726427	43.676870282331	39.05510153186458	24.045010009550946	12.022505002226254	-1.9575638839356557	0	7	50.14641763401886	12	0.4666666666666667	0.2857142857142857	44.62523419945426	11.185632888114425		dr
49.84868701408696	37.386515260565226 	12.462171753521737	51.5355823262608	49.84868701408697	49.85801858317254	1.7055584503449737	0	0	3	41.540572511739136	12	0.4666666666666667	0.2857142857142857	44.667358818927106	11.195927556383838		dr
57.6060343808662	43.20452578564965 	14.401508595216548	63.5973284715767	57.6060343808662	55.053430537592156	0	-8.543897933984546	0	3	48.00502865072183	12	0.4666666666666667	0.2857142857142857	44.77086822342262	11.2215722046945		dr
64.41078898103433	48.30809173577575 	16.102697245258582	68.38531543584473	64.41078898103433	64.73452647573325	8.272790404319714	-4.62200144420823	0	3	53.67565748419528	12	0.4666666666666667	0.2857142857142857	44.92674061038779	11.260311292318024		dr
72.16550759563731	48.11033839709154 	24.05516919854577	72.19598515752334	72.16550759563731	72.16550759563731	0	-0.060955123772060915	0	2	40.09194866424295	12	0.4666666666666667	0.2857142857142857	45.1412190905866	11.361058204965486		dr
68.24928249483602	45.499521663224016 	22.749760831612008	72.37853829413721	68.24928249483602	68.24928249483602	0	-8.258511598602396	0	2	37.916268052686675	12	0.4666666666666667	0.2857142857142857	45.3217508359323	11.450032444236163		dr
66.12377753136353	44.08251835424236 	22.04125917712117	72.13503003375128	66.12377753136354	66.12377753136354	0	-12.022505004775475	0	2	36.73543196186863	12	0.4666666666666667	0.2857142857142857	45.48300685682712	11.532134977049225		dr
70.25302943458415	46.83535295638944 	23.417676478194707	72.37853050452527	70.25302943458416	70.25302943458416	0	-4.251002139882232	0	2	39.029460796991195	12	0.4666666666666667	0.2857142857142857	45.67354549204063	11.623562219365729		dr
68.264433982506	45.509622655004 	22.754811327502004	72.13503003375128	68.264433982506	68.264433982506	7.741192102490558	0	0	2	37.92468554583667	12	0.4666666666666667	0.2857142857142857	45.8459950225022	11.70853358660341		dr
70.13127920047177	46.75418613364784 	23.377093066823925	72.13503003375128	70.13127920047177	70.13127920047177	0	-4.007501666559023	0	2	38.96182177803987	12	0.4666666666666667	0.2857142857142857	46.02997444809288	11.796931764483867		dr
66.12377753008893	44.08251835339262 	22.041259176696308	68.12752836719226	66.12377753008893	66.12377753008893	0	-4.007501674206651	0	2	36.735431961160515	12	0.4666666666666667	0.2857142857142857	46.181055674273296	11.873956782620803		dr
70.19401811544569	46.79601207696379 	23.398006038481896	72.1959781843641	70.19401811544569	70.19401811544569	0	-4.003920137836815	0	2	38.99667673080316	12	0.4666666666666667	0.2857142857142857	46.36025688652086	11.959957150201856		dr
66.12377753136353	44.08251835424236 	22.04125917712117	68.12752836464304	66.12377753136354	66.12377753136354	0	-4.007501666559008	0	2	36.73543196186863	12	0.4666666666666667	0.2857142857142857	46.506653335741916	12.03463346151237		dr
70.16354317961093	46.77569545307394 	23.387847726536982	72.13503003630049	70.16354317961091	70.16354317961091	3.9429737133791463	0	0	2	38.97974621089496	12	0.4666666666666667	0.2857142857142857	46.68060105518213	12.118112978166963		dr
72.28264232821537	48.18842821881024 	24.094214109405137	76.37322980414112	72.28264232821536	72.28264232821536	0	-8.181174951851503	0	2	40.157023515675206	12	0.4666666666666667	0.2857142857142857	46.867477268853904	12.205529774745344		dr
68.28865955194453	45.52577303462969 	22.762886517314847	68.38526492656818	68.28865955194453	68.28865955194453	0.1932107492472852	0	0	2	37.93814419552474	12	0.4666666666666667	0.2857142857142857	47.02270322742702	12.282032359836428		dr
68.16180486776067	45.44120324517379 	22.720601622586877	72.13503003375128	68.16180486776068	68.16180486776068	0	-7.946450331981197	0	2	37.86766937097815	12	0.4666666666666667	0.2857142857142857	47.174783095343095	12.357129980431754		dr
62.152834387764614	41.43522292517641 	20.717611462588202	64.12002669808403	62.152834387764614	62.152834387764614	3.934384620638845	0	0	2	34.529352437647006	12	0.4666666666666667	0.2857142857142857	47.28176917600325	12.416847705304301		dr
64.12002669553482	42.74668446368988 	21.373342231844937	64.12002669808403	64.12002669553482	64.12002669553482	0	-5.098428346173023e-9	0	2	35.6222370530749	12	0.4666666666666667	0.2857142857142857	47.401189442099216	12.480368943081183		dr
64.15430163502893	42.76953442335262 	21.384767211676312	64.18857657197381	64.15430163502893	64.15430163502893	0.06854987388977918	0	0	2	35.64127868612718	12	0.4666666666666667	0.2857142857142857	47.51916910542971	12.543075973141713		dr
62.399116596258004	41.59941106417201 	20.799705532085994	64.39378420065442	62.39911659625801	62.39911659625801	3.9893352087928307	0	0	2	34.66617588681	12	0.4666666666666667	0.2857142857142857	47.623224682288644	12.600814641386076		dr
64.18857468376865	42.79238312251244 	21.39619156125621	64.18857485764717	64.18857468376866	64.18857468376866	0	-3.4775700896716444e-7	0	2	35.66031926876036	12	0.4666666666666667	0.2857142857142857	47.738261835076706	12.661893647774065		dr
58.14793738981531	38.7652915932102 	19.38264579660511	60.11252503152502	58.147937389815304	58.147937389815304	0	-3.9291752834194256	0	2	32.304409661008506	12	0.4666666666666667	0.2857142857142857	47.810052700971454	12.70824366259359		dr
62.43334104762997	46.82500578572248 	15.608335261907492	68.12752836464304	62.43334104762999	64.12002669808403	9.067558617921165	0	0	3	52.02778420635831	12	0.4666666666666667	0.2857142857142857	47.91021221019514	12.728107303684782		dr
58.10877419442169	38.73918279628112 	19.36959139814057	60.11252502642658	58.108774194421684	58.108774194421684	4.007501664009794	0	0	2	32.28265233023427	12	0.4666666666666667	0.2857142857142857	47.97959018287696	12.773287467592644		dr
48.12323368181423	36.09242526136067 	12.03080842045356	56.10502335986757	48.12323368181422	44.182159330483	12.022505004775475	-0.09964097539090488	0	3	40.10269473484519	12	0.4666666666666667	0.2857142857142857	47.980560747058966	12.768270717274135		dr
50.815907246159625	38.111930434619715 	12.70397681153991	56.18334503006356	50.81590724615963	52.181858353323214	12.100826674971465	-4.001486676740349	0	3	42.34658937179969	12	0.4666666666666667	0.2857142857142857	47.99958991819387	12.767839214551087		dr
53.599750794093	40.199813095569745 	13.399937698523253	56.18334339115765	53.59975079409299	52.434051680506215	4.001486080542527	-0.2521943698910931	0	3	44.6664589950775	12	0.4666666666666667	0.2857142857142857	48.036924324033194	12.772053204444234		dr
53.67784916623624	40.258386874677186 	13.419462291559057	56.41764846575684	53.67784916623626	52.43404316608872	0.2521872992255254	-4.235792598893646	0	3	44.73154097186354	12	0.4666666666666667	0.2857142857142857	48.07428144219348	12.776340681842346		dr
34.24239593051283	27.393916744410262 	6.848479186102566	40.51152696224542	36.25358761052319	34.124617934662076	3.851192459834902	-7.980401628525808	0	4	38.04710658945869	12	0.4666666666666667	0.2857142857142857	47.983282195406105	12.737341593054584		dr
37.670515684518925	31.392096403765777 	6.278419280753148	44.0825183550921	42.74668446538936	40.07501668598387	12.022505007324689	-4.00750166910823	0	5	52.320160672942954	12	0.4666666666666667	0.2857142857142857	47.915878492720566	12.695126414542809		dr
49.659471376031135	37.244603532023355 	12.41486784400778	52.43402752121043	49.65947137603114	48.45436658268267	3.979660938527765	0	0	3	41.38289281335928	12	0.4666666666666667	0.2857142857142857	47.92720052443038	12.69330655369518		dr
55.209452217432236	41.407089163074176 	13.80236305435806	58.03117674801652	55.209452217432236	54.16636090094312	4.600357744679457	-3.8648158470734018	0	3	46.007876847860196	12	0.4666666666666667	0.2857142857142857	47.97418279341749	12.700461756925263		dr
49.85149582890533	37.38862187167899 	12.462873957226336	55.05197999115164	49.85149582890532	49.53128101806316	5.520698973088479	0	0	3	41.54291319075444	12	0.4666666666666667	0.2857142857142857	47.98621685133728	12.698938758209243		dr
48.81919526949431	36.61439645212073 	12.204798817373579	51.275872433494726	48.81919526949431	49.531264341528406	1.7446080919663203	-5.625423400034947	0	3	40.68266272457859	12	0.4666666666666667	0.2857142857142857	47.991522446357386	12.695791370051055		dr
20.652620681727104	18.357885050424095 	2.294735631303009	28.672582547539875	27.58829980701393	20.659557434046242	9.134647687876992	-12.204667404706962	0	8	45.894712626060226	12	0.4666666666666667	0.2857142857142857	47.81849142253061	12.629961903350116		dr
40.82182805435531	32.65746244348425 	8.164365610871059	47.445623906715916	42.56769809642277	40.1287351912762	8.896054476376854	-5.73772295450258	0	4	45.35758672706145	12	0.4666666666666667	0.2857142857142857	47.77448725040372	12.601876392076663		dr
34.89113998791664	27.912911990333306 	6.978227997583332	41.70791406914258	36.63701029813746	34.10155841263491	0	-6.1236792034565966	0	4	38.76793331990737	12	0.4666666666666667	0.2857142857142857	47.69396633001318	12.566728589611081		dr
20.405541520923492	18.138259129709773 	2.267282391213719	32.06001335031662	26.11871726631648	20.037508341717327	12.022505007324689	-8.01500333821646	0	8	45.34564782427442	12	0.4666666666666667	0.2857142857142857	47.52447300821759	12.502756874093086		dr
11.466695703381546	10.424268821255952 	1.0424268821255946	20.896759019638896	16.679605435705255	11.91770056197047	5.069662240874436	-8.895982495263933	0	10	31.85193250939318	12	0.4666666666666667	0.2857142857142857	47.30189413596552	12.43201409636489		dr
