_avgSpeed	_exSpeed	 DiffAvgExpSpeed	 Max Speed	AvgTop3Speed	_speedMedian	_maxAcceleration	_maxDecceleration	Num Of Stops(including end/start point)	duration	distance	stopDurationMedianSoFar(while moving)	ratio Of Short Stop(while moving)	ratio Of Instant Stop(in short stop)	Avg of AvgSpeed	Avg of DiffAvgExp	label
26.090758457896175	19.568068843422132 	6.522689614474043	28.673519030849665	26.090758457896175	25.553746331588435	1.5428363398664129	-0.5029121067793364	0	9	65.22689614474044	0	1.1	1.1	26.090758457896175	6.522689614474043		dr
27.909608893046173	18.606405928697445 	9.303202964348728	35.32655393718773	27.90960889304617	27.90960889304617	4.9446300294277075	0	0	6	46.51601482174362	0	1.1	1.1	27.000183675471174	7.912946289411385		dr
11.35458806077384	7.569725373849228 	3.7848626869246127	12.022505005625213	11.354588060773843	11.354588060773843	0.44527796323424756	0	0	6	18.924313434623066	0	1.1	1.1	21.78498513723873	6.536918421915794		dr
28.16980172079903	18.779867813866023 	9.389933906933006	32.84715427845469	28.169801720799033	28.169801720799033	0	-3.118235038437104	0	6	46.94966953466505	0	1.1	1.1	23.381189283128805	7.250172293170097		dr
6.773149824143632	16.779486608774533 	-10.006336784630902	40.37669450356594	22.372648811699378	25.817914227721964	4.85292675861466	0	0	33	62.08720672131662	27	0	1.1	20.05958139133177	3.798870477609897		dr
37.46233835982962	24.97489223988642 	12.487446119943204	42.84942738960985	37.46233835982963	37.46233835982963	3.5913926865201495	0	0	6	62.437230599716045	27	0	1.1	22.960040886081412	5.246966417998782		dr
22.0716787267721	14.714452484514732 	7.357226242257367	24.105849110552267	22.0716787267721	22.0716787267721	1.3561135891867775	0	0	6	36.78613121128683	27	0	1.1	22.83313200618008	5.548432107178579		dr
21.555532836436804	14.370355224291202 	7.185177612145601	25.38084390095317	21.555532836436804	21.555532836436804	2.5502073763442445	0	0	6	35.925888060728006	27	0	1.1	22.67343210996217	5.753025295299457		dr
1.473579755988343	6.2356824664744135 	-4.7621027104860705	15.365780771221235	10.30294567321392	7.771528124210261	0.09662872143881003	-2.875470002666147	0	75	30.699578249757145	46.5	0	1.1	20.317892959520634	4.584677739101065		dr
