_avgSpeed	_exSpeed	 DiffAvgExpSpeed	 Max Speed	AvgTop3Speed	_speedMedian	_maxAcceleration	_maxDecceleration	Num Of Stops(including end/start point)	duration	distance	stopDurationMedianSoFar(while moving)	ratio Of Short Stop(while moving)	ratio Of Instant Stop(in short stop)	Avg of AvgSpeed	Avg of DiffAvgExp	label
17.6556411647568	17.522699809649154 	0.13294135510764704	48.09002002420033	37.58942280143659	20.75705865797465	28.208802794286054	-27.834284201780573	1	25	122.6086191997	5	1	0	17.6556411647568	0.13294135510764704		dr
41.889042179217604	40.213480492048895 	1.6755616871687096	56.41759505137523	56.23531539424931	48.09002002292572	16.28429848737542	-11.44645177950624	0	24	279.260281194784	5	1	0	29.772341671987203	0.9042515211381783		dr
32.266289680243034	33.150752594331244 	-0.8844629140882105	64.18854679467995	58.85173111630278	36.06751501687564	28.121031777804312	-20.00642254678877	1	26	233.0343143573108	4.5	1	0	30.60365767473915	0.30801337606271534		dr
14.322167255744759	23.829696448820364 	-9.507529193075605	44.182123521848055	41.58951246615215	26.845028041869185	4.163762318024542	-12.022505007324687	1	42	167.0919513170222	5	0.6666666666666666	0	26.53328506999055	-2.1458722662218648		dr
15.82712362727704	15.19403868218596 	0.6330849450910794	26.684915435981992	23.719922321930227	15.156182763771412	5.9299812088338655	-5.92997932660802	0	24	105.51415751518026	5	0.6666666666666666	0	24.39205278144785	-1.5900808239592759		dr
31.106593336795942	29.86232960332411 	1.2442637334718327	41.70289810238456	37.770886208815604	32.614914761231375	6.266142766608645	-6.266139053916099	0	24	207.37728891197295	5	0.6666666666666666	0	25.511142874005866	-1.1176900643874246		dr
16.49265988148791	21.37625162545981 	-4.883591743971898	38.54494513937683	36.71826701904077	31.13245310564986	5.929991557291757	-11.859992533234436	1	33	151.18271558030585	9.5	0.5	0	24.222788160789012	-1.655676018613778		dr
30.022552660552016	28.82165055412993 	1.2009021064220846	44.65514821275882	43.61103233172745	32.737638538304864	17.131207839044826	-11.859986886572266	0	24	200.15035107034677	9.5	0.5	0	24.947758723259387	-1.298603752984295		dr
14.076986164875413	19.691007484651742 	-5.614021319776329	38.75277818766258	37.62593403075623	18.23580061097342	11.476644383096524	-8.895004277802277	1	26	101.66712230187798	13	0.4	0	23.73989510566117	-1.7780945937389656		dr
