_avgSpeed	_exSpeed	 DiffAvgExpSpeed	 Max Speed	AvgTop3Speed	_speedMedian	_maxAcceleration	_maxDecceleration	Num Of Stops(including end/start point)	duration	distance	stopDurationMedianSoFar(while moving)	ratio Of Short Stop(while moving)	ratio Of Instant Stop(in short stop)	Avg of AvgSpeed	Avg of DiffAvgExp	label
3.733031703541899	3.8149489556628695 	-0.08191725212097056	13.405520387737592	6.358248259438116	2.8346121952883774	3.9145992220896892	-9.398018718629363	0	6	6.221719505903165	4	1	0	3.733031703541899	-0.08191725212097056		wk
5.077358242203002	4.061886593762401 	1.0154716484406006	16.301931302252992	6.769810989604003	2.0037508332795073	16.301931302252992	-12.294429635693977	0	4	5.641509158003335	3.5	1	0.5	4.405194972872451	0.466777198159815		wk
10.68815463970237	8.550523711761896 	2.1376309279404744	21.834790240969475	12.91503896323375	8.455163324365888	13.819786902753016	-4.887821641407085	0	4	11.875727377447078	3.5	1	0.5	6.499514861815757	1.0237284414200347		wk
7.501964455312152	6.001571564249721 	1.5003928910624307	9.970349478256672	8.66678538489653	8.01500333821646	0	-4.007501669108231	0	4	8.335516061457946	3.5	1	0.5	6.750127260189855	1.1428945538306339		wk
7.14584911845827	5.716679294766616 	1.4291698236916544	8.54588813339036	8.191964934908283	8.015003335667245	4.007501666559015	-4.538386464282129	0	4	7.939832353842522	3.5	1	0.5	6.829271631843538	1.200149607802838		wk
6.7445109794464555	5.395608783557165 	1.3489021958892904	9.970359555685688	7.656847415376126	6.500091345221344	4.985180200910244	-5.962857884028242	0	4	7.493901088273839	3.5	1	0.5	6.815144856444024	1.2249417058172467		wk
3.43500142993585	4.207876751926338 	-0.772875321990488	8.015003335667245	6.679169447663978	6.011252503662345	4.0075016640098	-7.013127919027491	0	7	6.679169447097486	3.5	1	0.5	6.332267224085713	0.9395392732732846		wk
6.255673394685597	5.0045387157484775 	1.2511346789371194	12.02250500222626	7.005063969878052	4.4963434537039495	8.015003333118031	-7.037319763926592	0	4	6.95074821631733	3.5	1	0.5	6.322692995410699	0.9784886989812639		wk
4.113679672775631	3.3121793392089067 	0.8015003335667243	8.545893356553465	5.520298898681511	4.007501669745534	4.53839168489602	-4.538391688719843	0	5	5.713443989966154	3.5	1	0.5	6.077247070673469	0.9588233250463151		wk
5.506283472170794	5.538873055182653 	-0.03258958301185899	12.022505004775477	8.340899165785839	6.500096246291021	7.037315850409895	-3.0298141838508776	0	6	9.177139120284656	3.5	1	0.5	6.020150710823201	0.8596820342404976		wk
5.806040225004311	5.004539891437586 	0.8015003335667243	8.01500333821646	7.005065929784769	6.500097225568924	3.0298122201966438	-4.007501670382837	0	5	8.06394475695043	3.5	1	0.5	6.0006861212033025	0.8543927887247		wk
6.011252503662345	4.8090020029298755 	1.20225050073247	8.01500333821646	6.679169448513716	6.011252503662345	4.007501669108229	-4.0075016640098	0	4	6.679169448513717	3.5	1	0.5	6.00156665307489	0.8833809313920141		wk
5.402031931132759	5.105516966776396 	0.29651496435636293	8.015003340765675	8.015003337366721	8.015003335667245	3.2662142569427144	-6.532428518983859	0	5	7.502822126573276	3.5	1	0.5	5.9554485975408795	0.8382373954661949		wk
6.0112525023877375	4.80900200191019 	1.2022505004775477	8.015003335667245	6.679169447663978	6.011252503662345	4.0075016640098	-4.007501669108231	0	4	6.679169447097486	3.5	1	0.5	5.959434590744226	0.8642383315384343		wk
5.142101590217187	4.11368127217375 	1.0284203180434375	8.545901353544057	5.520301564769912	4.0075016703828386	4.538399684435826	-4.538399686985042	0	4	5.71344621135243	3.5	1	0.5	5.904945724042424	0.8751837973054345		wk
5.716682233169914	4.862091950884151 	0.8545902822857627	8.01500333821646	6.767652695953913	6.143977374822639	0	-3.7420519267876404	0	5	7.939836434958214	3.5	1	0.5	5.893179255862893	0.873896702616705		wk
4.09598502517971	3.2590913486745507 	0.8368936765051589	4.272951738597279	4.0959850256045796	4.00750166910823	4.440892098500626e-16	-0.1327250347445248	0	6	6.82664170863285	3.5	1	0.5	5.787461948175647	0.8717200540219082		wk
4.594124626233151	4.095604031609926 	0.4985205946232254	8.015003335667245	5.995139061644502	4.985206924633131	2.7612001812755613	-3.029796550038541	0	5	6.380728647546043	3.5	1	0.5	5.721165430289953	0.8509867507219815		wk
4.809002002929876	4.007501669363151 	0.8015003335667252	8.01500333821646	5.343335559660712	4.0075016703828386	1.9119115179933033e-9	-4.007501669108229	0	5	6.679169448513717	3.5	1	0.5	5.673156828849948	0.8483822024506522		wk
5.253804414414595	4.203043531531676 	1.0507608828829191	8.01500333821646	5.669238663699788	4.496356326441453	4.007501669108229	-4.007501671657445	0	4	5.837560460460661	3.5	1	0.5	5.65218920812818	0.8585011364722656		wk
5.796865206937445	4.637492165549956 	1.1593730413874894	8.01500333821646	6.393319719547184	5.582477910212546	4.007501669108229	-3.1499524822086302	0	4	6.440961341041605	3.5	1	0.5	5.659078541404812	0.8728283700396572		wk
6.0112525023877375	4.80900200191019 	1.2022505004775477	8.01500333821646	6.679169447663978	6.0112525023877375	4.007501671657445	-4.007501669108229	0	4	6.679169447097486	3.5	1	0.5	5.675086448722218	0.8878021032413794		wk
4.170454246867115	3.7045230485978164 	0.4659311982692982	8.01500333821646	5.343335557536366	4.007501667196319	2.0037508351914184	-5.5223947678364755	0	6	6.950757078111858	3.5	1	0.5	5.609667657337213	0.8694598899817237		wk
7.278582479949677	5.822865983959741 	1.455716495989936	8.545912620881623	8.36894275023016	8.280457814904427	4.5384106250333796	-4.007501666559015	0	4	8.087313866610753	3.5	1	0.5	5.679205774946066	0.8938872485653993		wk
6.276707633743114	5.02136610699449 	1.2553415267486239	8.545913763450034	7.033109622804479	6.276707552481703	3.275948596836997e-7	-4.53841209689102	0	4	6.974119593047904	3.5	1	0.5	5.703105849297948	0.9083454196927282		wk
5.386535315312629	4.309228252250103 	1.077307063062526	8.545914905163063	5.846213197380762	4.496362343489611	3.5606918872920694	-4.538413236054832	0	4	5.985039239236254	3.5	1	0.5	5.690930059529283	0.9148439444377204		wk
4.993231530483202	3.9945852243865616 	0.9986463060966404	8.01500333821646	5.669243140818984	4.4963630421202465	4.007501669108229	-0.9777227460240319	0	4	5.5480350338702245	3.5	1	0.5	5.665089373268317	0.9179477356102731		wk
3.4015461639046087	3.000795996993785 	0.40075016691082377	4.98522581219835	4.333409716804937	4.007501669108231	1.0018754172770576	-2.0037508345541153	0	5	4.724369672089734	3.5	1	0.5	5.584248544362469	0.8994763938710071		wk
3.502538981614064	3.53834981583012 	-0.03581083421605591	8.01500333821646	5.343335557961235	4.007501667833623	4.007501669108229	-4.007501671657445	0	6	5.837564969356774	4	1	0.3333333333333333	5.512465455991835	0.8672251101438669		wk
9.197012886732002	7.357610309385601 	1.8394025773464016	12.382773440867977	10.926849960122995	10.198888219750506	3.395834244912521e-7	-4.367770102651518	0	4	10.218903207480002	4	1	0.3333333333333333	5.635283703683174	0.8996310257172848		wk
6.011252503662345	4.8090020029298755 	1.20225050073247	8.01500333821646	6.679169448513716	6.0112525036623445	4.007501669108229	-4.007501669108229	0	4	6.679169448513717	4	1	0.3333333333333333	5.6474117294889545	0.9093929442661618		wk
6.624369909929535	5.822869576107889 	0.8015003338216458	8.545921601058854	8.36894873714374	8.280462305186184	3.28902947543952e-7	-4.00750166910823	0	5	9.20051376379102	4	1	0.3333333333333333	5.677941672627722	0.9060213001897707		wk
6.0112525023877375	4.80900200191019 	1.2022505004775477	8.015003335667245	6.679169447663978	6.011252503662345	4.007501669108231	-4.0075016640098	0	4	6.679169447097486	4	1	0.3333333333333333	5.688042000802269	0.9149979426227336		wk
8.392168294858138	6.71373463588651 	1.6784336589716276	12.022505004775477	9.527811123292196	8.280464182550556	3.0297635261112825	-7.037265195219514	0	4	9.324631438731265	4	1	0.3333333333333333	5.76757512709803	0.937451934280054		wk
3.502541313790447	2.9030251218409924 	0.5995161919494545	4.007501669108231	4.007501668258492	4.007501667833623	0.7574405310647634	0	0	6	5.837568856317411	4	1	0.3333333333333333	5.702859875289242	0.9277966273563225		wk
6.011252503662345	4.8090020029298755 	1.20225050073247	8.01500333821646	6.679169448513716	6.0112525036623445	4.007501669108229	-4.007501669108229	0	4	6.679169448513717	4	1	0.3333333333333333	5.711426337188495	0.9354203460612154		wk
6.624372325128744	5.769779561215169 	0.8545927639135744	8.54592731262427	8.19197799550266	8.015003336941852	1.8710197593242945	-4.2729634930564	0	5	9.200517118234366	4	1	0.3333333333333333	5.736100553078772	0.9332358168139818		wk
4.398600003341005	3.997849836430182 	0.4007501669108229	8.01500333821646	5.995166115865598	4.985247504690168	3.029755696864778	-6.0112525036623445	0	5	6.1091666713069515	4	1	0.3333333333333333	5.700903170190936	0.9192230365533725		wk
2.034806681781031	1.6814070512089834 	0.3533996305720475	2.9652395199106345	2.8023450853483056	2.720897868067141	0.09773665998290886	-2.965239516138192	0	9	5.0870167044525765	4	1	0.3333333333333333	5.606900696129143	0.9047147440923129		wk
