_avgSpeed	_exSpeed	 DiffAvgExpSpeed	 Max Speed	AvgTop3Speed	_speedMedian	_maxAcceleration	_maxDecceleration	Num Of Stops(including end/start point)	duration	distance	stopDurationMedianSoFar(while moving)	ratio Of Short Stop(while moving)	ratio Of Instant Stop(in short stop)	Avg of AvgSpeed	Avg of DiffAvgExp	label
4.573155629111226	4.2046723467596845 	0.3684832823515416	10.377483584919851	6.212547829475581	4.130079951753446	0.9343414568534539	-3.995882669774085	0	14	17.78449411321032	0	1.1	1.1	4.573155629111226	0.3684832823515416		wk
4.254570046086301	3.4158309105868896 	0.8387391354994116	4.81122419918376	4.507053393653966	4.354967990889071	0.0815895592573744	-0.25023687926498994	0	19	22.454675243233254	0	1.1	1.1	4.413862837598764	0.6036112089254766		wk
4.29818770207606	3.830516350163004 	0.46767135191305576	7.4776556915729655	5.395862304049298	4.354965610287462	0.9025321705811672	-1.4593586227168678	0	16	19.10305645367138	0	1.1	1.1	4.375304459091196	0.5582979232546696		wk
4.923251181015817	4.124091003802257 	0.7991601772135599	7.046103071213007	5.4642639610886325	4.673344406026445	1.2962376541025833e-7	-0.6423593476747781	0	16	21.881116360070298	0	1.1	1.1	4.512291139572351	0.6185134867443922		wk
4.290043489062512	3.5012180261668275 	0.7888254628956846	4.941659634221062	4.649365064983141	4.50321778036418	0.2001893909975502	-0.22237468349279466	0	16	19.066859951388942	0	1.1	1.1	4.4678416094703834	0.6525758819746507		wk
5.312561196364107	4.3650894588280185 	0.9474717375360884	6.504043842883991	5.791896620267157	5.43582300895874	0.32944381834373776	-0.5207955204802861	0	14	20.659960208082637	0	1.1	1.1	4.608628207286004	0.7017251912348903		wk
3.901216796434327	3.2166885571824175 	0.6845282392519096	4.941653360143574	4.237621816445553	3.8856060445965417	0.27673258816804464	-0.523692007856048	0	17	18.422412649828765	0	1.1	1.1	4.507569434307193	0.6992684838087503		wk
4.353599740939659	3.5244989846784427 	0.8291007562612163	5.188740143629153	4.658447687723555	4.393301459770758	0.3083176566815212	-0.24026909012642017	0	18	21.767998704698297	0	1.1	1.1	4.488323222636251	0.7154975178653085		wk
4.759548719249013	4.264834450893881 	0.494714268355132	8.426447480773394	5.922059859083904	4.669866048239161	0.8550909412675398	-1.6188540793653838	0	16	21.153549863328944	0	1.1	1.1	4.518459388926558	0.6909660456975111		wk
4.617270150589277	3.8869201771262825 	0.7303499734629941	6.918317995578417	5.292203300805045	4.479145953418358	0	-0.599764574751347	0	15	19.238625627455317	0	1.1	1.1	4.52834046509283	0.6949044384740594		wk
5.720812694722755	4.685366659825712 	1.035446034897043	7.317043048299668	6.326448189721727	5.831150760432756	0.6177067677361125	-0.6432643320854965	0	16	25.425834198767802	0	1.1	1.1	4.636747031422822	0.7258627654216033		wk
6.305487511042277	5.141513488652963 	1.163974022389314	7.906641611779076	6.827808608786225	6.2883921072898	0.4941651009719501	-0.4742204632607277	0	14	24.521340320719965	0	1.1	1.1	4.775808738057777	0.7623720368355792		wk
5.955569270506589	5.059663164590936 	0.8959061059156532	8.545846663784541	6.762979579068898	5.871546036711077	0.01363638500254849	-0.9333386080602817	0	13	21.506222365718237	0	1.1	1.1	4.866559548246148	0.7726438883032772		wk
4.727542191293439	4.018410862556936 	0.7091313287365022	6.67916944681424	5.5841565296508975	5.036650071069227	0.41744809026656404	-0.5384154634745899	0	17	22.324504792219017	0	1.1	1.1	4.85662973703524	0.7681072769056504		wk
5.085155716807555	4.067275273917264 	1.0178804428902906	6.836685951878748	5.428412572817213	4.724275883286446	0.49041148277878327	-0.2531961443633448	0	19	26.83832183870654	0	1.1	1.1	4.871864802353394	0.7847588213046265		wk
3.843538412045483	3.284308129328733 	0.5592302827167503	5.063923796839663	4.638950701256557	4.4264641534650035	0.31990440674570886	-0.26410553206031895	0	22	23.488290295833508	0	1.1	1.1	4.8075944029591495	0.7706632876428843		wk
4.727542511493825	3.815854158080067 	0.9116883534137576	5.009377085747984	5.009377085535548	5.009377085429332	1.593261078625119e-10	-0.239559387988574	0	17	22.324506304276394	0	1.1	1.1	4.802885468167071	0.7789588797470534		wk
3.6586131835070135	3.0205779726777466 	0.6380352108292668	5.063924571589056	3.926486355626642	3.3577672476454357	0	-0.4219936999263262	0	22	22.358191676987303	0	1.1	1.1	4.739314785685957	0.7711297870293986		wk
4.95044323771035	4.007501668623879 	0.9429415690864706	6.011252503025041	5.34333555817367	5.009377085747984	0.4007501668853308	-0.25046885431926436	0	17	23.377093066965543	0	1.1	1.1	4.750426809476714	0.7801725124008234		wk
5.4026656087864335	5.005844280766103 	0.3968213280203301	8.545878174107823	7.189400548208017	6.5111617352581135	0.6222733769336153	-1.1681730149788	0	16	24.011847150161927	0	1.1	1.1	4.7830387494422	0.7610049531817987		wk
5.023014323001633	4.0184114584013075 	1.0046028646003258	6.011252502387737	5.361518541178536	5.036651560573937	0.26410609173224064	-0.5009377084792026	0	16	22.32450810222948	0	1.1	1.1	4.794466157706935	0.7726048537255381		wk
5.2848664525747	4.361476550987547 	0.9233899015871527	6.679169447663978	5.933293695276501	5.560355819082764	0.5343335557111496	-0.5123209145357603	0	16	23.488295344776443	0	1.1	1.1	4.816757080200925	0.7794587195374297		wk
4.038428221248789	3.3379759534195115 	0.7004522678292773	6.056785731744966	4.494626144276888	3.713546350542848	0.5701568794956136	-0.6702086026280062	0	20	22.435712340271046	0	1.1	1.1	4.782916695029093	0.776023656419684		wk
4.649851129621329	4.086435679967414 	0.563415449653915	8.07571492157374	5.697531225193405	4.508439377003238	0.766584458956439	-0.11131949066693896	0	19	24.540880961890345	0	1.1	1.1	4.777372296470436	0.7671649811377769		wk
5.351228897479026	4.420720005358394 	0.9305088921206321	6.751903493647645	5.764866008123978	5.271347265362145	0.17036725125516555	-0.6354914521411379	0	16	23.783239544351225	0	1.1	1.1	4.80032656051078	0.773698737577091		wk
4.492131975565794	3.5999115524912084 	0.8922204230745856	5.063928222921168	4.649471751335368	4.442243515542469	0.20255714289424667	-0.06373155525274488	0	18	22.46065987782897	0	1.1	1.1	4.788472922628281	0.7782572639423793		wk
3.6836600125449026	3.176492502567143 	0.5071675099777595	5.06392856668206	4.396852350783831	4.063314242834717	0.24711075080912726	-0.2718474923479322	0	22	22.511255632218848	0	1.1	1.1	4.747553925958526	0.7682169026844304		wk
7.763750279413714	6.341639492597946 	1.422110786815768	9.350837227069466	8.505604510571757	8.082988152322903	0.48989725900115655	-1.0531510985983352	0	12	25.879167598045715	0	1.1	1.1	4.855275224296212	0.791570255689121		wk
5.165007900916861	4.187699535917837 	0.9773083649990246	6.0567878330535905	5.629118027453089	5.41528312465284	0.3540091132655567	-0.5014110589559198	0	17	24.390315087662955	0	1.1	1.1	4.8659556614210615	0.7979750180791177		wk
4.408251835381749	3.5666764850049786 	0.84157535037677	5.009377085747984	4.608626918922134	4.40825183550921	0.16697923624824865	-0.16030006676432915	0	20	24.490287974343047	0	1.1	1.1	4.850698867219751	0.7994283624890396		wk
3.8180372634757873	3.2132751203829337 	0.6047621430928536	5.343335557961235	4.24226362602756	3.691727660060722	0.1052580026759408	-0.6679169447097487	0	20	21.21131813042104	0	1.1	1.1	4.817387202582848	0.7931488070246464		wk
5.079919338153188	4.724864553852724 	0.35505478430046455	8.075718607008023	6.69940787116099	6.011252503237475	0.561113022698259	-1.3560723126332643	0	19	26.81068539580849	0	1.1	1.1	4.825591331819422	0.7794583688145157		wk
3.8253419727252496	3.6634225017914597 	0.1619194709337899	8.075719356637295	5.363574231023101	4.007501668216005	0.6499255045277003	-1.3560725629345576	0	21	22.31449484089729	0	1.1	1.1	4.795280745180205	0.760745068878736		wk
6.179398642363788	5.021520351041238 	1.1578782913225503	8.07571966277082	6.699408223365171	6.0112525036623445	0.08348961863750803	-0.5565974541844328	0	13	22.31449509742479	0	1.1	1.1	4.835990095097369	0.7724254577741424		wk
4.480011597116946	3.6944149574055714 	0.7855966397113749	6.011252502387737	5.03203999567702	4.542433742321663	0.43921628373182325	-0.48394052587309866	0	18	22.40005798558473	0	1.1	1.1	4.825819280869357	0.7728017772580633		wk
4.218787884852587	3.481897019041294 	0.7368908658112927	6.011252502387737	4.689966790599783	4.029323934705806	0.008728906442967598	-0.5009377084473374	0	20	23.437710471403257	0	1.1	1.1	4.808957297646669	0.7718042519400975		wk
5.729333806126205	4.782240416500796 	0.947093389625409	8.01500333736672	6.6345668048051465	5.94434853852436	0.8015003338556351	-0.7725679228406781	0	15	23.872224192192522	0	1.1	1.1	4.833832338416386	0.7765417962018627		wk
5.259845940067248	4.434968513337254 	0.8248774267299943	6.679169448513716	6.0557802993626275	5.744085724787084	0.5343335559830658	-0.1603000666623604	0	16	23.377093066965546	0	1.1	1.1	4.8450432226703555	0.7778137864789187		wk
4.510635226306786	3.8036897143160524 	0.706945511990734	6.965584116381528	5.003648967660625	4.022681393300173	0.5916164895566283	-0.005059908148954999	0	18	22.553176131533927	0	1.1	1.1	4.836468658661033	0.775996651235632		wk
4.047400892930134	3.535836708798471 	0.5115641841316632	8.01500333736672	4.714448945064627	4.151458498041272	0.3624289163758967	-2.0127061125269425	0	14	15.739892361394963	6	1	0	4.816741964517761	0.7693858395580329		wk
