_avgSpeed	_exSpeed	 DiffAvgExpSpeed	 Max Speed	AvgTop3Speed	_speedMedian	_maxAcceleration	_maxDecceleration	Num Of Stops(including end/start point)	duration	distance	stopDurationMedianSoFar(while moving)	ratio Of Short Stop(while moving)	ratio Of Instant Stop(in short stop)	Avg of AvgSpeed	Avg of DiffAvgExp	label
46.84657633387292	47.259653079747046 	-0.4130767458741289	69.22034918275865	67.56664195158902	47.671961229666714	17.40509994384105	-19.62059753812432	0	90	1171.164408346823	0	1.1	1.1	46.84657633387292	-0.4130767458741289		dr
48.119354493452796	57.39116005962091 	-9.271805566168112	78.74258798523697	75.56059421704909	66.33190044400817	10.603916738316954	-10.76127504229524	1	89	1189.6173749770276	16	0	1.1	47.48296541366285	-4.8424411560211205		dr
49.230933381769745	49.406991480540995 	-0.17605809877125012	78.05323146700107	77.11515655438212	50.40786395355218	13.927112417673655	-16.085967507739063	0	89	1217.0980752715298	16	0	1.1	48.06562140303182	-3.28698013693783		dr
76.34743898784593	75.49913411020314 	0.8483048776427893	124.55052571415406	123.06321461164316	79.16641328052197	12.233407716191202	-12.054086919935724	0	89	1887.4783527550799	16	0	1.1	55.13607579923534	-2.2531588832926754		dr
120.26051795792358	118.9242899806134 	1.3362279773101875	131.38645862268606	129.75402115703608	120.26157554699277	7.991622882430946	-9.156520512929632	0	89	2973.107249515333	16	0	1.1	68.160964230973	-1.5352815111721028		dr
117.76006210626117	116.45161697174711 	1.3084451345140593	130.92052513660417	130.59245051708012	120.9315187614423	11.845353777685887	-8.884165486703395	0	89	2911.290424293679	16	0	1.1	76.42748054352101	-1.061327070224409		dr
128.14168678988642	126.71789026999886 	1.42379651988756	136.52769656260853	136.44912799432151	127.56243761250332	12.022409086502961	-12.086970865647956	0	89	3167.9472567499697	16	0	1.1	83.81522429300178	-0.7063094144941279		dr
128.25835667171538	126.82000847069293 	1.4383482010224498	134.13299691737691	133.98683413379607	128.3630099253841	9.671915663732733	-9.687034639604292	0	89	3170.8315954951854	16	0	1.1	89.37061584034097	-0.43822721255455566		dr
130.86831901460178	109.05693251216815 	21.811386502433635	134.02688298761566	132.09552389291966	130.44396621670253	2.2111605131749172	-3.5829167709131298	0	5	181.7615541869469	16	0	1.1	93.98147174859217	2.033952089110799		dr
