_avgSpeed	_exSpeed	 DiffAvgExpSpeed	 Max Speed	AvgTop3Speed	_speedMedian	_maxAcceleration	_maxDecceleration	Num Of Stops(including end/start point)	duration	distance	stopDurationMedianSoFar(while moving)	ratio Of Short Stop(while moving)	ratio Of Instant Stop(in short stop)	Avg of AvgSpeed	Avg of DiffAvgExp	label
33.84796937679556	32.37631853432618 	1.47165084246938	59.44332016243129	57.423666182063364	37.59223560892978	14.827032697561762	-7.966753052815496	0	22	206.84870174708396	0	1.1	1.1	33.84796937679556	1.47165084246938		dr
28.761111870418958	27.610667395602203 	1.150444474816755	41.7085828054127	41.57994254080966	31.27148769608538	6.200367798657439	-14.827013886027231	0	24	191.74074580279304	0	1.1	1.1	31.30454062360726	1.3110476586430675		dr
15.045171316181106	27.888143556111114 	-12.842972239930008	50.4117752218586	48.49116617721332	35.80975038011766	9.121146560525876	-8.896195632492129	1	49	204.7814984702428	28	0	1.1	25.88475085446521	-3.4069589742146245		dr
34.355788243750084	33.239260869270915 	1.116527374479169	44.66113012669701	42.69273683673407	35.80969988794177	6.20035431185822	-8.896187160106855	0	20	190.865490243056	28	0	1.1	28.00251020178643	-2.276087387041176		dr
38.48842541939402	36.46271881837328 	2.0257066010207367	44.66103875318427	43.616789924452775	38.550113775565556	8.671224337347574	-5.930786735281899	0	18	192.4421270969701	28	0	1.1	30.099693245307947	-1.4157285894287934		dr
16.06948163971279	17.956836356037005 	-1.8873547163242144	47.615166554522865	44.59720381219922	15.358971438518264	11.861543356083725	-12.41692271289972	3	43	191.94103069656944	7.5	0.75	0.3333333333333333	27.76132464437542	-1.4943329439113635		dr
16.98391746526275	22.64024270357034 	-5.656325238307591	52.181846241568415	52.125629875212105	17.792309390243762	24.44398362942166	-16.9091050931192	1	41	193.42794890993687	10	0.6	0.3333333333333333	26.221695047359326	-2.0889032716822533		dr
11.94800203885937	16.245564397750098 	-4.297562358890728	44.082518352542884	41.41085057483688	14.026255840604199	16.03000667643292	-14.074498213387649	3	61	202.45225676956153	7.5	0.625	0.2	24.43748342129683	-2.3649856575833126		dr
8.003262079598255	10.29541993174518 	-2.292157852146925	48.45431072410726	42.90867605280051	5.930390572077206	4.007501671657445	-12.178783802668956	3	43	95.59451928409027	8	0.6	0.16666666666666666	22.611458827774765	-2.356893679201492		dr
