_avgSpeed	_exSpeed	 DiffAvgExpSpeed	 Max Speed	AvgTop3Speed	_speedMedian	_maxAcceleration	_maxDecceleration	Num Of Stops(including end/start point)	duration	distance	stopDurationMedianSoFar(while moving)	ratio Of Short Stop(while moving)	ratio Of Instant Stop(in short stop)	Avg of AvgSpeed	Avg of DiffAvgExp	label
46.25140887896155	43.53073776843439 	2.7206711105271566	56.18332725022231	53.599713978699846	48.13568470319383	12.113838187825309	-4.786576208868389	0	16	205.5618172398291	0	1.1	1.1	46.25140887896155	2.7206711105271566		dr
39.79881500151551	37.58776972365352 	2.2110452778619845	60.18561171103457	56.15749043857363	48.181345646991566	8.08809001772601	-8.124547658379932	0	17	187.93884861826768	0	1.1	1.1	43.02511194023853	2.4658581941945705		dr
12.057832619967524	16.419404915285142 	-4.361572295317618	52.8514742423269	40.634045600191634	19.246063158814966	46.921260584119516	-32.59576996241793	1	59	197.61447904946775	26	0	1.1	32.7026855001482	0.19004803102384096		dr
20.046693200935763	22.49935426713445 	-2.4526610661986865	73.103523823294	51.26648783412142	21.36547561423074	53.06601548030206	-32.59213696392634	1	35	194.89840612020882	16.5	0.5	0	29.53868742534509	-0.4706292432817909		dr
14.937386275959987	22.703345566112482 	-7.7659592901524945	50.40483226808054	46.45151208834383	26.98413493804453	9.487320305818574	-9.756044531578674	1	49	203.31442431167758	26	0.3333333333333333	0	26.61842719546807	-1.9296952526559317		dr
14.359417012355626	25.750881729697067 	-11.39146471734144	50.56388812591601	50.457845554384456	29.919548282354782	8.62538461510172	-21.054190907102758	1	48	191.458893498075	26	0.25	0	24.575258831615997	-3.506656830103516		dr
11.177519833683489	19.45728641016326 	-8.279766576479771	32.86026150063523	32.77849911140756	23.719981298248022	6.199595136698996	-5.930001917046303	1	62	192.50173046899343	26	0.2	0	22.661296117625636	-4.18852965101441		dr
12.85747085424073	20.329177216947457 	-7.471706362706726	32.86029232574	32.77853001107436	26.684983196005835	6.588771824764739	-29.64998132931417	1	59	210.71966122227863	26	0.2	0	21.435817959702526	-4.5989267399759495		dr
2.4613768153701616	4.07034603872115 	-1.608969223350988	9.756120464153588	9.469095422491044	3.250029720642968	4.771004075584449	-3.9099302390044395	0	31	21.195189243465283	26	0.2	0	19.327546721443372	-4.2667092381287315		dr
