_avgSpeed	_exSpeed	 DiffAvgExpSpeed	 Max Speed	AvgTop3Speed	_speedMedian	_maxAcceleration	_maxDecceleration	Num Of Stops(including end/start point)	duration	distance	stopDurationMedianSoFar(while moving)	ratio Of Short Stop(while moving)	ratio Of Instant Stop(in short stop)	Avg of AvgSpeed	Avg of DiffAvgExp	label
9.815021243598068	12.36476848544819 	-2.549747241850122	35.80847120740501	33.68164019131249	9.75688236898513	15.499050048498333	-15.49906016401572	3	75	204.4796092416264	12	0.3333333333333333	0	9.815021243598068	-2.549747241850122		dr
16.5259754294734	27.884994556011616 	-11.359019126538215	64.12002669808403	62.784192808381285	24.243962819608477	11.786258580626463	-8.895876641397976	1	43	197.39359540759895	16	0.25	0	13.170498336535735	-6.954383184194168		dr
59.8905141349524	54.899637957039694 	4.990876177912703	68.38515875592384	64.43497425498578	60.1125250289758	4.621626133331148	-12.201833318673941	0	11	182.99879319013232	16	0.25	0	28.743836936007956	-2.9726300634918776		dr
57.18678824982289	52.78780453829806 	4.398983711524828	68.3851433321821	62.91878725741899	56.183321688898886	12.201821815938608	-20.295123310530983	0	12	190.62262749940965	16	0.25	0	35.85457476446169	-1.1297266197377014		dr
10.624830545959803	31.634065268361034 	-21.00923472240123	61.271313881177555	55.21165550096084	34.124598253981475	12.817059823769526	-40.43926408214356	1	64	188.88587637261872	20	0.2	0	30.808625920761312	-5.105628240270407		dr
48.191944922197216	45.179948364559884 	3.0119965576373318	68.12752836719226	60.16471629880383	48.181332845415334	19.94619552177692	-11.944217928751257	0	15	200.79977050915505	20	0.2	0	33.705845754333964	-3.7526907739524504		dr
3.6386490954165476	16.512590298387174 	-12.873941202970627	62.68942860306107	53.01736250857829	12.022505004775477	20.03750834554115	-13.29245020721472	0	196	198.10422852823427	20	0.2857142857142857	0	29.410531945917192	-5.055726549526476		dr
12.223952990719054	23.635519396136228 	-11.411566405417174	52.18181183392186	48.27270398427669	28.052511681208394	20.03750834554115	-12.022505009873903	1	53	179.96375236336385	21	0.25	0	27.262209576517424	-5.850206531512813		dr
55.03939466099608	51.108009328067794 	3.9313853329282864	58.85738484158518	58.5816505436703	54.165318998586116	3.914440290525846	-4.69201890781985	0	13	198.75336960915251	21	0.25	0	30.34856347479283	-4.763362991019358		dr
20.138088012781765	29.908349037235176 	-9.770261024453411	61.913113416457755	58.871396026941774	29.428638013024674	12.382631807052038	-17.079371541136958	1	33	184.59914011716617	20	0.2222222222222222	0	29.32751592859172	-5.2640527943627635		dr
72.74752090471034	66.13410991337304 	6.613410991337304	76.37302308495416	76.23859144999193	72.28709917524289	4.007501669108237	-3.8219378723714215	0	10	202.07644695752873	20	0.2222222222222222	0	33.27478910823886	-4.184283359299121		dr
75.00685480606911	67.5061693254622 	7.5006854806069185	77.0602910573992	76.60210066802746	76.14253170540871	4.177090284951589	-4.0042998865558275	0	9	187.51713701517275	20	0.2222222222222222	0	36.75246124972472	-3.2105359559736173		dr
78.95894151648615	71.06304736483752 	7.895894151648633	81.02238495811736	80.76872319168751	80.64187409208125	4.3622742728041	-4.362280664171976	0	9	197.39735379121535	20	0.2222222222222222	0	39.99911357793713	-2.3561951784642137		dr
79.45337177331658	71.50803459598492 	7.945337177331652	81.02233646661087	81.02232746504991	80.64185260382374	4.362254616126336	-4.36226100203227	0	9	198.63342943329144	20	0.2222222222222222	0	42.81727487760709	-1.620371438764509		dr
75.02559758486548	67.52303782637894 	7.502559758486541	80.20482717965959	77.53507975320231	76.14253170031029	0.7247223507871325	-4.062295476800074	0	9	187.5639939621637	20	0.2222222222222222	0	44.96449639142432	-1.012176025614439		dr
73.27197566369044	65.9447780973214 	7.327197566369037	77.06009261015215	76.08743174198365	73.10289200615195	4.649150028656592	-4.925062576400876	0	9	183.17993915922608	20	0.2222222222222222	0	46.733713845940954	-0.49096517611547164		dr
92.01758104512137	81.7934053734412 	10.224175671680172	98.74060651735884	97.12075960138043	92.04326885466318	7.1872969135624345	-3.6105029968545352	0	8	204.48351343360304	20	0.2222222222222222	0	49.39747074001039	0.1393372266960368		dr
93.29784345354456	81.63561302185148 	11.662230431693075	98.74046662431674	97.4663739510989	93.83135103864238	3.6103939797993263	-6.144145876714589	0	7	181.4124733818922	20	0.2222222222222222	0	51.836380335206734	0.7794979603069834		dr
93.95759688248485	82.21289727217425 	11.744699610310604	99.05950444301826	97.54167587186772	93.01347876560948	3.886155525253457	-0.6673301881981217	0	7	182.69532727149831	20	0.2222222222222222	0	54.053286469274006	1.3566138366229634		dr
104.95835035653555	89.9643003056019 	14.994050050933652	108.36478314966185	108.25662441867136	106.1987942173474	11.774641026950746	-4.16973976814316	0	6	174.93058392755924	20	0.2222222222222222	0	56.59853966363708	2.038485647338498		dr
113.16518258059277	96.99872792622236 	16.166454654370412	116.2175483888434	115.29517754730257	113.39725386606875	8.502917089656052	-6.055434243163603	0	6	188.60863763432127	20	0.2222222222222222	0	59.29218932634925	2.7112460762447794		dr
104.6484567943622	89.69867725231045 	14.949779542051758	112.15178723725839	108.60126120107516	105.52972113911761	7.307664308613965	-14.712180891905746	0	6	174.41409465727034	20	0.2222222222222222	0	61.353837847622565	3.2675430519632784		dr
108.14782660895597	92.69813709339083 	15.44968951556514	113.896566350828	111.53065727151532	109.6062905992824	5.9974077475272765	-4.290350225007273	0	6	180.24637768159326	20	0.2222222222222222	0	63.388359098115316	3.7972015938590116		dr
108.258288428202	92.79281865274457 	15.465469775457422	111.08867103074817	110.10010519205308	108.47242082856522	3.650607751001786	-3.6507457353075523	0	6	180.43048071367	20	0.2222222222222222	0	65.25793948686892	4.283379434758945		dr
107.41311109626179	92.06838093965295 	15.344730156608833	109.6052193154257	109.21595503393534	107.88803968716861	3.691324023791765	-3.691451957993749	0	6	179.02185182710298	20	0.2222222222222222	0	66.94414635124464	4.725833463632941		dr
94.89250265751791	83.03093982532818 	11.861562832189733	107.33836160326453	101.55826168851405	92.9655874123969	3.268692115627573	-8.510942007048214	0	7	184.51319961184038	20	0.2222222222222222	0	68.01908313225515	5.000284593192817		dr
105.45283440189026	90.38814377304878 	15.064690628841475	112.27022898474914	108.68795077690606	105.36141923948223	7.15061105226799	-6.667008438265825	0	6	175.75472400315041	20	0.2222222222222222	0	69.40551836446386	5.373040372290916		dr
115.01473091787105	98.58405507246091 	16.430675845410136	122.31327669363328	120.15816966786576	114.8104242437373	8.540383822489432	-1.6924860658865128	0	6	191.69121819645176	20	0.2222222222222222	0	71.03441881279983	5.767955924902316		dr
118.64840447025618	101.6986324030767 	16.94977206717948	122.312964355047	121.51712021180221	118.49960998311033	5.239176314138973	-5.239488646583652	0	6	197.74734078376028	20	0.2222222222222222	0	72.67628038719488	6.153535791877391		dr
117.58636032714571	100.78830885183918 	16.798051475306536	121.0581507115939	119.60213261784578	117.6523254141708	2.44359631360183	-5.643686983802368	0	6	195.97726721190952	20	0.2222222222222222	0	74.1732830518599	6.508352981325029		dr
122.34339403417601	101.95282836181336 	20.390565672362655	125.64436348490516	123.57884317329689	122.31089945759129	3.333464027313866	-5.720548264996324	0	5	169.92138060302224	20	0.2222222222222222	0	75.72715759967654	6.956166293939145		dr
129.98955704864522	108.324630873871 	21.664926174774223	132.02435495125889	131.28918294143105	130.46166070542614	1.9512521571712114	-4.454527080580888	0	5	180.5410514564517	20	0.2222222222222222	0	77.42285758245681	7.415815040215241		dr
129.16835455683133	107.64029546402612 	21.528059092805208	131.38102257735488	130.27248237734028	128.9751791555147	5.331776054794332	-4.411998876590715	0	5	179.4004924400435	20	0.2222222222222222	0	78.99090294531665	7.843458799384635		dr
129.5818416425716	107.98486803547634 	21.59697360709525	132.5706639043406	131.14924075916923	128.97447899391318	2.364516073558903	-5.854094448358197	0	5	179.97478005912723	20	0.2222222222222222	0	80.47887173053002	8.247973940787888		dr
128.2153408096512	106.846117341376 	21.369223468275194	130.92413613470012	129.85180174383996	128.97427895219292	4.876197987632594	-3.500918282524367	0	5	178.07686223562666	20	0.2222222222222222	0	81.84277084707634	8.622866784430384		dr
129.4735732644231	107.89464438701924 	21.578928877403854	131.35205939665752	129.99409029071163	128.97371881399812	1.695566735178346	-0.561662142939042	0	5	179.82440731169874	20	0.2222222222222222	0	83.16584869200263	8.982757398124091		dr
128.43370549200603	107.02808791000503 	21.405617582001	131.90089993708585	129.57452221161657	128.41129316434805	2.939150683893587	-6.428677087563699	0	5	178.38014651667504	20	0.2222222222222222	0	84.38930428119191	9.318510376066712		dr
129.83851316709297	108.19876097257752 	21.639752194515452	130.61573326854884	130.47213892814543	130.36954665048026	2.9629442423926946	-2.962944246162209	0	5	180.33126828762914	20	0.2222222222222222	0	85.58533609397878	9.642753581815361		dr
129.39513868383636	107.82928223653032 	21.565856447306047	130.61587804747072	130.61580221343854	130.61573327231122	3.1461108246470246	-3.14604877642455	0	5	179.71547039421716	20	0.2222222222222222	0	86.70866436551358	9.948474168109994		dr
127.70811256368684	106.42342713640569 	21.284685427281147	130.6160228258861	129.67349723355278	127.9729799066491	2.64316388254737	-6.425767732211909	0	5	177.37237856067617	20	0.2222222222222222	0	87.73365057046792	10.231879449589274		dr
129.38549290946003	107.82124409121668 	21.564248818243342	133.39330665646054	130.599435995241	127.97320167923982	5.923136382977091	-5.420104977220717	0	5	179.70207348536113	20	0.2222222222222222	0	88.74954916410188	10.508278702483276		dr
122.36497836345524	101.97081530287937 	20.394163060575863	130.61643647803803	126.6092058334766	124.50891027539394	0.19336047160383885	-12.152672817801687	0	5	169.95135883813228	20	0.2222222222222222	0	89.54991652599124	10.74365690148548		dr
97.28630373656515	83.79203615269525 	13.494267583869899	104.21846950639389	102.56085688994854	97.95784263407974	4.8792982096522906	-7.443514957195234	0	7	189.1678128210989	20	0.2222222222222222	0	89.7298325076325	10.80762459177349		dr
103.46447806004733	88.68383833718342 	14.78063972286391	108.54775248155711	107.201082832594	105.09913150518501	8.751780267208645	-2.924392967140264	0	6	172.44079676674554	20	0.2222222222222222	0	90.04198354291465	10.897920390207362		dr
104.97430634703879	89.97797686889041 	14.996329478148382	106.96913156478809	106.79377094064519	105.80271361089883	5.846356945764271	-2.96301299997684	0	6	174.95717724506466	20	0.2222222222222222	0	90.37381293856184	10.988996147717161		dr
112.50359984065925	96.43165700627937 	16.071942834379882	119.71402603091867	115.57044204704157	111.32481801570817	5.401837035417174	0	0	6	187.50599973443207	20	0.2222222222222222	0	90.85489526252049	11.099494988731568		dr
126.74714127542507	105.62261772952091 	21.124523545904154	130.25557999571484	128.21532679742793	126.75581884711683	2.6949239491341785	-6.19468509773219	0	5	176.03769621586815	20	0.2222222222222222	0	91.61856007130568	11.31279346867141		dr
119.01936048986806	102.01659470560116 	17.0027657842669	123.8838169798581	121.22618794012389	118.81264855164426	5.068764363676706	-5.854467345538609	0	6	198.36560081644674	20	0.2222222222222222	0	92.18941008002572	11.43133455857965		dr
121.86647329626918	101.55539441355764 	20.31107888271154	128.4093240988175	123.17951690577662	120.1984278765478	7.478525356852899	-0.6028542512883632	0	5	169.25899068926273	20	0.2222222222222222	0	92.79506443137763	11.612553830500708		dr
126.93974721774882	105.78312268145731 	21.156624536291503	130.61358225085903	128.89903651450695	125.46998641178418	8.081706695985375	-5.1437898905281685	0	5	176.30520446909557	20	0.2222222222222222	0	93.47795808710505	11.803435244616523		dr
127.64203936287439	106.36836613572866 	21.27367322714572	130.92036005954176	128.6812237741685	127.46725557818255	6.221069908378681	-3.453104481359219	0	5	177.28061022621443	20	0.2222222222222222	0	94.14784203368876	11.98912618545043		dr
126.88745217981737	105.73954348318115 	21.14790869663622	127.65597483950964	127.50910724548629	127.40417228369687	3.1502079568090267	-2.9614077305517554	0	5	176.23257247196858	20	0.2222222222222222	0	94.77744992111431	12.16525661835785		dr
126.89938910951078	105.74949092459234 	21.14989818491844	130.61310653838618	128.49522293228705	124.50566802863631	5.8612459676041055	-6.107438509749869	0	5	176.24915154098719	20	0.2222222222222222	0	95.38352424542367	12.33477815734956		dr
127.49098677361896	106.2424889780158 	21.248497795603157	130.61296175199556	129.50277250155537	127.46691147654072	6.107372800045056	-6.171934340517382	0	5	177.07081496335968	20	0.2222222222222222	0	95.97810688483469	12.499847039539441		dr
126.88681793078088	105.73901494231741 	21.147802988463468	127.65567166951116	127.52979780651367	127.46685075243087	0.18882091708029236	-2.9628787833901953	0	5	176.231691570529	20	0.2222222222222222	0	96.54008344930644	12.65708260224715		dr
128.66333759583515	107.2194479965293 	21.443889599305848	130.6127756028187	129.48207730658677	127.46679003221396	3.145985570604722	-3.209048851758297	0	5	178.69907999421545	20	0.2222222222222222	0	97.11371298763731	12.81398987005177		dr
128.10815049254822	106.75679207712354 	21.351358415424684	130.6127135530219	129.56543873183406	127.65548976674299	3.214719500251789	-5.987342609246099	0	5	177.92798679520587	20	0.2222222222222222	0	97.65747504912697	12.963768265584628		dr
127.4803448588849	106.23362071573742 	21.24672414314749	130.42798860054373	129.39932365247574	127.40356474009756	5.861224067600247	-2.8983711909118597	0	5	177.056034526229	20	0.2222222222222222	0	98.17166245964003	13.10657784968054		dr
127.44126913903987	106.20105761586656 	21.240211523173315	127.46650665323882	127.46648641059151	127.46646617053479	0	-0.06302293882234267	0	5	177.00176269311095	20	0.2222222222222222	0	98.66775748810444	13.24443604753635		dr
129.78633615186183	108.15528012655153 	21.6310560253103	133.32916358866882	131.35393053412926	130.36631400497475	5.862717663459833	-2.96287077326231	0	5	180.25880021091922	20	0.2222222222222222	0	99.18640046583373	13.384213047165916		dr
128.03376331844134	106.69480276536778 	21.338960553073562	130.42780219470762	129.4201464112067	127.46638520107214	5.861216450102475	-3.0244602238589096	0	5	177.82467127561296	20	0.2222222222222222	0	99.6593080535814	13.514618743984073		dr
125.69037396793014	104.74197830660847 	20.94839566132167	127.40332172695703	127.40331497522243	127.40330147552265	5.859640256154819	-5.859660507589197	0	5	174.56996384434743	20	0.2222222222222222	0	100.07916395542574	13.634518371683066		dr
126.24300916976527	105.20250764147106 	21.040501528294214	130.42769862401457	128.4323875336961	127.40322046597689	5.988734920926831	-5.9873239664465245	0	5	175.3375127357851	20	0.2222222222222222	0	100.49446308581207	13.752073659883242		dr
126.24358348621355	105.20298623851129 	21.040597247702266	130.42765719883334	129.39896734238582	127.40320021452307	8.822499184782401	-8.950187223941683	0	5	175.3383103975188	20	0.2222222222222222	0	100.89679309206835	13.865956840942916		dr
126.84865632388664	105.70721360323887 	21.141442720647774	127.46616254523123	127.44514135384169	127.40311921243851	2.89834036402263	-2.898360615495804	0	5	176.17868933873143	20	0.2222222222222222	0	101.29605252640401	13.977887392938376		dr
128.03952486008436	106.69960405007028 	21.33992081001408	131.34751405400112	129.24131249143707	127.96902824449765	3.4643091806283905	-0.00006048225641563931	0	5	177.83267341678382	20	0.2222222222222222	0	101.7012566526719	14.089433353803159		dr
126.05416785470632	105.04513987892193 	21.00902797578439	129.65177640944412	126.97447976472888	125.63575676423942	0.9622719819317922	-4.978010568670527	0	5	175.07523313153655	20	0.2222222222222222	0	102.06473293926942	14.19271088547452		dr
129.02628541456534	107.52190451213774 	21.5043809024276	132.17547986415562	129.7727410614286	127.91568097354565	4.2775718604805775	-1.3117664617189178	0	5	179.20317418689626	20	0.2222222222222222	0	102.46122635802377	14.30023544454736		dr
129.0987595473247	107.58229962277058 	21.516459924554127	134.74536141694404	130.66421959529148	126.99786041683598	7.994900781345592	-4.495924464849622	0	5	179.30383270461763	20	0.2222222222222222	0	102.84727756366581	14.404818408025719		dr
126.62887457726474	105.5240621477206 	21.10481242954414	131.59226689596477	128.30267862083105	126.31864561273828	4.595143542174725	-9.673668816430464	0	5	175.87343691286767	20	0.2222222222222222	0	103.18701466386007	14.500532608333126		dr
127.74198393083809	106.45165327569838 	21.290330655139712	131.59049065742403	129.90700739800113	129.06513995820214	6.6344929365339596	-5.032491839080336	0	5	177.419422126164	20	0.2222222222222222	0	103.53285930142314	14.596163566738852		dr
128.88610353209012	107.40508627674178 	21.481017255348334	131.22366811615964	131.22316344107682	131.22264906032814	6.777367690916876	-6.777862660333781	0	5	179.00847712790295	20	0.2222222222222222	0	103.88498769351573	14.691786534636208		dr
128.07454906689577	106.72879088907983 	21.345758177815938	133.70609340966857	132.17193295333368	131.22213953242127	5.031810597521641	-16.404902255580353	0	5	177.88131814846633	20	0.2222222222222222	0	104.21635154794559	14.782936831118121		dr
127.82224147179416	106.51853455982847 	21.30370691196569	129.5568476028144	129.2257812091092	129.0601221961414	5.113774237712306	-2.566057236273238	0	5	177.53089093304743	20	0.2222222222222222	0	104.53535006043003	14.87105534572417		dr
128.26802422207794	106.89002018506498 	21.378004037012957	131.21854362304234	129.77887070307037	129.0586567851238	4.229227503772378	-2.159886837918549	0	5	178.15003364177494	20	0.2222222222222222	0	104.85178571591867	14.95781466160802		dr
128.07693452565076	106.73077877137563 	21.34615575427513	131.58251250010974	129.797721742442	128.75322453227082	4.312999596769956	-2.2019420668438983	0	5	177.88463128562606	20	0.2222222222222222	0	105.15737977920462	15.041871781248377		dr
128.26879256773927	106.89066047311609 	21.378132094623183	131.58145584725733	129.9278557983692	126.98578085354775	5.031402379423	-6.57111387150286	0	5	178.15110078852678	20	0.2222222222222222	0	105.45752799723753	15.12416087622727		dr
127.56051123985436	106.30042603321198 	21.260085206642387	131.21411772043564	128.93921998279566	126.54886732275168	2.5060505289430495	-6.777845845807406	0	5	177.16737672201995	20	0.2222222222222222	0	105.74089957727108	15.202826572771054		dr
129.14421450871373	107.62017875726143 	21.524035751452303	131.57836239335785	129.89514911860218	129.05341666033436	2.524945733023486	-2.5254490430609735	0	5	179.36696459543572	20	0.2222222222222222	0	106.03714407007413	15.282841878830311		dr
126.3838454407731	105.31987120064427 	21.06397424012883	129.5467376125938	128.52688651904444	126.9817339448317	5.113110891740249	-7.147247073829249	0	5	175.5331186677404	20	0.2222222222222222	0	106.29147783720786	15.35510603334654		dr
126.82095772543666	105.68413143786388 	21.136826287572774	131.57511569741098	129.89187600720405	129.04977504911793	8.65911320152152	-11.165713573058426	0	5	176.14021906310646	20	0.2222222222222222	0	106.54492820619835	15.426485295744397		dr
126.90420258278031	105.75350215231697 	21.150700430463345	128.74476836240856	128.11892934495336	126.97926660383663	1.7655017585719293	-2.375528005935763	0	5	176.25583692052822	20	0.2222222222222222	0	106.7932120400591	15.49629279738731		dr
127.85198662734621	106.54332218945517 	21.30866443789104	131.63665930513983	130.19032784700448	127.29839223573026	7.504069661709877	-7.0795720478558195	0	5	177.57220364909193	20	0.2222222222222222	0	107.04693221580953	15.566321371369284		dr
127.04880468786071	105.87400390655058 	21.174800781310125	130.06169366874187	128.41862975790846	127.000607703659	4.199889643431931	-2.00073764979318	0	5	176.45667317758432	20	0.2222222222222222	0	107.28504974523871	15.633088983392389		dr
130.56418111260422	108.80348426050351 	21.760696852100708	138.18488824717573	132.95267304756985	127.86255711750303	10.322331129672705	-4.9826729747733225	0	5	181.33914043417252	20	0.2222222222222222	0	107.55892187897243	15.705178487730134		dr
129.33281383903375	107.77734486586145 	21.555468973172296	135.3621837905201	131.41542234155472	129.12574054434813	5.603841100724196	-8.475499745264642	0	5	179.62890810976907	20	0.2222222222222222	0	107.81210666920569	15.773205121281785		dr
128.89538777589615	107.4128231465801 	21.48256462931606	131.51532978026137	130.36143862740832	129.12540501484528	5.984785537450875	-3.6532510258161466	0	5	179.02137191096688	20	0.2222222222222222	0	108.0544432336504	15.838829943213215		dr
128.69463401196143	107.2455283433012 	21.449105668660224	131.8138035978359	130.46045268973106	129.12472225938907	3.9521385786813568	-7.583656626376452	0	5	178.74254723883533	20	0.2222222222222222	0	108.2889908561312	15.902583076456931		dr
130.07309691890853	108.3942474324238 	21.678849486484737	132.74246944344807	131.12684206074928	129.12393025266937	4.881211090018425	-3.618539190778705	0	5	180.65707905403963	20	0.2222222222222222	0	108.53375609279162	15.967484946232524		dr
126.57942077419494	105.48285064516244 	21.0965701290325	131.1088052237953	129.05616922396538	126.3051232174024	8.269292504083865	-6.865495751331352	0	5	175.80475107527076	20	0.2222222222222222	0	108.73426347814055	16.024474781596968		dr
131.6758313377035	109.72985944808623 	21.94597188961727	137.90739464405675	134.96408889727286	131.96051828545163	3.0638354768585714	-13.365037237226403	0	5	182.88309908014372	20	0.2222222222222222	0	108.98636861945442	16.0895461783884		dr
129.1685789357034	107.64048244641951 	21.528096489283897	133.37958090077527	131.02823786570715	128.69483024472893	4.684750656046333	-4.4903070920852315	0	5	179.40080407736585	20	0.2222222222222222	0	109.205740470718	16.148660855680742		dr
130.0761041839062	108.39675348658852 	21.679350697317687	136.44650118723737	132.5608721257538	128.4003623158335	8.046138871403883	-7.092227480044713	0	5	180.66125581098086	20	0.2222222222222222	0	109.43015298376304	16.20813063892415		dr
129.48909804233946	107.90758170194958 	21.581516340389882	132.12082366404212	130.62818688369939	129.1709770300961	1.5280637070821683	-2.9505004441397773	0	5	179.84596950324925	20	0.2222222222222222	0	109.64354601630107	16.265294316599316		dr
127.54152356329972	106.28460296941641 	21.256920593883308	130.672547994226	129.2331960747963	127.85753427322649	2.7708511060974956	-7.0539587512199375	0	5	177.14100494902738	20	0.2222222222222222	0	109.83194577995368	16.317837751097045		dr
130.07339426499388	108.39449522082823 	21.678899044165647	134.84477185255017	133.42654010872192	130.59049651528971	12.598736051908475	-12.599155946132754	0	5	180.6574920347137	20	0.2222222222222222	0	110.04279420167285	16.373682139566508		dr
130.35243143834703	108.6270261986225 	21.725405239724523	134.8430557563727	132.51633051078628	130.58859231723656	7.070941322888913	-2.9505799352338613	0	5	181.04504366437087	20	0.2222222222222222	0	110.25217190514371	16.428854542660922		dr
128.65646746571645	107.21372288809702 	21.442744577619422	129.40005640329392	129.2438013314659	129.16545584922204	0.23416466141219416	-2.7795787939819405	0	5	178.6895381468284	20	0.2222222222222222	0	110.43997083943528	16.480016685874784		dr
130.65515954927437	108.87929962439529 	21.775859924879086	134.74665428689644	132.08673517155546	129.39867593677786	0	-2.716199354214183	0	5	181.46549937399217	20	0.2222222222222222	0	110.64416466478718	16.533510051925333		dr
126.66846409546346	105.5570534128862 	21.111410682577258	131.95005152667537	128.23933208088286	126.38387518291445	9.709037114719436	-5.566741703962634	0	5	175.92842235481038	20	0.2222222222222222	0	110.80440765909394	16.57928905823185		dr
124.55786782442361	103.79822318701967 	20.759644637403937	130.584119114687	128.34067572420108	125.04152719293062	5.542591921756397	-9.455614237573826	0	5	172.99703864503277	20	0.2222222222222222	0	110.940580532018	16.620678717431577		dr
113.71508355384023	97.47007161757735 	16.245011936262884	116.94471010484997	115.3911795797552	113.8839267186383	5.82798322769915	-5.828321707451906	0	6	189.5251392564004	20	0.2222222222222222	0	110.96778154203585	16.61699570977306		dr
112.54892506009718	96.470507194369 	16.07841786572817	118.15947946903015	114.38602810567386	111.1156652772718	7.043891119736429	-7.044183446776543	0	6	187.58154176682862	20	0.2222222222222222	0	110.9831324499782	16.611766798665826		dr
110.01627402767856	94.29966345229592 	15.716610575382646	112.62207597349122	112.09031665990388	110.42375669576901	4.12004726838569	-7.009444300732341	0	6	183.3604567127976	20	0.2222222222222222	0	110.97383573437916	16.603159527288106		dr
118.09944392421394	101.22809479218336 	16.871349132030588	127.83046889351735	124.12172218323299	116.7493563051785	12.489257341938483	-2.816289507199258	0	6	196.83240654035654	20	0.2222222222222222	0	111.04169866952044	16.60571371399994		dr
127.01268525096388	105.84390437580326 	21.16878087516062	129.39056530743417	127.86537419478839	126.3761364639703	4.299203741078074	-1.5611444944734956	0	5	176.4065072930054	20	0.2222222222222222	0	111.19236835425104	16.648761517407113		dr
129.7441276342835	108.12010636190291 	21.62402127238059	133.33342555247984	131.02119276493173	129.1537768574367	2.7570496676011373	-4.1796486950431415	0	5	180.2001772698382	20	0.2222222222222222	0	111.3657492821018	16.695259272126492		dr
131.158425386516	109.29868782209667 	21.859737564419333	134.82932598562292	133.421945535256	132.10398978940017	8.45548651495605	-6.958681360078003	0	5	182.16447970349444	20	0.2222222222222222	0	111.54901480158713	16.743078515573647		dr
125.46279355510389	104.55232796258656 	20.910465592517326	129.3866823344272	127.86173066610247	126.37237290192607	4.29913887606763	-7.731140583073639	0	5	174.25387993764429	20	0.2222222222222222	0	111.67666414794967	16.781311424536433		dr
112.57260350628583	96.49080300538785 	16.081800500897984	120.45427286480616	116.64847280170333	112.17798374516452	6.210117147536366	-7.12193353768771	0	6	187.6210058438097	20	0.2222222222222222	0	111.68480905120727	16.77495223432154		dr
111.17240078280183	95.29062924240158 	15.881771540400251	114.42492141238216	112.77676357195828	110.77444239795261	2.46169947883358	-4.876141410665028	0	6	185.28733463800305	20	0.2222222222222222	0	111.6801927605009	16.766905561403327		dr
114.8492494464298	98.44221381122554 	16.407035635204252	118.13119033744562	117.08155467622858	115.41599594843247	3.841254855917782	-8.240757120362034	0	6	191.41541574404965	20	0.2222222222222222	0	111.70848790948241	16.763692437062264		dr
120.17898320735534	103.01055703487603 	17.168426172479315	128.16969010836658	125.90072265353042	120.18589692112755	6.8067039177678765	-0.00019844674059754652	0	6	200.29830534559224	20	0.2222222222222222	0	111.78344804486183	16.76727415153498		dr
128.55669715677402	107.13058096397835 	21.426116192795675	133.22421438656252	131.82841267203307	129.44657952160773	6.620639633519858	-1.6463679915952127	0	5	178.55096827329726	20	0.2222222222222222	0	111.9305818090014	16.80814118698464		dr
128.2005853898266	106.83382115818885 	21.36676423163776	131.09407515100997	130.0940792492292	129.4453747445528	1.600873540714204	-6.569186746945974	0	5	178.0563685969814	20	0.2222222222222222	0	112.07206010100857	16.847781387372926		dr
126.1690092099506	105.14084100829217 	21.02816820165843	129.54175285382473	127.83316886781124	126.11387046412413	3.427882389700599	-6.666433440072353	0	5	175.23473501382028	20	0.2222222222222222	0	112.19358552436152	16.883819204737456		dr
127.31530160025264	106.09608466687718 	21.219216933375463	130.06735138302466	129.2014912429804	127.99609051378238	7.538673314082857	-2.571356077863726	0	5	176.82680777812865	20	0.2222222222222222	0	112.3228309609076	16.920873886178807		dr
129.8030733785357	108.1692278154464 	21.63384556308928	133.63253900067622	131.38146651177004	129.48144962343548	7.425923484983713	-2.6021280894777874	0	5	180.28204635907736	20	0.2222222222222222	0	112.47096860851462	16.960814324118726		dr
129.23804181454994	107.69836817879163 	21.53967363575832	130.55017766602802	129.7901919306231	129.36443443200974	1.1859676357933893	-2.000540443185699	0	5	179.49728029798604	20	0.2222222222222222	0	112.61186838335524	16.999292133460237		dr
129.10497057936564	107.58747548280469 	21.51749509656095	133.2704829581136	130.87476049514308	128.85740804663212	5.137639483082225	-5.728662544315895	0	5	179.31245913800782	20	0.2222222222222222	0	112.74931090165532	17.036943824819407		dr
128.7494622010408	107.29121850086733 	21.458243700173483	130.49618342576846	130.43459488763474	130.31152133912948	5.908698285495902	-5.724036198856922	0	5	178.81869750144557	20	0.2222222222222222	0	112.88154355702214	17.073483493210766		dr
129.2491378863907	107.70761490532557 	21.541522981065143	133.75126332711991	131.52089817281828	127.54143598419361	8.87632605688485	-6.209827342926303	0	5	179.51269150887597	20	0.2222222222222222	0	113.01570416627926	17.110106767701375		dr
129.82935941745367	108.19113284787805 	21.63822656957562	133.45058149138987	131.48077707058613	127.54127411845293	5.909201483462667	-6.098297893633514	0	5	180.3185547464634	20	0.2222222222222222	0	113.15240055043515	17.146920749830432		dr
129.24078690600874	107.7006557550073 	21.540131151001432	133.26959228464892	131.35864316257633	130.3108163558492	5.723943803160651	-2.954259936937575	0	5	179.50109292501213	20	0.2222222222222222	0	113.28214560168978	17.18234986596891		dr
128.05617493402139	106.71347911168448 	21.342695822336907	130.49529308513542	129.4489304240737	127.5409099201545	3.147695979449054	-0.00004046297415527533	0	5	177.85579851947415	20	0.2222222222222222	0	113.40033783634843	17.21563263361985		dr
128.63425111851333	107.19520926542776 	21.43904185308557	130.49518956419897	129.51035501792325	127.54074804985298	3.1434720079661247	-3.2065923326724857	0	5	178.65868210904628	20	0.2222222222222222	0	113.5212419100164	17.24915175440926		dr
125.78241378917983	104.81867815764987 	20.963735631529957	127.35151358815	126.53707587530401	124.90822071291895	2.4432928752310517	-2.4433711582466913	0	5	174.69779692941643	20	0.2222222222222222	0	113.61778657048227	17.278400446355093		dr
126.38466724764426	105.32055603970355 	21.064111207940712	130.3099869531202	128.56835996552738	127.54038385350803	3.2685676866825446	-8.67787201475241	0	5	175.53426006617258	20	0.2222222222222222	0	113.71752782577259	17.30797631167998		dr
128.63529909354915	107.19608257795763 	21.439216515591525	130.30990400875	130.30984871624605	130.30977959780063	5.917420476515218	-5.917461943077711	0	5	178.66013762992938	20	0.2222222222222222	0	113.83316946350729	17.340001429539758		dr
128.6324140737176	107.19367839476466 	21.438735678952938	133.44916256560165	130.49447388997353	127.53991848468584	9.121439819049144	-6.0982366134868755	0	5	178.6561306579411	20	0.2222222222222222	0	113.94700980666275	17.371530154535243		dr
128.157236392855	106.79769699404584 	21.35953939880916	130.49419567849836	129.509361638242	127.53979708738632	5.586738676008622	-5.586842205665619	0	5	177.99616165674306	20	0.2222222222222222	0	114.05548481877109	17.401972973193825		dr
128.50936991227212	107.09114159356011 	21.41822831871201	130.2476133650393	129.28192931289706	127.35056120861256	2.8970926836491344	-0.000020267333312062874	0	5	178.48523598926684	20	0.2222222222222222	0	114.1649839482673	17.43239915005381		dr
127.59044104738543	106.32536753948784 	21.265073507897583	130.30903312871672	128.6722317745716	127.85378063809542	3.2685482430950685	-3.2686491619023315	0	5	177.2089458991464	20	0.2222222222222222	0	114.26592723472685	17.46121625048873		dr
129.31220243276863	107.76016869397385 	21.552033738794776	130.80090227491132	130.45240562530697	130.24734367844496	3.450746338497609	-2.455331571056206	0	5	179.60028115662308	20	0.2222222222222222	0	114.37821287053313	17.49174473920743		dr
128.64602793838475	107.20502328198727 	21.44100465639748	130.4933881456211	129.44705272798174	127.53906867548474	3.143434849451239	-2.9587480666695	0	5	178.67503880331213	20	0.2222222222222222	0	114.48390038955425	17.5209985163718		dr
128.60887396145108	102.54717723293975 	26.061696728511336	130.30848364255667	128.4620181502864	127.53878540415128	2.769657771110687	-1.384869352850039	0	5	178.62343605757093	20	0.2222222222222222	0	114.58776048934762	17.583797767931653		dr
130.7200614773362	108.93338456444684 	21.786676912889362	134.13421645108997	133.0924333911602	131.90972637982358	8.132583743687235	-10.357073814953623	0	5	181.55564094074472	20	0.2222222222222222	0	114.70551451115774	17.614475717894848		dr
127.46252334660547	106.21876945550457 	21.243753891100894	129.40428667081548	128.28962840357875	126.48024681661852	3.2030787605919926	-2.5041049066837786	0	5	177.03128242584094	20	0.2222222222222222	0	114.79795660416823	17.640774835091992		dr
123.4330566607248	102.86088055060401 	20.572176110120793	126.9639620348894	126.01774544186792	125.13534798862483	10.904127049142886	-6.992377006527221	0	5	171.43480091767333	20	0.2222222222222222	0	114.86007962615784	17.661864052897954		dr
130.02628178974743	108.35523482478953 	21.671046964957895	136.06557212570567	132.70568227825586	128.91440921352208	11.014560149380756	-7.151162912183594	0	5	180.59205804131585	20	0.2222222222222222	0	114.96840964161206	17.690501073698385		dr
135.86426393667927	113.2202199472327 	22.64404398944656	157.68590781449723	143.42577370540369	136.29559826927513	21.390309545222095	-35.34484144967627	0	5	188.7003665787212	20	0.2222222222222222	0	115.11660718980401	17.72563258373915		dr
128.18816374393884	106.82346978661572 	21.364693957323126	133.38330480773075	130.99936634683965	129.4673004600428	9.394194945520567	-5.513690643077638	0	5	178.0391163110262	20	0.2222222222222222	0	115.20866040497398	17.751259776510867		dr
128.13427862983974	106.77856552486645 	21.35571310497329	132.28352042282071	129.84022980400192	127.79845561310792	5.68487459207131	-7.731462516377235	0	5	177.9642758747774	20	0.2222222222222222	0	115.2990493436094	17.776465743842774		dr
127.27569255264123	106.06307712720103 	21.212615425440205	129.4377813684464	128.77072438828665	127.43678161887478	4.886006018960103	-2.0008285586639687	0	5	176.7717952120017	20	0.2222222222222222	0	115.38222047700545	17.80032789440942		dr
124.47970830131648	103.73309025109705 	20.746618050219425	127.52237461900113	126.36768505876718	124.31045392221239	5.919545421986257	-2.9597727091106094	0	5	172.88848375182846	20	0.2222222222222222	0	115.44496177234554	17.820647136863283		dr
129.3137696583634	107.76147471530284 	21.552294943060573	133.431229608201	130.79693712874777	129.43753409059335	3.993695517607648	-0.08451359685560078	0	5	179.60245785883808	20	0.2222222222222222	0	115.53995360718126	17.84620636841258		dr
128.10088103390942	106.7507341949245 	21.350146838984912	131.01336736915414	128.69060275885548	127.529101932861	3.4847237357488865	-3.4842654362931427	0	5	177.91789032487418	20	0.2222222222222222	0	115.62540209307737	17.870042698144363		dr
129.59956940143894	107.99964116786578 	21.599928233573166	133.61938749579548	131.3647352488084	128.9763819256005	4.643005570194987	-6.570451083475206	0	5	179.99940194644296	20	0.2222222222222222	0	115.71982214245818	17.895244627437805		dr
129.20309166658012	107.66924305548342 	21.5338486110967	131.49972372406108	130.70251278825637	129.46943307975246	4.0483400386135315	-4.539643114993538	0	5	179.4487384258057	20	0.2222222222222222	0	115.81031388423081	17.919664788401956		dr
126.98430759677744	105.82025633064785 	21.16405126612959	130.15194660911712	128.40622275858956	127.53324231173684	7.099085774041029	-4.480618519838657	0	5	176.3670938844131	20	0.2222222222222222	0	115.88480717564778	17.94129403158681		dr
131.69570584387432	109.74642153656193 	21.949284307312396	136.395132644506	133.03051198273258	130.79313483107808	5.601997813427914	-1.693125954211979	0	5	182.91070256093656	20	0.2222222222222222	0	115.98951511384796	17.96783701354526		dr
123.22633850371544	102.68861541976285 	20.537723083952585	127.34265811915641	124.44873697007161	121.42582990101656	0.06615887195599157	-3.151912310740073	0	5	171.14769236627143	20	0.2222222222222222	0	116.03712579404446	17.984744158745308		dr
113.46635909061744	97.25687922052923 	16.209479870088217	118.39967905238018	115.43968707569921	112.47969509901812	5.91998395712784	-5.919983953362845	0	6	189.1105984843624	20	0.2222222222222222	0	116.02032339729001	17.97314112417892		dr
114.04027697858088	97.74880883878362 	16.29146813979726	118.67072993309473	116.5399026422511	113.9954252153023	5.91998677491506	-3.0313527273849843	0	6	190.0671282976348	20	0.2222222222222222	0	116.00746595301268	17.962221169734885		dr
113.31991112863925	97.13135239597649 	16.188558732662756	116.54757680319888	116.22537916618008	114.09645182527817	3.7010044561301214	-5.377385275502647	0	6	188.86651854773208	20	0.2222222222222222	0	115.99012688962961	17.950778186269904		dr
74.4971256605974	67.04741309453766 	7.449712566059745	102.61574120478129	92.70118475819721	69.94222911035656	6.81708724887919	-21.046332298650483	0	9	186.24281415149352	20	0.2222222222222222	0	115.72414611252043	17.883463663063427		dr
56.83681635628057	52.46475355964362 	4.372062796636953	62.56792243371273	61.08408626345278	56.24178260155797	4.840236459407784	-8.654643502217695	0	12	189.45605452093525	20	0.2222222222222222	0	115.34906757904119	17.797403784933323		dr
67.40495795979572	61.78787812981275 	5.61707982998297	84.62473764640073	82.09501764221727	61.43583316364137	15.951975320118002	-4.2089025674218945	0	11	205.95959376604247	20	0.2222222222222222	0	115.04562384727382	17.7203131269906		dr
104.41850417226443	89.50157500479811 	14.916929167466321	116.04834824171559	114.05448117236244	107.95110562497047	28.670341225135957	-7.856881554726769	0	6	174.0308402871074	20	0.2222222222222222	0	114.97878661661338	17.70268178133321		dr
110.78544134311993	94.95894972267422 	15.826491620445708	113.8832217413676	112.94638767092276	110.11816288455883	6.336628340041486	-6.3367218770248	0	6	184.6424022385332	20	0.2222222222222222	0	114.95257820865405	17.690955592827667		dr
110.21618924569677	94.47101935345438 	15.745169892242387	114.45185233692864	112.84240988723332	109.61734675890503	4.840807441131076	-2.4861144799150168	0	6	183.69364874282795	20	0.2222222222222222	0	114.92315964366674	17.678869967358192		dr
116.92992015786095	100.22564584959513 	16.704274308265823	119.32918964936727	119.32903979376698	119.32878571398808	7.197032319661275	-7.197235926080253	0	6	194.8832002631016	20	0.2222222222222222	0	114.93554705424818	17.6728539447712		dr
128.88878570608324	107.40732142173601 	21.481464284347226	136.3664565480068	131.9859941604365	126.8653665230296	9.501090024977188	-9.752342406935398	0	5	179.01220236956004	20	0.2222222222222222	0	115.02114974536373	17.696219652375962		dr
130.65950090401117	108.88291742000933 	21.776583484001833	136.3662311619852	133.60400936749326	129.10658548501456	7.066962779286456	-11.12598371409726	0	5	181.47152903334884	20	0.2222222222222222	0	115.11650554511158	17.721099919641972		dr
131.18956979576566	109.32464149647143 	21.864928299294235	133.21242504557023	132.8873216774139	132.72471304945552	2.302628455217956	-6.348739580981331	0	5	182.20773582745232	20	0.2222222222222222	0	115.2139180557216	17.746214031033805		dr
129.68766733799112	108.07305611499258 	21.614611222998533	132.72406008897974	131.5177822729781	129.10534053314768	7.9439580367194935	-4.325238480887435	0	5	180.1217601916543	20	0.2222222222222222	0	115.30110931645818	17.769517628575763		dr
130.1945299662556	108.49544163854635 	21.699088327709248	132.7234982322455	131.95586093963183	130.42070024369082	2.302797988554687	-5.547477332347498	0	5	180.8257360642439	20	0.2222222222222222	0	115.39029147603779	17.79304799204363		dr
130.35392615307592	108.62827179422995 	21.725654358845972	132.7227199779465	131.18749649850932	130.4198226879452	2.302897290001283	-3.6190927519256206	0	5	181.0471196570499	20	0.2222222222222222	0	115.47936073006778	17.816456363274593		dr
127.427474904377	106.18956242031418 	21.237912484062818	130.32510841009685	128.76312941971426	126.86099216823932	3.6873827012611002	-2.6507316143328694	0	5	176.98260403385692	20	0.2222222222222222	0	115.55005963050748	17.836701665764465		dr
131.1453107039084	109.28775891992366 	21.857551783984732	138.29609745000087	134.99503607668092	131.92367561017198	17.606500196021983	-9.362250781541576	0	5	182.14626486653944	20	0.2222222222222222	0	115.64179640152749	17.86035372528341		dr
131.37210335152923	109.476752792941 	21.895350558588234	137.82039042073774	133.34647251466583	128.78508388239632	4.386447179874267	-9.035306538341416	0	5	182.4612546549017	20	0.2222222222222222	0	115.7337865006503	17.883950197992792		dr
126.73363996325166	105.61136663604306 	21.122273327208603	128.54689852896576	128.34233510625089	128.24005339361884	0.3068451327976902	-4.279116341505443	0	5	176.0189443934051	20	0.2222222222222222	0	115.79773913706076	17.90277765804637		dr
121.04087661978222	100.86739718315187 	20.17347943663036	124.26777980616195	122.92059488403874	120.26145312144358	4.043904732600183	-4.007501666559037	0	5	168.11232863858643	20	0.2222222222222222	0	115.82804629014008	17.915903101853214		dr
120.34437455397548	103.15232104626469 	17.192053507710796	128.27417861823	124.30418016507487	120.29781689425445	11.70721970389664	-3.8971944158799943	0	6	200.57395758995912	20	0.2222222222222222	0	115.85400219970236	17.911743046714466		dr
127.66861563651737	106.39051303043114 	21.278102606086236	136.38347940023178	131.1860987503293	124.79495276669238	11.588526633539402	-11.827633876975455	0	5	177.31752171738523	20	0.2222222222222222	0	115.92151427648417	17.930979387053732		dr
132.27407411696663	110.22839509747219 	22.045679019494443	140.29375604402932	134.951680697772	132.28064232944698	8.046200978753035	-16.0259826177885	0	5	183.71399182912032	20	0.2222222222222222	0	116.01442654830508	17.954358362238054		dr
128.3832385103896	106.9860320919913 	21.397206418398284	132.28064029036204	129.79141576004432	128.54680041776888	4.279028799762841	-4.279034953996074	0	5	178.31005348665218	20	0.2222222222222222	0	116.08430684187618	17.97380948119941		dr
128.30936587426407	106.92447156188672 	21.384894312377355	136.2550567318353	130.96856619116275	128.27417017168924	7.878585061871604	-11.987287293103407	0	5	178.20745260314453	20	0.2222222222222222	0	116.15298694879972	17.99297287912738		dr
129.16838291940576	107.6403190995048 	21.528063819900964	136.54376069504644	131.06479769653149	128.27416911616476	12.170407955561885	-3.900816028465229	0	5	179.400531832508	20	0.2222222222222222	0	116.2256986581327	18.012721990528348		dr
128.78422718176103	107.32018931813418 	21.464037863626842	129.09018004284965	129.09017139046335	129.090162739493	0.8160130620555606	-0.10228777582690896	0	5	178.86698219689032	20	0.2222222222222222	0	116.29546826104175	18.031895967601116		dr
127.92437420522153	106.60364517101793 	21.320729034203595	135.5153731125037	132.3412516046894	129.90100063556707	17.467615600261794	-11.853243123325157	0	5	177.67274195169657	20	0.2222222222222222	0	116.35971636018085	18.050066316035384		dr
128.03883606641676	106.6990300553473 	21.33980601106947	130.3173700106387	129.85668976413874	129.204997749857	5.918275578108464	-4.805903317326752	0	5	177.83171675891217	20	0.2222222222222222	0	116.42388734757776	18.068141808865242		dr
131.3256710321793	109.43805919348273 	21.887611838696557	133.99113494175694	132.8261344391799	131.77537281099674	4.87912490417277	-2.484410522130119	0	5	182.39676532247123	20	0.2222222222222222	0	116.50531785951549	18.08901322979328		dr
129.17946974330872	107.64955811942393 	21.529911623884786	131.05556730438863	130.60796462296813	129.71293900391473	4.793660642718606	-1.901390817945611	0	5	179.41593019903988	20	0.2222222222222222	0	116.57419911975349	18.107713764543778		dr
130.11339419210293	108.4278284934191 	21.68556569868383	132.74554909310461	131.10026518945088	129.50056455445474	4.979748796625088	-3.2888816243138166	0	5	180.71304748903185	20	0.2222222222222222	0	116.6473839579824	18.12705350472832		dr
129.77744425771306	108.14787021476087 	21.629574042952186	131.7732285799185	131.34898848722142	131.05398293617242	7.338119265117754	-6.784644630772576	0	5	180.2464503579348	20	0.2222222222222222	0	116.71797568002397	18.14588426031017		dr
127.17235941656796	105.9769661804733 	21.19539323609466	130.4044340997573	128.61013957787426	126.2233794177145	5.855428792782348	-4.653599909176066	0	5	176.6282769674555	20	0.2222222222222222	0	116.77388147540655	18.162191794940036		dr
127.6820813292087	106.40173444100726 	21.280346888201436	128.5466120905368	128.35360536504345	128.24005339616807	3.4370749306932282	-0.3065586943687322	0	5	177.33622406834542	20	0.2222222222222222	0	116.83190381505442	18.17877772628717		dr
131.32371710585	109.43643092154169 	21.88728618430831	133.8579984767502	132.56495246692182	130.40421418427817	3.0284305554589253	-0.00001242497901898787	0	5	182.39405153590278	20	0.2222222222222222	0	116.90858007585229	18.198399464160296		dr
129.47202584223308	107.89335486852757 	21.578670973705513	137.4055279574203	132.25582231726477	129.46178293780062	7.9437450196196835	-8.330852378469217	0	5	179.82225811421262	20	0.2222222222222222	0	116.97470347462271	18.216190366842113		dr
130.34675534704093	108.62229612253411 	21.724459224506816	132.7755134595566	131.54689385442086	129.0896601905482	3.685853269008419	-4.228958765972607	0	5	181.0371602042235	20	0.2222222222222222	0	117.04471421741025	18.234558266620464		dr
129.985688332282	108.32140694356833 	21.66428138871366	132.28061180120758	131.03592086287765	128.54653967224291	4.006468584061508	-4.00646927008674	0	5	180.53567823928054	20	0.2222222222222222	0	117.11211512425854	18.252421407881368		dr
127.47330161894106	106.22775134911755 	21.24555026982351	132.28060943479454	129.63380154686186	124.37324014306392	8.048057705185457	-0.14068841345483918	0	5	177.04625224852924	20	0.2222222222222222	0	117.16580002837607	18.26792984758055		dr
129.06179816979045	107.55149847482538 	21.51029969496507	132.28060739005426	129.60962802057153	128.2741379820998	4.006468700493713	-4.006469407954455	0	5	179.25249745804228	20	0.2222222222222222	0	117.2271196064246	18.284643094216552		dr
129.9110453639125	108.25920446992707 	21.651840893985437	132.3797066768463	132.3026222429917	132.24755506017786	7.874332244401444	-3.900914459034567	0	5	180.43200744987845	20	0.2222222222222222	0	117.29216537953991	18.30191077524101		dr
131.48633442280044	109.57194535233369 	21.914389070466754	136.28713350226687	133.6050975119457	132.2475550627271	4.007501669108251	-8.047080108648032	0	5	182.61990892055616	20	0.2222222222222222	0	117.36458460935246	18.320341786951342		dr
130.67759070864656	108.89799225720547 	21.77959845144109	132.3796901365611	132.30261558448197	132.2475550627271	4.007501669108251	-4.13963674039303	0	5	181.49665376200912	20	0.2222222222222222	0	117.43216332051638	18.33790146545129		dr
129.04836902145516	107.54030751787928 	21.508061503575874	132.2475550652763	130.9230799972318	128.27412986624125	8.015003340765645	-3.973425193936606	0	5	179.23384586313216	20	0.2222222222222222	0	117.49083102607669	18.353912374734747		dr
130.66439219100477	108.88699349250396 	21.777398698500804	136.2871275306571	133.60509346970753	132.2475550627271	8.015003338216445	-12.05457580614646	0	5	181.4783224875066	20	0.2222222222222222	0	117.55702982590044	18.371115823597894		dr
129.08244360039458	107.56870300032881 	21.513740600065773	132.28059473915476	130.9681469162516	128.37629094942224	4.108567092372311	-0.1362375532541762	0	5	179.2811716672147	20	0.2222222222222222	0	117.6146568947729	18.386828947480232		dr
121.87071050890923	101.55892542409102 	20.31178508481821	124.37316781448654	122.95570372938259	120.26139164915062	4.111776513490625	-4.148117759084144	0	5	169.26487570681834	20	0.2222222222222222	0	117.63583129086314	18.396405843685894		dr
116.9289901477911	100.22484869810664 	16.704141449684457	124.23255172705984	121.62142734073007	118.2582641936155	16.024417911518142	-11.980578101327907	0	6	194.8816502463185	20	0.2222222222222222	0	117.63233207728356	18.388028297180934		dr
115.62061141063073	99.10338120911204 	16.517230201518686	124.23255172960909	120.28725687536102	114.30840528118178	8.012408334110447	-7.864720045458526	0	6	192.70101901771787	20	0.2222222222222222	0	117.62242212326065	18.378812543015112		dr
105.54487197640518	90.467033122633 	15.077838853772178	108.24291433730878	108.21600148037061	106.1987942173474	4.0478709557900885	-7.971404398894251	0	6	175.9081199606753	20	0.2222222222222222	0	117.56321844607018	18.36263129944039		dr
113.38721325853969	97.18903993589119 	16.1981733226485	119.59761554733961	117.04961109265851	113.52374258387181	10.447169964838466	-8.532501064189887	0	6	188.97868876423283	20	0.2222222222222222	0	117.54284768905784	18.352072967846283		dr
109.94377770952	94.23752375101716 	15.706253958502842	114.42586612807213	112.89897316987656	110.46786135493062	7.915529362416251	-9.446107100268208	0	6	183.23962951586668	20	0.2222222222222222	0	117.50595899983678	18.33922918624753		dr
107.9779339684464	92.55251483009691 	15.425419138349483	114.85406198054203	110.8849716676241	106.28743096772783	5.225991086874657	-8.428439994197376	0	6	179.963223280744	20	0.2222222222222222	0	117.45992989340493	18.325152809204543		dr
106.02477554868882	90.87837904173328 	15.14639650695554	116.991632023403	112.61375073176585	106.16564223533459	10.22443418489594	-11.085238507805613	0	6	176.7079592478147	20	0.2222222222222222	0	117.40495318982457	18.309870326982193		dr
118.37615729726522	101.46527768337016 	16.910879613895062	125.10839845799198	123.16834015609412	121.18124620619773	16.124192048151954	-8.302977926061544	0	6	197.29359549544202	20	0.2222222222222222	0	117.40960009942955	18.303176591512873		dr
130.65796897145486	108.88164080954571 	21.77632816190915	132.28057586403028	132.25856199649482	132.24755506017786	4.007501674206651	-4.006470387310117	0	5	181.46940134924284	20	0.2222222222222222	0	117.47268757024872	18.31971540851476		dr
129.08286823333475	107.56905686111229 	21.513811372222463	132.28057449200165	132.269567901153	132.2475550652763	8.015003340765645	-7.907488407477146	0	5	179.28176143518715	20	0.2222222222222222	0	117.52771212315434	18.334853304077356		dr
130.6579006071612	108.88158383930102 	21.77631676786018	137.0539718182623	134.9810594324396	130.9692830703277	14.516799539930886	-11.110770948572934	0	5	181.46930639883502	20	0.2222222222222222	0	117.589646974494	18.35108662230275		dr
125.75663525326107	104.79719604438424 	20.95943920887683	131.0194320800806	129.12099584440261	126.04372149070046	4.975710589380142	-12.892237797363165	0	5	174.66199340730705	20	0.2222222222222222	0	117.62798964246943	18.363332409094177		dr
116.5087890647954	99.8646763412532 	16.644112723542193	122.23836436231862	120.06589237023144	115.42220211493691	7.943838771003087	-4.859555471259071	0	6	194.18131510799233	20	0.2222222222222222	0	117.62275973322797	18.3552986722458		dr
118.35663113132367	101.44854096970599 	16.90809016161768	125.52928621877412	123.37143433827492	120.66027566588983	9.260339837928399	-2.063293711271342	0	6	197.26105188553942	20	0.2222222222222222	0	117.62617308856794	18.348567469870787		dr
128.6073105846866	107.17275882057216 	21.43455176411443	130.8422339385247	129.7302242258376	129.17410696302755	3.471794654273282	-2.6986660013588164	0	5	178.6212647009536	20	0.2222222222222222	0	117.677011688087	18.362854434195988		dr
132.01672532553084	110.01393777127568 	22.002787554255164	134.60264502655406	133.60183770990815	131.70753744171944	4.144150574078452	-5.675711615996818	0	5	183.35656295212615	20	0.2222222222222222	0	117.74309331775265	18.379628319541883		dr
131.78028545208647	109.81690454340539 	21.96338090868109	134.92973440943265	132.68736613752867	131.04720992723733	3.882524482195322	-4.5103249113277855	0	5	183.028174239009	20	0.2222222222222222	0	117.80748410735968	18.396067551602155		dr
128.83474811688706	107.36229009740588 	21.47245801948118	133.91319746211207	130.44678321558874	128.18336916854895	7.496365618405065	-7.496638368149988	0	5	178.93715016234313	20	0.2222222222222222	0	117.85783691105615	18.410114996660965		dr
131.03847640690918	109.19873033909097 	21.83974606781821	135.12965490443003	132.64181554267807	130.57266822553711	6.4960768249127625	-6.496297577435712	0	5	181.99788389848496	20	0.2222222222222222	0	117.91774890876457	18.42570422880259		dr
130.59684475218017	108.83070396015013 	21.766140792030043	133.51515699980595	131.69654167670916	130.5722749133718	2.942042431276491	-3.3719606348544175	0	5	181.3845066002502	20	0.2222222222222222	0	117.97512038316917	18.440819326373752		dr
129.2351142035704	107.69592850297529 	21.539185700595098	130.57204720507733	130.46940398453077	130.2642417474361	5.883523447597156	-5.8836476515956235	0	5	179.49321417162554	20	0.2222222222222222	0	118.02584107605385	18.45477593166304		dr
129.65094174215085	108.04245145179237 	21.608490290358475	132.9719262615836	131.16659575649172	130.26390975603863	5.342320792731357	-3.138593783611853	0	5	180.07075241965396	20	0.2222222222222222	0	118.07797157231438	18.468918148518178		dr
130.53426691684552	108.77855576403793 	21.755711152807592	131.00130590569407	130.71471252273147	130.571384780089	0.7375828971940166	-0.4298590232827735	0	5	181.29759294006323	20	0.2222222222222222	0	118.1335800336739	18.48359133157304		dr
130.70558710119303	108.92132258432753 	21.784264516865505	131.55134259047873	130.8978924773145	130.5711156686015	0.9802269218772324	-0.9803925255320962	0	5	181.53553764054584	20	0.2222222222222222	0	118.18945562064066	18.49826099017434		dr
129.88219539448028	108.23516282873355 	21.647032565746727	133.21241412661422	131.59452528818107	130.5707430516032	3.6867688217938905	-5.898662883288068	0	5	180.39193804788925	20	0.2222222222222222	0	118.24119340725056	18.51219360776537		dr
129.92200105203477	108.26833421002901 	21.653666842005762	133.21207455034968	131.4509729740015	130.57039113414962	5.883447517434888	-5.883571723782296	0	5	180.44722368338165	20	0.2222222222222222	0	118.29265070965049	18.52603269690299		dr
128.61604180756413	107.18003483963678 	21.436006967927355	133.5128065428669	130.46764698656952	127.62794690395646	2.9491256727702506	-9.148600304869845	0	5	178.6333913993946	20	0.2222222222222222	0	118.33792874078168	18.538795741951343		dr
128.0915743050094	106.74297858750784 	21.348595717501567	130.26202151247244	128.5058301868273	127.62768395726788	0.31492626672232404	-2.6342364217308756	0	5	177.90496431251307	20	0.2222222222222222	0	118.3805210794901	18.551065610840208		dr
130.40912547379304	108.67427122816089 	21.73485424563215	130.99920132756972	130.50751294974623	130.26164801077857	0.7375948172324627	-0.7377193181803534	0	5	181.12378538026812	20	0.2222222222222222	0	118.43281935946534	18.56490817012191		dr
127.51104095074267	106.25920079228557 	21.2518401584571	130.56906625941122	128.75436021505888	127.62713783639481	3.446329243456333	-3.4577507438129658	0	5	177.0986679871426	20	0.2222222222222222	0	118.47211902003363	18.576539910331157		dr
130.084812525013	104.5594314797901 	25.5253810452229	133.51143012624604	131.72341739094537	130.82941102329505	2.942262450065826	-4.3998940933139465	0	5	180.6733507291847	20	0.2222222222222222	0	118.52217373341716	18.606491811774656		dr
131.46969665440687	109.55808054533911 	21.911616109067765	135.98262993600116	134.1342559321346	133.2100158709874	5.721936428405144	-8.524993902952787	0	5	182.59680090889844	20	0.2222222222222222	0	118.57774250131841	18.620676894595658		dr
129.84835234613888	108.20696028844908 	21.6413920576898	133.0287204927957	131.1831478273517	130.26034074424706	2.7683797485486537	-0.43974163039672476	0	5	180.3449338140818	20	0.2222222222222222	0	118.62590750065526	18.63358593375418		dr
130.00541475742332	108.33784563118611 	21.66756912623721	133.20933671066257	131.59170132830664	130.56794838742087	5.583452944451793	-2.9420646212100934	0	5	180.56307605197685	20	0.2222222222222222	0	118.67433093579044	18.646496500530702		dr
130.3099137816086	108.59159481800715 	21.718318963601448	133.51020192481604	132.2044128726816	130.07474125384212	3.4354606709739244	-6.199593585173048	0	5	180.98599136334528	20	0.2222222222222222	0	118.72363425293373	18.659512697408122		dr
128.44081311115949	107.03401092596626 	21.40680218519323	133.2089334610192	130.1773362882584	127.31042584186847	8.847262061347479	-5.898507619150735	0	5	178.39001820994372	20	0.2222222222222222	0	118.7646350076098	18.671104636175148		dr
130.77607114627153	108.98005928855957 	21.79601185771196	133.20863632225456	132.16524855653054	130.25932397041993	2.953438947673078	-5.717521744395199	0	5	181.63343214759934	20	0.2222222222222222	0	118.81510322667981	18.684234498450515		dr
130.14899310977106	108.45749425814252 	21.691498851628538	133.02759409772378	132.10473954926468	130.25915796940907	5.717446278270003	-5.906867499053931	0	5	180.76249043023756	20	0.2222222222222222	0	118.86252536008186	18.696817194488915		dr
128.46795313386394	107.05662761155327 	21.411325522310676	132.96703598698537	130.1785940929897	127.30985808460429	3.1384256016435472	-8.28351520237058	0	5	178.42771268592213	20	0.2222222222222222	0	118.90254797580594	18.70812764585484		dr
130.8263836709111	109.0219863924259 	21.804397278485197	133.20812694595648	132.1445424774672	130.2588259592835	5.342065073312085	-3.134445477652207	0	5	181.7033106540432	20	0.2222222222222222	0	118.95202447246614	18.72097523769148		dr
128.21100869313378	106.84250724427814 	21.36850144885564	130.07363990403536	128.9592532327863	128.17668281767442	2.9534006842467306	-1.4462029273862527	0	5	178.07084540713024	20	0.2222222222222222	0	118.99028473784081	18.731915428646705		dr
129.07743280518642	107.56452733765535 	21.51290546753107	130.34426613618845	129.86914062566592	128.9191056718443	1.4249443971207256	-2.7415142295394332	0	5	179.27421222942556	20	0.2222222222222222	0	119.03179563523729	18.743359832098903		dr
128.86325178452208	107.3860431537684 	21.47720863075368	130.34538248233994	129.559983915367	129.16706845585253	1.1783140264874135	-2.6980372598141997	0	5	178.976738589614	20	0.2222222222222222	0	119.07208848830813	18.754564130454046		dr
130.9148736836399	109.09572806969992 	21.819145613939995	133.5113543495723	132.4224001676686	131.87768282985988	1.0417854363479648	-5.4073732956058365	0	5	181.82621344949987	20	0.2222222222222222	0	119.12042638706458	18.76707262630501		dr
129.63475887330267	108.02896572775222 	21.60579314555045	131.87930227469636	130.46604745254666	129.17019865962533	2.7095532477479196	-2.7091036150710295	0	5	180.04827621292037	20	0.2222222222222222	0	119.16316757603303	18.778612140610885		dr
129.0896851364128	107.57473761367733 	21.514947522735483	131.88111744760045	130.46740554345945	129.17130545055832	4.295969511637907	-4.295537173844735	0	5	179.29122935612887	20	0.2222222222222222	0	119.203355906237	18.789690421510176		dr
128.3567399889624	106.96394999080199 	21.39278999816041	130.35045990418544	129.23350309869548	128.17699731060702	2.69863531752236	-2.7416860192315227	0	5	178.27324998466997	20	0.2222222222222222	0	119.24026471302217	18.800186790770862		dr
128.4410934616417	107.03424455136809 	21.406848910273624	133.10354997690052	130.40169273411178	128.92804381428132	9.71328265158239	-4.219854455236941	0	5	178.3904075856135	20	0.2222222222222222	0	119.27721583249455	18.810655313339147		dr
130.55787243360163	108.79822702800136 	21.759645405600267	133.01535268986046	131.4313596108838	130.27059095422553	3.767625275914611	-2.0072175012950595	0	5	181.33037838000226	20	0.2222222222222222	0	119.32233845889897	18.82245127370819		dr
130.04887240812613	108.37406034010509 	21.67481206802104	132.97898488500974	132.01452598207553	130.08562943270246	5.847008576144532	-5.910177099470943	0	5	180.62343390017517	20	0.2222222222222222	0	119.36507365391581	18.83381526093653		dr
131.2302919918204	109.35857665985031 	21.87171533197008	133.03930380470428	132.03459733721525	130.08556709894896	0.06173312710063783	-2.955087132384648	0	5	182.26429443308388	20	0.2222222222222222	0	119.41215785366941	18.845870419948568		dr
129.55814703647462	107.96512253039549 	21.593024506079132	133.03917629725896	131.04947036170356	130.02370924488906	5.717983834113156	-3.0154670523698996	0	5	179.94187088399252	20	0.2222222222222222	0	119.45226057771211	18.85672873649454		dr
130.67550805412256	108.89625671176884 	21.779251342353717	133.22001178437534	132.07410160368738	130.02358451778724	2.8918920002953428	-3.1964272665881026	0	5	181.49376118628135	20	0.2222222222222222	0	119.49644659139877	18.868234731005796		dr
129.45782450825652	107.88152042354716 	21.576304084709363	132.97864472420534	131.02916155504994	130.02356373368258	5.907202061051905	-5.845489587472613	0	5	179.8025340392452	20	0.2222222222222222	0	119.5355108185237	18.87885461082424		dr
130.0975046383545	108.41458719862875 	21.682917439725756	130.2702382301777	130.14689558490917	130.08521387330657	0.18502435687113916	-0.2468200154147553	0	5	180.69097866438125	20	0.2222222222222222	0	119.57676860688241	18.889807981249636		dr
130.81144044008582	109.00953370007149 	21.80190674001433	133.03885754081514	132.2185537619225	130.5779674585205	3.4464987860122136	-5.907367613923597	0	5	181.68255616678587	20	0.2222222222222222	0	119.6204832832762	18.901139104824598		dr
130.6881288343194	108.90677402859949 	21.781354805719914	134.4793879348957	132.05485927864822	130.1273547566335	2.919701640849354	-5.841254431329588	0	5	181.5112900476658	20	0.2222222222222222	0	119.66338113424925	18.912302731572254		dr
130.59315370153982	108.82762808461653 	21.765525616923284	134.49625195386582	131.59744324759586	129.24662223139993	5.249801213162016	-5.569263929658092	0	5	181.37938014102753	20	0.2222222222222222	0	119.70558102833145	18.9233190361489		dr
130.32344736770781	108.60287280642318 	21.720574561284636	131.7074065502096	131.25515447119355	130.35085600502265	0	-1.4248691707772423	0	5	181.00478801070528	20	0.2222222222222222	0	119.74641897579059	18.934077711245575		dr
129.78802150540616	108.15668458783848 	21.63133691756768	131.70548054429725	130.8017733567515	130.34981173345324	2.780549525030324	-4.095624106787781	0	5	180.26114097973078	20	0.2222222222222222	0	119.784892548701	18.94441203770658		dr
128.96955278490117	107.47462732075097 	21.4949254641502	133.09936827867682	129.87744768431887	127.60882651438737	5.492590009017135	-5.490541764289446	0	5	179.12437886791827	20	0.2222222222222222	0	119.81994850380099	18.954146821776977		dr
129.72106295005742	108.10088579171452 	21.620177158342898	133.910593668174	130.69157758932667	128.92292859540566	4.669383163773631	-1.3148929233138063	0	5	180.16814298619084	20	0.2222222222222222	0	119.85759532679056	18.964283819254415		dr
128.08744882436065	106.73954068696719 	21.34790813739346	132.97071434393675	131.533050551707	130.07756729497407	11.819619050681737	-8.926472001719063	0	5	177.89923447827866	20	0.2222222222222222	0	119.88876901428135	18.973312699247366		dr
128.8919320968312	107.40994341402597 	21.481988682805223	130.34757912309067	129.87239300749317	128.92223683425965	2.742020262346685	-1.3168940314771334	0	5	179.01657235671	20	0.2222222222222222	0	119.92274321459286	18.98277940107211		dr
130.15984527963275	108.46653773302732 	21.693307546605425	134.18142138923938	131.73035700977775	129.95063216888178	7.857879438354672	-3.1224039180272314	0	5	180.77756288837884	20	0.2222222222222222	0	119.96122856070203	18.99296935650645		dr
130.65831726652223	108.88193105543519 	21.776386211087043	132.05177188351885	131.3514559083391	129.95180916800345	2.099962715515403	-2.0994421081337578	0	5	181.46988509239196	20	0.2222222222222222	0	120.00129256334556	19.00339413873334		dr
126.94226361168538	105.78521967640448 	21.157043935280896	131.4636726471485	128.69587909824622	126.0985102792929	0.9239293152941173	-2.9382182788512523	0	5	176.30869946067412	20	0.2222222222222222	0	120.02719170904832	19.01143014543688		dr
124.83930298936264	104.03275249113551 	20.806550498227125	128.18130468408964	126.57012796316148	124.77519897255237	7.908682204733765	-6.481257753486545	0	5	173.3879208185592	20	0.2222222222222222	0	120.04508059856622	19.01810345529855		dr
124.41104645546973	103.67587204622477 	20.735174409244962	125.53212881678745	125.0281931176503	124.77588827885023	2.5815678433791476	-3.337134402853337	0	5	172.7931200770413	20	0.2222222222222222	0	120.06125084248067	19.024462977350204		dr
119.124955068523	102.10710434444827 	17.01785072407472	122.89653133561855	122.07099686454335	120.69793058415678	6.039932390270309	-7.094444105375246	0	6	198.54159178087164	20	0.2222222222222222	0	120.05779587652512	19.017058504090883		dr
121.8642853685427	101.55357114045223 	20.31071422809046	126.75862995744407	124.6249214323451	122.89845976704183	8.404572969066209	-3.2648988248467674	0	5	169.25595190075373	20	0.2222222222222222	0	120.06443738201047	19.021814591311472		dr
121.17436914177945	103.8637449786681 	17.310624163111356	127.622472133246	124.41328547581666	121.39681788514096	12.481785983379908	-5.597340877897878	0	6	201.95728190296575	20	0.2222222222222222	0	120.06850306611217	19.015546494504875		dr
129.45176423780953	107.87647019817457 	21.575294039634954	133.5319052230081	131.74638842514824	130.13814603463896	9.158782845909215	-5.765023657540084	0	5	179.79411699695765	20	0.2222222222222222	0	120.102748544841	19.02488863883017		dr
130.6623217754248	108.88526814618734 	21.777053629237457	133.0501623370961	131.08087122473376	130.09622566667352	2.9539366704225927	-0.061728067090285776	0	5	181.47544691031223	20	0.2222222222222222	0	120.14114699295222	19.034896511522557		dr
130.08407144243975	108.40339286869981 	21.68067857373994	132.98972079991648	131.06066864197	130.09612178702113	5.84747052486361	-2.9539130639196003	0	5	180.67232144783299	20	0.2222222222222222	0	120.17717208153732	19.04448267841465		dr
130.13221253648933	108.44351044707446 	21.688702089414875	133.23094047902038	132.12562899639832	130.09601790734837	5.9078204509876855	-5.907861061413087	0	5	180.7391840784574	20	0.2222222222222222	0	120.21311085574293	19.054028596865916		dr
128.9507272372311	107.45893936435925 	21.49178787287184	130.28094393526374	130.19866353937297	130.03414424070303	3.202080524356745	-3.2021202850226587	0	5	179.09823227393207	20	0.2222222222222222	0	120.24454113049647	19.062797515124927		dr
126.79544277169909	105.66286897641591 	21.13257379528318	130.09564393950328	128.18956534213865	127.14184420454612	5.391444269633354	-2.4376445346761955	0	5	176.10478162735984	20	0.2222222222222222	0	120.26802106469432	19.070216068100407		dr
128.4155714661818	107.01297622181816 	21.40259524436364	130.13768980709963	129.57584387362655	129.2566637001177	4.1792087955765425	-1.9413334151561799	0	5	178.35496036969693	20	0.2222222222222222	0	120.29711945898536	19.078545993729918		dr
128.89544370349265	107.41286975291054 	21.482573950582108	131.05887094051695	130.54212968647687	130.136420289004	4.001408955765584	-0.9224506515129463	0	5	179.02144958818423	20	0.2222222222222222	0	120.32771847764909	19.087101253362842		dr
129.68962476037703	108.07468730031417 	21.614937460062862	133.02343987513314	132.27517854514215	131.56615573699753	4.984285341424112	-8.652506390546321	0	5	180.12447883385695	20	0.2222222222222222	0	120.36091672687863	19.09606521154263		dr
127.53760362500243	106.28133635416867 	21.25626727083376	130.2777281882952	128.75057807098514	127.3281668613707	1.631889025005762	-3.143111859839621	0	5	177.13556059028113	20	0.2222222222222222	0	120.38627604453984	19.10369843436698		dr
129.46476065034435	107.8873005419536 	21.57746010839074	132.9860643283686	131.03649087076724	130.03083924047564	3.016976146017356	-5.847326586388704	0	5	179.81216756992268	20	0.2222222222222222	0	120.41824253963068	19.112408862796638		dr
129.59909491671868	107.99924576393221 	21.599849152786476	136.1773195985315	132.18242132600813	130.0924651602452	12.057032572823744	-6.0848544382863	0	5	179.99874293988702	20	0.2222222222222222	0	120.45045605674328	19.12113672346327		dr
128.87379776493742	107.39483147078117 	21.47896629415625	132.9858517391271	132.02134783336	130.09236127701266	8.801033289630482	-8.80105454481722	0	5	178.99138578463527	20	0.2222222222222222	0	120.47990830047821	19.129380882801357		dr
126.84680203769	105.70566836474165 	21.141133672948342	131.01481963394357	129.53993112175723	127.32763974225486	6.830101765060903	-9.585320679648035	0	5	176.1761139412361	20	0.2222222222222222	0	120.50209259921414	19.136390474404656		dr
130.09317682974884	108.41098069145737 	21.682196138291474	132.98557537250747	131.0359815287766	130.03034036381848	2.9552350086889874	-5.657976173911479	0	5	180.68496781909562	20	0.2222222222222222	0	120.53539497501463	19.145230077404264		dr
128.7101887147857	107.25849059565472 	21.451698119130967	130.5848188123965	130.25617443595291	130.0918003058478	2.0098471481174727	-5.39133319750853	0	5	178.7641509927579	20	0.2222222222222222	0	120.56368145854324	19.153210935680132		dr
130.89341545938203	109.07784621615171 	21.815569243230314	133.22631448046172	132.18278828977964	130.27671157268233	2.9497066443723554	-2.6346069812003776	0	5	181.79641036025282	20	0.2222222222222222	0	120.59930123095992	19.162391481568235		dr
128.95998982167842	107.466658184732 	21.493331636946422	133.22635692149987	131.1158610423116	130.02973755148037	8.848507186873732	-5.713638919328403	0	5	179.11109697455333	20	0.2222222222222222	0	120.62803211958781	19.170401585194966		dr
130.0792986498325	108.3994155415271 	21.679883108305404	130.27671157268233	130.11220080426745	130.02994541818015	0	-0.24676615074247366	0	5	180.6656925692118	20	0.2222222222222222	0	120.6603994707188	19.178995700000137		dr
129.52611300282427	107.93842750235358 	21.5876855004707	133.0454238102693	131.0762375914027	130.09163409545195	5.718270641655735	-2.764480926838374	0	5	179.8973791705893	20	0.2222222222222222	0	120.6906578786782	19.187216484302084		dr
126.6754094277787	105.56284118981557 	21.11256823796313	130.09140554678976	128.16429747197333	127.07447561829326	5.907480939341738	-2.8905510108452432	0	5	175.93806864969264	20	0.2222222222222222	0	120.71101417646426	19.193765299790726		dr
129.5873865884589	107.98948882371576 	21.597897764743152	135.9399845842755	132.20518214606577	130.09136399302653	5.35578672338022	-11.756198793687588	0	5	179.98248137285958	20	0.2222222222222222	0	120.74110357447101	19.201914901366838		dr
130.13048175748327	108.44206813123604 	21.688413626247225	138.89511282857376	133.06886118798332	127.32678824055905	11.568324591766938	-14.776075841914292	0	5	180.73678021872672	20	0.2222222222222222	0	120.77282444671093	19.210315234896836		dr
128.10420356800964	106.75350297334137 	21.350700594668268	136.4362706721481	133.97485188349845	131.5644711242529	13.726360491232896	-21.48876300493434	0	5	177.92250495556894	20	0.2222222222222222	0	120.79750922489711	19.217521919609872		dr
132.64651860325873	110.5387655027156 	22.10775310054312	135.67940967996077	134.343461314316	133.67535432618632	5.909708661481815	-6.529369730868822	0	5	184.23127583785936	20	0.2222222222222222	0	120.83727100133456	19.227220681962		dr
130.13580108910148	108.44650090758456 	21.689300181516913	138.8358018309694	132.11171658368866	127.81376896287794	11.022032868091443	-12.223337746204365	0	5	180.74416817930762	20	0.2222222222222222	0	120.8683697641699	19.235455061559172		dr
131.2728140522486	109.39401171020717 	21.87880234204144	136.54322922867013	134.46848690787203	133.43110953265636	8.88819654240173	-3.8727835571175007	0	5	182.32335285034526	20	0.2222222222222222	0	120.90305124513017	19.244266219160778		dr
124.56598431363813	103.80498692803177 	20.76099738560636	126.46252209524178	125.96590637879183	125.49179845638578	0.5191235104938556	-2.9637762020120277	0	5	173.0083115467196	20	0.2222222222222222	0	120.91522045798236	19.24930519313568		dr
116.94069890091166	79.17866551640597 	37.762033384505685	121.50894733515491	118.76799827460896	118.76799827460896	0	-5.481898121091916	0	6	194.90116483485275	20	0.2222222222222222	0	120.90205979057484	19.310605617610417		dr
117.26187644008806	100.51017980578978 	16.751696634298284	122.21125145409358	119.50371382099513	116.98164568607987	7.9432769197272535	-4.771721317420813	0	6	195.43646073348012	20	0.2222222222222222	0	120.8900459841376	19.30216037344107		dr
120.93375026313092	100.77812521927575 	20.155625043855167	123.81151766535432	121.92247736006364	119.91522693284185	2.788041938587938	-4.558872121947516	0	5	167.96354203212627	20	0.2222222222222222	0	120.89018974821325	19.3049678230148		dr
129.22271619684264	107.6855968307022 	21.537119366140445	133.97037459568438	131.62538826164015	130.29903336167348	3.3636177681217987	0	0	5	179.475994717837	20	0.2222222222222222	0	120.9175095070612	19.31228635266439		dr
127.58410261729091	106.32008551440909 	21.264017102881823	131.58655393283422	129.34440043565442	127.09598625868335	1.3489401305376418	-3.603614987299977	0	5	177.20014252401515	20	0.2222222222222222	0	120.93929575905543	19.31866455773046		dr
109.5047966582776	73.00319777218506 	36.50159888609254	114.86277845091547	109.5047966582776	109.5047966582776	10.715963585275759	0	0	2	60.83599814348755	20	0.2222222222222222	0	120.90204983364572	19.37463502785542		dr
124.49875256477932	80.32993083737848 	44.16882172740084	125.83337133434983	120.49489625606772	120.49489625606772	10.676950156564232	0	0	8	276.6638945883985	20	0.2222222222222222	0	120.91372743991565	19.455135634022774		dr
122.32775691061607	101.9397974255134 	20.38795948510267	124.90624672755489	124.31885436001046	123.81529508020353	5.434466564245355	-4.343514916893994	0	5	169.89966237585566	20	0.2222222222222222	0	120.91830358707001	19.45815448143727		dr
126.50341359521472	105.4195113293456 	21.083902265869128	130.05733878254483	128.10782380738334	127.10149017719017	4.329585452377913	-2.523482533849304	0	5	175.69918554890933	20	0.2222222222222222	0	120.93632007096726	19.463398829128984		dr
131.46242679329023	109.55202232774188 	21.910404465548353	135.96903599701324	133.21809026946735	130.61174400814593	2.769437734621306	-5.664982928391623	0	5	182.58670387956977	20	0.2222222222222222	0	120.97016607328983	19.471267014455094		dr
130.18189799840692	108.48491499867244 	21.696982999734487	135.9687318358146	132.13043373448474	130.1187652119582	5.664927680133104	-5.849966623856403	0	5	180.80819166445406	20	0.2222222222222222	0	120.99969085510111	19.47840071953612		dr
130.77128162371545	108.9760680197629 	21.795213603952547	133.2540251453823	132.1485981463595	130.11868212909508	3.1353430162872087	-2.703398878845036	0	5	181.62678003293814	20	0.2222222222222222	0	121.03090999493695	19.48580267763329		dr
130.13060824820766	108.44217354017303 	21.688434708034634	133.07302343203833	131.1650522991838	130.11853673117218	5.972020678697248	-3.2025939809997794	0	5	180.7369559002884	20	0.2222222222222222	0	121.05988992567984	19.49281742932247		dr
128.3458342169569	106.95486184746407 	21.390972369492815	130.118495180304	129.13368783575743	127.16411468627224	2.954380494031753	-2.9544210923975527	0	5	178.25810307910677	20	0.2222222222222222	0	121.08301990755689	19.49884331802142		dr
129.58998878731796	107.99165732276498 	21.598331464552984	130.30334782802365	130.18003656798464	130.1183705539939	0.2467156163583013	-2.95014580705309	0	5	179.9860955379416	20	0.2222222222222222	0	121.10994069515107	19.505487267852217		dr
127.16408951544375	105.97007459620313 	21.194014919240615	130.05652830755727	128.17009548101194	127.1006371868111	3.143597001295518	-5.847004360185366	0	5	176.61679099367188	20	0.2222222222222222	0	121.12903895641382	19.510813853503283		dr
130.07009562551104	108.39174635459251 	21.67834927091853	133.9748270380567	132.42546976754372	131.0407902039003	9.571536647159732	-3.5900136266470497	0	5	180.65291059098755	20	0.2222222222222222	0	121.15715548681978	19.517630002614652		dr
128.8174826571659	107.34790221430491 	21.469580442860988	132.2612212038425	130.32712016236005	128.10829180950276	6.509181187309949	-4.152929394339736	0	5	178.91317035717486	20	0.2222222222222222	0	121.18116905161709	19.523748969511978		dr
128.32152988536637	106.93460823780534 	21.38692164756104	133.0735757796291	130.09857378218558	127.16472365869807	8.863219113008654	-2.9558504945747757	0	5	178.22434706300885	20	0.2222222222222222	0	121.20348267922256	19.529571384130882		dr
129.02603569387554	107.52169641156293 	21.504339282312614	133.0130811229373	130.26696451477017	127.6687564034104	5.3443247195269095	-2.9544338544273785	0	5	179.2028273526049	20	0.2222222222222222	0	121.22785200325575	19.535723309047334		dr
127.78180174086522	106.48483478405434 	21.296966956810877	130.11891061309953	129.11354845839807	127.16452066819578	2.9543899449037525	-5.7149867558864	0	5	177.47472464009059	20	0.2222222222222222	0	121.24820588442844	19.541193009816787		dr
128.42099491640866	107.01749576367386 	21.403499152734796	130.30376267548053	129.25872561031167	127.35360740032695	3.13938410089051	-2.954428180537519	0	5	178.36249293945644	20	0.2222222222222222	0	121.27041266161723	19.546958663510033		dr
127.96532408617118	106.63777007180927 	21.32755401436191	130.15954687134405	129.2075889461893	128.107929121321	3.7074982942290546	-2.9032422687878636	0	5	177.72961678634886	20	0.2222222222222222	0	121.29107596848314	19.55245432817316		dr
127.91794827541484	106.59829022951237 	21.31965804590247	130.30270481741042	129.02664811883457	128.10712313148355	5.8998697299914795	-3.7042880440646115	0	5	177.6638170491873	20	0.2222222222222222	0	121.31146634481216	19.557891878073864		dr
124.15715251109833	103.4642937592486 	20.692858751849727	127.10002790647353	125.15105018124864	124.14423314065532	5.911629202054542	-3.020490792198075	0	5	172.44048959874766	20	0.2222222222222222	0	121.32019544348175	19.561373371551703		dr
121.87223347606339	101.56019456338618 	20.31203891267721	124.20886966977154	123.26873228548531	121.45311388311812	0.06465636620529835	-2.9541766919837187	0	5	169.26699093897693	20	0.2222222222222222	0	121.32188363318383	19.563668984827316		dr
120.74906146645581	100.62421788871318 	20.124843577742638	122.83337573932153	122.13315493990741	121.78298672963079	3.2792925003449227	-2.9410696886380947	0	5	167.70702981452195	20	0.2222222222222222	0	121.32013722413893	19.565379882976448		dr
120.48549700152508	100.40458083460423 	20.080916166920844	122.24343611616334	121.2668111719398	119.31363807045638	0	-2.929721258743342	0	5	167.3409680576737	20	0.2222222222222222	0	121.31760032376623	19.566946862562904		dr
114.04384313435241	97.75186554373066 	16.291977590621755	121.25354783688829	116.70539405411371	112.67651143133368	5.352543699140469	-8.862155161925969	0	6	190.07307189058736	20	0.2222222222222222	0	121.29555863531345	19.557022713253993		dr
111.02189562675261	95.1616248229308 	15.860270803821805	112.96139819586845	112.55748453608071	110.98860216243071	2.88237592366346	-0.5701669544524606	0	6	185.03649271125434	20	0.2222222222222222	0	121.26452037849	19.545854278482295		dr
111.43034116372688	95.5117209974802 	15.918620166246683	112.60527027867391	112.46254769523347	112.35544696644456	2.953833503195625	-2.8823909674089805	0	6	185.71723527287813	20	0.2222222222222222	0	121.23489935675879	19.53492887452978		dr
117.81771960613628	100.98661680525967 	16.831102800876607	121.25318010254804	119.35158189553613	118.2651117242155	2.9557787107205087	-5.9778105496960166	0	6	196.36286601022715	20	0.2222222222222222	0	121.22463755570588	19.526809276711		dr
118.26500477780924	101.37000409526509 	16.89500068254415	121.18683014518685	119.26159093924572	118.29895245248218	2.9557763453658765	-3.0236839737513606	0	6	197.10834129634873	20	0.2222222222222222	0	121.21577637972415	19.5189296102614		dr
118.26422444815366	101.36933524127457 	16.894889206879085	124.2073033436212	121.25312877571565	118.26503617487634	5.9762306510427265	-5.908303686447013	0	6	197.10704074692276	20	0.2222222222222222	0	121.20696577694333	19.511096653833395		dr
108.87114756343213	93.31812648294184 	15.553021080490296	112.31955494967622	110.34903644522088	109.36377718923279	5.911555517127539	-5.911555517127539	0	6	181.45191260572022	20	0.2222222222222222	0	121.17025203226028	19.499316667007967		dr
94.67720373252973	82.84255326596352 	11.834650466566217	103.45218860414842	102.4935563260815	97.62293306796496	2.8758968342007165	-8.770356171085837	0	7	184.09456281325225	20	0.2222222222222222	0	121.09163764561418	19.476572850389445		dr
76.47500852916835	68.82750767625151 	7.647500852916835	82.76181700870545	80.79129755710379	76.28386023588915	4.33365114730303	-3.7831659580648562	0	9	191.18752132292084	20	0.2222222222222222	0	120.95963578432293	19.44157559595905		dr
76.97493891555612	70.07658573393044 	6.89835318162568	89.395085014519	87.30833827555541	84.15753503852675	12.340124974241476	-5.313411597411388	0	9	192.43734728889032	20	0.2222222222222222	0	120.82988741597848	19.404574939869573		dr
94.44339740414148	82.63797272862381 	11.80542467551767	103.65874378679496	100.35771968263815	96.7954207046692	14.018148964631663	-11.369425733044068	0	7	183.63993939694177	20	0.2222222222222222	0	120.75228009241424	19.382224497915598		dr
111.93767353099024	95.94657731227736 	15.991096218712883	119.91682273280426	115.80100886245874	110.65783747325676	7.78294629667684	-10.767548721185292	0	6	186.56278921831708	20	0.2222222222222222	0	120.72643080631036	19.372279840205326		dr
120.88069499234379	103.61202427915181 	17.26867071319198	130.94158852091772	125.93235473927318	119.59489316957031	9.433125957633905	-7.665689357761181	0	6	201.46782498723962	20	0.2222222222222222	0	120.72688187118182	19.36612893632517		dr
125.50253906716914	104.58544922264095 	20.917089844528192	128.41564392464943	127.15389116786334	125.34658330027902	3.872785187437117	-6.191283183618282	0	5	174.3090820377349	20	0.2222222222222222	0	120.74080507000394	19.370650688244126		dr
130.13785523870655	108.44821269892209 	21.689642539784458	136.18433437725827	131.52486200366175	129.19507757830746	6.989256798950805	-1.4959278443290316	0	5	180.7470211648702	20	0.2222222222222222	0	120.7681220763083	19.377391943626513		dr
130.5678502189672	108.80654184913935 	21.76130836982786	131.60108869707244	131.3903859690539	130.96904734805062	3.9019483893116984	-3.902015224345476	0	5	181.34423641523225	20	0.2222222222222222	0	120.79652708541747	19.384301846311153		dr
124.57950233478428	103.81625194565356 	20.763250389130718	127.6988996382557	125.8622189035256	124.54197571620608	3.8384455411307528	-6.191563823271409	0	5	173.0270865760893	20	0.2222222222222222	0	120.80746053989539	19.388287246723927		dr
114.58996619057169	98.21997102049002 	16.369995170081665	115.31869088611147	114.88841671210612	114.67323599096699	0.6454221668367666	-1.2180022247901547	0	6	190.98327698428614	20	0.2222222222222222	0	120.7895426887446	19.379588998664442		dr
119.8900003123755	102.7628574106076 	17.12714290176791	124.26768828619636	121.79018144948382	120.40639180194438	3.9962760777116983	-4.006331149816418	0	6	199.81666718729252	20	0.2222222222222222	0	120.78695779685849	19.37311645240899		dr
114.38227958459923	98.0419539296565 	16.34032565494273	120.37020858160167	118.99975540706947	114.36663157658202	8.004647304112552	-11.696309347816808	0	6	190.63713264099871	20	0.2222222222222222	0	120.76860628335632	19.364426507430576		dr
115.60533032592724	99.09028313650909 	16.515047189418155	120.37019795430375	117.65181471148884	116.21754838629417	8.121255241785235	-4.152649568009579	0	6	192.67555054321207	20	0.2222222222222222	0	120.75385406633508	19.35628542366483		dr
111.5927943963308	95.65096662542639 	15.94182777090441	114.67263989770642	114.31795275554634	113.73267379083941	9.719874862253164	-5.560271923282102	0	6	185.98799066055133	20	0.2222222222222222	0	120.72775418123537	19.346557624084316		dr
114.74954858376206	98.35675592893891 	16.392792654823154	118.35530590685131	117.36761273222972	115.04334819176437	6.00545977269762	-8.451006107499552	0	6	191.24924763960345	20	0.2222222222222222	0	120.71077064260618	19.338166246330733		dr
114.56773277565247	95.47311064637707 	19.094622129275407	120.80448136653666	117.64629348844751	115.31754546706452	10.05053751466832	-4.563601615196177	0	5	159.1218510772951	20	0.2222222222222222	0	120.6933682690454	19.337476319653522		dr
120.3772096957647	100.31434141313729 	20.06286828262742	120.80444272125385	120.47864945515657	120.26134457491067	0.4342816519486803	0	0	5	167.19056902189544	20	0.2222222222222222	0	120.69247516573104	19.33952544949243		dr
116.27473153319639	99.66405559988263 	16.610675933313757	120.2250500579516	117.61593072743791	116.23632033035581	7.859549816224543	-4.007501669108208	0	6	193.79121922199397	20	0.2222222222222222	0	120.68003081747037	19.331838549446854		dr
118.29451138654537	101.39529547418174 	16.89921591236363	124.2676705231265	121.66932052602851	118.31261697904014	8.121217380993173	-4.115055707322199	0	6	197.15751897757562	20	0.2222222222222222	0	120.67332992019249	19.325005339792128		dr
121.92549732248212	101.60458110206844 	20.32091622041368	128.54591507624244	124.38286683281045	120.37013369767826	12.32836668739904	-8.284577351106634	0	5	169.34096850344739	20	0.2222222222222222	0	120.67683739190758	19.3277950061244		dr
131.4866596877431	109.57221640645257 	21.91444328129053	136.2550567318353	133.59438460421714	132.2475550627271	7.980984378390076	-7.878984459216582	0	5	182.62036067742096	20	0.2222222222222222	0	120.70703242625348	19.335020280636037		dr
131.52701148382076	109.60584290318396 	21.921168580636802	132.28054099169591	132.28054052981892	132.28053995183527	3.7346602222268075	-0.032985585747724144	0	5	182.67640483863994	20	0.2222222222222222	0	120.73717164368404	19.342224036346348		dr
125.92632965286302	104.93860804405251 	20.987721608810503	128.27406774672	127.0321075314734	124.54818744692021	4.006404375524113	-4.00640510208089	0	5	174.89768007342087	20	0.2222222222222222	0	120.75158597148732	19.346794862936527		dr
130.71215587243051	108.92679656035875 	21.785359312071762	136.28706844310017	132.3035563699528	128.3760456040311	4.03951338037308	-7.911022839069062	0	5	181.54466093393125	20	0.2222222222222222	0	120.77917757786112	19.353549889111417		dr
131.63251995978996	109.69376663315829 	21.93875332663167	136.54287097044366	133.690320415238	132.2475550652763	7.997053259221644	-4.295315905167371	0	5	182.82294438859714	20	0.2222222222222222	0	120.80915918665099	19.360691335071415		dr
131.55233733166034	109.62694777638359 	21.92538955527675	132.54406228576593	132.36837583399225	132.2805324339418	0	-3.9045050149037763	0	5	182.711579627306	20	0.2222222222222222	0	120.8387547187309	19.367756619424597		dr
129.16368045372872	107.63640037810728 	21.527280075621434	132.28053004841917	129.7341091242953	128.37602428634102	3.9045085462802263	-3.734757010293464	0	5	179.39400063017877	20	0.2222222222222222	0	120.86162539382704	19.37368937617239		dr
129.89088115114413	108.24240095928677 	21.64848019185736	140.26255840349276	133.63970088424273	128.37601589224025	8.012876249310494	-15.994907408184986	0	5	180.40400159881128	20	0.2222222222222222	0	120.88636308083339	19.37992167977701		dr
133.10838318454364	110.92365265378635 	22.184730530757292	136.2550567318353	133.67127795843237	132.3793878779622	3.9745297471414176	-4.007501669108223	0	5	184.87275442297727	20	0.2222222222222222	0	120.91975657838452	19.387585091938156		dr
130.73205434546847	108.94337862122376 	21.78867572424471	132.37937965090074	132.2914965921183	132.24755506017786	4.139326259831108	-4.007501674206651	0	5	181.57229770203955	20	0.2222222222222222	0	120.94649308456187	19.394127573225095		dr
129.08255831200734	107.56879859333948 	21.513759718667856	132.2475550652763	130.9570321009132	128.37598617473625	7.979909550699475	-7.979909553248675	0	5	179.2813309888991	20	0.2222222222222222	0	120.96860195746254	19.399887443185538		dr
129.2743049636737	107.72858746972808 	21.545717493945617	136.38299456789915	131.10155147972736	128.37598195455297	8.108945878601276	-11.590172878010549	0	5	179.54764578288015	20	0.2222222222222222	0	120.99111063769617	19.405702700775674		dr
128.3691400126688	106.97428334389066 	21.394856668778132	128.5456652078845	128.43253599166707	128.37596929392845	0.27161864116538936	-0.16969591395604766	0	5	178.29047223981775	20	0.2222222222222222	0	121.01105125762852	19.411078792581087		dr
131.53913870478226	109.61594892065189 	21.923189784130372	132.3793496054586	132.34640426217626	132.28051635773699	3.904551283868784	-0.09883394194432071	0	5	182.69324820108648	20	0.2222222222222222	0	121.0394288518257	19.417849981237552		dr
129.12896376582287	107.60746980485239 	21.52149396097049	136.38296929988783	132.34647966102492	128.37595506470643	12.15041757537719	-12.010141178358964	0	5	179.34578300808732	20	0.2222222222222222	0	121.06117491342249	19.423504938172318		dr
126.68644590053306	105.57203825044422 	21.114407650088836	132.28051223292002	129.59820171587947	128.24005339106964	7.904048693769852	-11.910521403041116	0	5	175.95339708407369	20	0.2222222222222222	0	121.07625606888391	19.4280381894107		dr
128.37958995878054	106.98299163231712 	21.39659832646342	132.28050919815846	130.93403389815728	128.2740374361355	7.699632575726028	-3.9735176240423584	0	5	178.30498605386185	20	0.2222222222222222	0	121.09578369960555	19.433301719188915		dr
130.76577551159232	108.97147959299362 	21.794295918598706	132.37931412411584	132.30245900156714	132.2475550627271	4.003387076413929	-3.9045807701565423	0	5	181.61913265498936	20	0.2222222222222222	0	121.12157034443752	19.439597703720672		dr
132.28651731588326	110.2387644299027 	22.047752885980557	136.38293751692404	133.63699921147636	132.2475550652763	4.135382451647757	-4.102432464695283	0	5	183.73127404983782	20	0.2222222222222222	0	121.1512643523403	19.446534286652213		dr
130.84445503084862	109.03704585904052 	21.807409171808104	136.28703716120168	132.53543632716602	128.54552559991234	4.53369282676519	-7.9111243820755135	0	5	181.7284097650675	20	0.2222222222222222	0	121.1769757334504	19.452796554252096		dr
128.45808143831533	107.0484011985961 	21.409680239719236	132.5437823014139	131.12326381348421	128.54550682888419	3.9976697095561917	-8.171003669617946	0	5	178.41400199766016	20	0.2222222222222222	0	121.19623791785482	19.45797349521894		dr
129.42170048316856	107.85141706930715 	21.570283413861418	132.28751554357117	130.6228397697893	129.18446965647954	3.9391209165111434	-3.103045887091639	0	5	179.75236178217855	20	0.2222222222222222	0	121.21794098530945	19.463546872312982		dr
127.98217052430715	106.65180877025595 	21.330361754051196	129.4115257236222	128.7740353196044	127.74033110687957	1.6711946167426248	-2.375814126333438	0	5	177.75301461709324	20	0.2222222222222222	0	121.23574158935945	19.4684595430544		dr
128.10862375540006	106.75718646283337 	21.351437292566686	131.18339347240317	129.29433342836475	126.81596402991147	3.067678752868119	-4.367429442491698	0	5	177.9286441047223	20	0.2222222222222222	0	121.25378065016271	19.473401741872017		dr
129.62945698156807	108.02454748464004 	21.60490949692803	131.774562797073	130.57958529743857	128.72529420575944	2.5136046837238837	-3.708691065357982	0	5	180.04091247440007	20	0.2222222222222222	0	121.27570650443339	19.478981605105147		dr
128.18650839136228	106.82209032613524 	21.364418065227042	131.58096558132675	129.68677397096022	127.48777767052945	4.0931879107972975	-4.406110068401844	0	5	178.0368172102254	20	0.2222222222222222	0	121.29375037358987	19.48390441570599		dr
118.64384536615424	101.69472459956077 	16.949120766593467	124.04119873988064	122.0522634793469	119.68459560597188	8.850246204960143	-5.903639762224714	0	6	197.73974227692372	20	0.2222222222222222	0	121.28684957929967	19.47730341661976		dr
120.12951839250123	102.96815862214392 	17.161359770357308	121.28988135070868	121.15738797513019	121.09109282596344	3.148973509949684	-3.018147063069165	0	6	200.21586398750202	20	0.2222222222222222	0	121.28384352426903	19.471287978577518		dr
128.14692748502688	106.7891062375224 	21.357821247504475	129.94216752884628	129.92156016708415	129.88036624502573	5.900729542535146	-2.951826505989061	0	5	177.981843729204	20	0.2222222222222222	0	121.30162353453005	19.476175370465928		dr
130.6439244313252	108.86993702610431 	21.77398740522088	135.7840845370043	132.11575770216504	130.12747837529116	5.6566061617131425	-5.903655842890288	0	5	181.44989504350718	20	0.2222222222222222	0	121.32576384692487	19.482112869263744		dr
128.84803610789143	107.37336342324288 	21.474672684648553	130.43585527954463	130.10693123171305	129.94245880517786	0.49347969872172825	-5.965468346921384	0	5	178.95560570540476	20	0.2222222222222222	0	121.34515114656654	19.48724833270546		dr
125.17069738397095	104.30891448664244 	20.86178289732851	129.88067847508955	125.96648812845115	123.977011271006	5.903667207838936	-5.903667207838936	0	5	173.84819081107074	20	0.2222222222222222	0	121.35498545566011	19.49078184058367		dr
121.10481403152919	100.92067835960763 	20.184135671921553	124.04181436009283	123.10308992387549	121.2903845375443	5.903670042501446	-5.968413528604941	0	5	168.2011305993461	20	0.2222222222222222	0	121.35434399047004	19.492559670920432		dr
110.28640259741582	94.53120222635641 	15.755200371059402	115.12165805869064	113.27296593806723	110.7664689095254	0.2144497037483859	-3.164301936460319	0	6	183.81067099569302	20	0.2222222222222222	0	121.32603723498907	19.483001207237923		dr
107.30059286893184	91.9719367447987 	15.328656124133147	112.1699285354675	109.2677784447754	106.34181200766719	2.949701312874936	-5.828133546058382	0	6	178.83432144821973	20	0.2222222222222222	0	121.2902580401777	19.47240338814837		dr
94.89239233826439	83.03084329598134 	11.861549042283045	100.36261588837864	98.4221802977274	94.45893260370597	8.855524932644556	-14.759208217317223	0	7	184.51298510218075	20	0.2222222222222222	0	121.22308789844254	19.453037346555835		dr
81.36678262365747	72.32602899880663 	9.040753624850836	92.29343925106372	89.13650685913008	78.4038198808203	3.8328336717356706	-10.886284730073413	0	8	180.8150724970166	20	0.2222222222222222	0	121.12192976322736	19.4266102305109		dr
90.70111644279304	80.62321461581604 	10.077901826976998	104.84852782668405	97.0353615917143	90.70463699683256	13.770810494884373	-9.668811157888598	0	8	201.55803653954007	20	0.2222222222222222	0	121.04491504596042	19.40294261429942		dr
91.31655981824318	79.9019898409628 	11.41456997728038	95.10953850076027	93.8583535919838	91.26027389692594	5.493948541179023	-8.460390147058263	0	7	177.55997742436173	20	0.2222222222222222	0	120.96984344185003	19.38276995612513		dr
56.37969428333617	52.04279472307954 	4.336899560256633	83.97789840101296	76.80603075083637	49.04602616370937	12.022505012423125	-14.847060717088326	0	12	187.93231427778724	20	0.2222222222222222	0	120.8071478520301	19.34487103825141		dr
13.87308768735632	23.482835261785194 	-9.609747574428875	51.46803115130893	51.006344277204086	25.717316871368702	13.104243201865348	-12.022505004775475	1	50	192.68177343550443	21	0.2	0	120.53846930890278	19.272120740229596		dr
60.739708437314356	56.06742317290556 	4.672285264408792	76.84873682327024	72.98810424547524	59.37268910994034	17.67889847856035	-11.911353403619401	0	12	202.46569479104787	21	0.2	0	120.38859772777099	19.235529673874158		dr
77.08297398712209	69.37467658840987 	7.708297398712219	82.7447281139539	79.72828779725683	76.74421730404516	6.000510806153514	-2.951700665971032	0	9	192.70743496780523	21	0.2	0	120.28033366841936	19.206711593186252		dr
84.944439280475	75.50616824931109 	9.438271031163907	88.64173413827176	87.65888270221036	85.6462703918821	5.802716752851538	-2.948567535435913	0	8	188.76542062327775	21	0.2	0	120.19221423104293	19.182351392283454		dr
82.70896283162188	73.51907807255277 	9.189884759069102	85.69328993770858	84.67924736937596	82.69633223357404	2.9483765848799663	-2.8510048614435135	0	8	183.79769518138193	21	0.2	0	120.0989723121389	19.157494510111277		dr
83.19306072842814	73.94938731415833 	9.243673414269807	91.85332758780172	88.82000660639034	79.94756492869132	5.997188748904961	-9.116404639811051	0	8	184.87346828539586	21	0.2	0	120.00739436776246	19.13289445776428		dr
86.16395485944338	76.590182097283 	9.573772762160374	89.36386533461634	87.9933350784537	85.69352977331195	6.6187667509065164	-3.6703424135703386	0	8	191.4754552432075	21	0.2	0	119.92362347789039	19.109233265448427		dr
85.36990353731427	75.8843586998349 	9.485544837479367	88.91354751220209	88.73265052067632	85.83393151925462	8.845113679894936	-6.265412258655843	0	8	189.71089674958728	21	0.2	0	119.83830565087662	19.08547107179912		dr
73.97347591685447	66.57612832516902 	7.397347591685445	85.59990924495271	82.68175507069667	76.74475852218345	0.41740919668772847	-9.154368555997863	0	9	184.93368979213616	21	0.2	0	119.72533808995539	19.056682590321007		dr
27.413596170458113	26.35922708697894 	1.0543690834791732	53.732207910883815	49.39581557144541	24.936984191238537	7.226615563078436	-11.806904848081068	0	25	190.37219562818134	21	0.2	0	119.498527913249	19.012450861802968		dr
17.073030662851252	19.355229328933746 	-2.2821986660824933	36.18809530727761	33.97252889386051	20.662100045105642	15.344980962214315	-9.067482018841257	1	41	194.44284921580592	20	0.2727272727272727	0	119.24748502783137	18.96025809335227		dr
17.181254342141504	20.00810817882777 	-2.826853836686265	48.09002002420033	48.09002002250085	17.004641571593048	12.022505007324689	-12.454967775990582	1	41	195.6753966743893	17.5	0.25	0	118.99793434155829	18.906988871029434		dr
14.069046988947193	14.421150568308773 	-0.35210357936158054	26.8652766406301	25.793561861080935	23.613052741699374	8.854894779545106	-2.9516330049945374	1	20	78.16137216081773	15	0.3076923076923077	0	118.74201022606411	18.860015474808968		dr
