_avgSpeed	_exSpeed	 DiffAvgExpSpeed	 Max Speed	AvgTop3Speed	_speedMedian	_maxAcceleration	_maxDecceleration	Num Of Stops(including end/start point)	duration	distance	stopDurationMedianSoFar(while moving)	ratio Of Short Stop(while moving)	ratio Of Instant Stop(in short stop)	Avg of AvgSpeed	Avg of DiffAvgExp	label
4.774590717263668	23.2749455885063 	-18.50035487124263	47.444758204548116	45.5322211258542	24.136088128169895	8.895894983272296	-19.887238253778797	0	156	206.89893108142562	61	0	1.1	4.774590717263668	-18.50035487124263		dr
10.283704605810582	39.036359105941756 	-28.75265450013117	76.14253170540871	73.47086392430376	41.4012422555576	26.91430151484319	-16.25985308486767	1	69	197.10433827803615	52	0	1.1	7.529147661537126	-23.626504685686903		dr
8.899211133661327	21.717126944075325 	-12.817915810413998	52.09752169075934	44.378715399328485	24.04501001273747	7.56378221019061	-14.026255838054983	2	78	192.81624122932874	26	0	1.1	7.9858354855785265	-20.023641727262603		dr
22.817679741511906	29.068311072816236 	-6.25063133130433	56.337137030845426	55.39884266014553	23.97402188104388	11.86044989448061	-17.418549335555582	0	32	202.82381992455026	26	0	1.1	11.69379654956187	-16.580389128273033		dr
15.132511845042455	26.309244809271807 	-11.176732964229352	50.56596139187145	49.5278685693452	28.168596274967534	12.032035842157438	-17.962239622979393	1	46	193.35987357554248	24.5	0	1.1	12.381539608657988	-15.4996578954643		dr
13.316502193399302	28.263869949450026 	-14.947367756050724	48.09002002420033	45.48475687763888	30.134396695500296	16.15167674198132	-21.373342232977922	1	55	203.4465612880449	23	0	1.1	12.537366706114874	-15.40760953889537		dr
36.70380893598485	34.95600851046176 	1.7478004255230957	53.43038784243611	49.98227409450006	36.06751501687564	11.478705737609403	-8.136669551038807	0	20	203.9100496443603	23	0	1.1	15.9897155960963	-12.956836686835588		dr
57.887632562359194	53.43473774987002 	4.452894812489177	72.19593613416276	65.52335797555911	56.18330870012562	12.083411107736183	-12.01033772694074	0	12	192.95877520786397	23	0	1.1	21.226955216879162	-10.780620249419993		dr
57.1528462276431	52.75647344090133 	4.396372786741772	64.12002669808403	61.49707267196862	56.183305048375054	8.001979269784997	-8.01500333821646	0	12	190.509487425477	23	0	1.1	25.21872088474182	-9.094287689846462		dr
51.943938789957855	48.23365744781801 	3.7102813421398437	68.7056624336513	64.43281724515015	51.66744350583213	20.25146481311709	-19.51847096796594	0	13	187.57533451929226	23	0	1.1	27.891242675263424	-7.8138307866478325		dr
21.755774423773282	39.177097138157784 	-17.4213227143845	59.732033106129926	59.000582314018914	45.882046791454684	21.048845891900832	-15.096279402916977	1	32	193.38466154465138	23	0	1.1	27.333472834218867	-8.687239143714804		dr
50.26208990881965	46.91128391489834 	3.3508059939213055	57.252381363176845	55.9714851493546	48.371049830997464	7.0654073475536805	-7.5509500855270275	0	14	195.46368297874307	23	0	1.1	29.24419092376893	-7.6840687155784595		dr
25.518565903940125	38.08022612617618 	-12.561660222236053	64.18852149649118	62.8070244070006	44.490258814015675	31.841892146175915	-17.707459778273417	0	27	191.38924427955095	23	0	1.1	28.957604383782098	-8.05926806224443		dr
66.36378251718675	60.3307113792607 	6.033071137926051	76.37301804276588	71.3032766254063	64.18852023576713	7.987982598301116	-12.184499111372787	0	10	184.34384032551876	23	0	1.1	31.629474250453857	-7.052672405089394		dr
66.54795732099655	60.49814301908777 	6.049814301908775	76.66011952780393	71.65452967072689	66.55941637460487	8.01500333821646	-7.508390596828846	0	10	184.85543700276818	23	0	1.1	33.95737312182337	-6.179173291289516		dr
69.95870002539932	63.59881820490846 	6.3598818204908625	81.02237669417575	75.60218766568181	68.705491451663	4.7581334982788945	-12.637368586711304	0	10	194.32972229277587	23	0	1.1	36.207456053296866	-5.395482346803242		dr
68.53990757888414	62.309006889894675 	6.230900688989465	80.64183484893967	74.05723615036281	68.15975616330569	16.45332900281494	-8.18972695610033	0	10	190.38863216356705	23	0	1.1	38.10936496656671	-4.711577462344847		dr
72.89175221902144	66.2652292900195 	6.626522929001936	88.36412599781207	82.07203097768634	73.69900699352706	24.24409930227725	-15.26117169256419	0	10	202.47708949728178	23	0	1.1	40.041719813925305	-4.081682996158914		dr
76.53899297750263	68.88509367975237 	7.653899297750257	90.25496279340744	84.83338688173912	76.14253170540871	7.130784125084503	-14.394351776042441	0	9	191.34748244375658	23	0	1.1	41.962628927797795	-3.464020770163695		dr
93.63801519493296	81.93326329556633 	11.704751899366627	97.44197235162125	97.03364592178895	93.83170953198126	8.494770271757332	-2.466776841577129	0	7	182.07391843459186	23	0	1.1	44.546398241154556	-2.705582136687179		dr
93.72092521185633	82.00580956037429 	11.715115651482037	98.74004375310024	95.91679204395028	93.83114702106664	7.085455339905948	-6.18158326647459	0	7	182.23513235638728	23	0	1.1	46.88804238261654	-2.0188822420124546		dr
100.77575841826561	88.17878861598238 	12.596969802283226	120.55338137684423	107.64996266685286	98.3921652206397	23.64546782835724	-3.3613187486954814	0	7	195.952863591072	23	0	1.1	49.33748402060059	-1.3545253309081053		dr
108.2025450510518	92.74503861518724 	15.457506435864559	120.22505005540239	113.54588060858815	106.1987942173474	16.03000667133449	-12.022505004775454	0	6	180.3375750850863	23	0	1.1	51.89683450018543	-0.6235674280049459		dr
111.58331749235717	95.64284356487757 	15.940473927479601	118.61127468838838	116.18259694460318	110.34712815041162	5.203541502872497	-10.28350570883947	0	6	185.97219582059526	23	0	1.1	54.38377129152591	0.06660096180691018		dr
106.59801498386656	91.36972712902846 	15.2282878548381	109.60652833863202	108.85087435701985	106.64779326274846	5.00748172919657	-2.4152057609114195	0	6	177.66335830644425	23	0	1.1	56.472341039219536	0.6730684375281578		dr
105.80790590130577	90.6924907725478 	15.115415128757974	109.60617602464794	108.46116495408029	106.6473800521479	7.43951514691976	-5.997480436430237	0	6	176.3465098355096	23	0	1.1	58.36986276468439	1.228543310267766		dr
111.81330649275911	95.83997699379351 	15.973329498965597	116.97700804840565	115.38029517309154	112.18460302527018	5.941566176634666	-6.9692469282622795	0	6	186.35551082126517	23	0	1.1	60.3492495694279	1.77464650244176		dr
112.09629286216192	96.08253673899593 	16.01375612316599	113.28013090964731	113.28001080897705	112.715101670226	1.1295453990986744	-4.842775864333916	0	6	186.82715477026986	23	0	1.1	62.19735825845411	2.2831861317533395		dr
99.58095719791939	87.13333754817947 	12.44761964973992	105.95409362305755	103.60767441550477	100.64355540573283	10.172673292673451	-11.288110967568826	0	7	193.62963899595437	23	0	1.1	63.48644787705636	2.6336838392701183		dr
115.01001637663784	98.58001403711815 	16.43000233951969	118.23486732907143	117.10241413804931	115.73830406025247	7.50745026700838	-6.230890713929071	0	6	191.6833606277297	23	0	1.1	65.20390016037574	3.0935611226117703		dr
123.03585184700708	102.52987653917258 	20.505975307834504	127.92684803060284	124.86733705533868	122.78392136578589	8.40929347251749	-5.1429266648169545	0	5	170.88312756528762	23	0	1.1	67.06944698897675	3.655251902780246		dr
122.31599242334454	101.92999368612045 	20.385998737224085	123.89010646391843	123.52116644593532	122.78344859805462	4.549961649546091	-1.1069684454247124	0	5	169.88332281020075	23	0	1.1	68.79590153380074	4.178087741356616		dr
126.7500931146694	105.62507759555781 	21.125015519111585	127.92473940345836	127.12622480340424	126.7268101717805	1.1980958129345822	-1.0819772623634805	0	5	176.04179599259638	23	0	1.1	70.55208915746343	4.691631007349191		dr
126.17978975755292	105.14982479796076 	21.029964959592164	130.74093082217857	128.65125768711513	125.64380341646387	5.680716445637856	-3.925235406239068	0	5	175.24970799660127	23	0	1.1	72.18819799864252	5.172170241238691		dr
129.6727340567006	108.06061171391718 	21.612122342783408	131.38188665132046	131.07496737345045	130.46142339166798	3.8119957477876625	-3.8122903217451807	0	5	180.10101952319528	23	0	1.1	73.83061331458704	5.641883158425682		dr
130.58213087139188	108.81844239282657 	21.763688478565314	133.35622745309746	131.4258702521549	130.46051366362295	1.485574565307303	-2.8953578133531153	0	5	181.36407065471093	23	0	1.1	75.40704435783161	6.089711083985117		dr
128.8321111933842	107.3600926611535 	21.472018532230706	132.57017483970887	131.61585463750748	130.92434247380277	7.096519908239955	-1.217128240698088	0	5	178.93348776858917	23	0	1.1	76.85096508311682	6.505449123126889		dr
126.86948551154742	105.72457125962285 	21.144914251924575	131.9015758132663	129.75872482822876	125.47312526336609	6.4285290275099385	-0.00010240521240234557	0	5	176.20761876603808	23	0	1.1	78.16724193649657	6.890698205463671		dr
129.7201857133167	108.10015476109724 	21.620030952219466	132.56901330770614	131.1476574593691	128.97303865627038	5.822953055911938	-2.927881757860405	0	5	180.16692460182878	23	0	1.1	79.48911228974836	7.268373404098434		dr
129.61730626600308	108.01442188833589 	21.602884377667195	133.87354046155258	131.8040710138813	130.61571258600864	5.914152431231486	-9.171980306775424	0	5	180.02403648055983	23	0	1.1	80.74231713915474	7.626736178437653		dr
128.02407289054813	106.68672740879009 	21.337345481758035	130.43109544138602	129.42339464802012	127.46958329570732	3.0259646934995743	-5.925886604759285	0	5	177.81121234798348	23	0	1.1	81.89553069406678	7.961141283396686		dr
131.19232623303512	109.32693852752925 	21.865387705505867	136.82477386228265	132.62395036471946	130.43132327295305	6.209019903359945	-9.166151368481323	0	5	182.21156421254875	23	0	1.1	83.06926392118507	8.292194769637382		dr
129.49602928323336	107.91335773602782 	21.582671547205535	133.57345122724067	130.72085935315314	127.9729799066491	2.6431670189204794	-5.914687257794824	0	5	179.855596226713	23	0	1.1	84.14895613890712	8.601275624929665		dr
128.27420238547512	106.89516865456261 	21.37903373091251	130.9232901400397	129.73290335838928	127.65910755236635	3.4531603441697456	-2.957204830395426	0	5	178.158614424271	23	0	1.1	85.15180264451095	8.891679218247457		dr
129.23077217287693	107.6923101440641 	21.53846202881283	133.57408585927956	130.1737429191471	127.97350409518204	5.600682568996362	-5.600581764097527	0	5	179.48718357344018	23	0	1.1	86.13133530069686	9.172718836260021		dr
129.34070719127695	107.78392265939748 	21.556784531879472	132.41461583271564	131.22344978167067	129.2335785685765	2.8105712543925137	-6.910847265229691	0	5	179.63987109899577	23	0	1.1	87.07066947223122	9.44193765573001		dr
127.4510185908485	106.2091821590404 	21.24183643180811	130.9256630385143	129.28305041066608	128.4138649542156	2.5117980842987038	-9.442168678672914	0	5	177.0153035984007	23	0	1.1	87.92982583645713	9.692999331816777		dr
125.31063434877622	104.42552862398016 	20.885105724796063	130.46096852704292	126.64444569613181	124.44650642171383	6.620854822807857	-7.681247575792469	0	5	174.04254770663363	23	0	1.1	88.70859268046377	9.926168215003846		dr
127.71444636743878	106.42870530619899 	21.28574106123979	132.15378297004935	129.41487029665976	127.63478677716354	6.9900742412961705	-3.697741827282954	0	5	177.38117551033162	23	0	1.1	89.50463051081019	10.157996232273966		dr
129.8819389603763	108.23494913364691 	21.64698982672938	131.1270976994265	130.315613122318	129.5644223774479	0.3330944892483956	-1.0237917433518362	0	5	180.3915818894115	23	0	1.1	90.31217667980151	10.387776104163073		dr
127.7136548275301	106.42804568960842 	21.285609137921682	128.9717583428118	128.78447475180346	128.41008761562478	1.2734253310649848	-3.50086602138623	0	5	177.3800761493474	23	0	1.1	91.04553899642364	10.601459104825008		dr
128.2737936970958	106.89482808091316 	21.378965616182654	131.8986265005053	129.75968277825666	128.4092236354554	5.853715242975312	-3.4894028650498967	0	5	178.15804680152195	23	0	1.1	91.76146697143658	10.80871884542804		dr
130.34016718092266	108.61680598410221 	21.72336119682045	134.29039260499871	131.94145858160456	130.61339609914307	3.3698055643268106	-6.822995334509983	0	5	181.02800997350369	23	0	1.1	92.48936697538913	11.014655493567519		dr
128.2725629597203	106.89380246643357 	21.37876049328672	130.6132099544754	128.7465348840544	127.65615674504585	3.1459948588704236	-2.9572149036420683	0	5	178.15633744405596	23	0	1.1	93.15201875287676	11.206583363932689		dr
129.13573906232781	97.05701064012793 	32.07872842219989	130.36697712262026	129.4093475201706	129.40684812647913	0.31754360502226103	-1.9127598112079056	0	7	251.09727039897075	23	0	1.1	93.8062682130486	11.586076910446637		dr
130.4094697169978	86.93657035369371 	43.47289936330408	130.4279264628266	130.40485553054057	130.40485553054057	0.023070932286032075	0	0	5	181.12426349583023	23	0	1.1	94.4598968113334	12.155484454247665		dr
130.9647722694359	109.11965374550181 	21.845118523934104	136.10707813846716	132.56933492409578	130.5831849273	2.7341460836854026	-8.258039294852551	0	7	254.65372385723646	23	0	1.1	95.10033322287906	12.3254780344176		dr
129.30749554060588	86.20499702707059 	43.102498513535295	131.29756986260426	129.30749554060588	129.30749554060588	0	-1.3267162146655902	0	6	215.51249256767647	23	0	1.1	95.69011188352953	12.856116318540318		dr
130.02085485816937	108.35071238180781 	21.670142476361562	133.69499882411642	131.6178107588515	129.11153641200804	5.348923101901619	-4.583462412108389	0	5	180.58452063634633	23	0	1.1	96.2719888830997	13.005506592401694		dr
129.1913460959277	107.65945507993975 	21.531891015987966	134.1195506269368	131.60193498948414	129.43863730077007	2.8719335861912896	-9.567530394717892	0	5	179.43242513323293	23	0	1.1	96.82064483664682	13.147612999461467		dr
129.25426886020313	107.71189071683595 	21.542378143367173	134.15136804049075	132.21506214454348	131.24677155868736	8.235875214943988	-7.536381792613881	0	5	179.51981786139325	23	0	1.1	97.35234359113136	13.285232100181233		dr
128.1646357982599	102.5317086386079 	25.632927159652	130.7840445647074	129.44928386769925	128.7819035191952	6.473352974765675	-5.919556739316988	0	4	142.40515088695543	23	0	1.1	97.84931604608504	13.484388472108181		dr
126.0366545529226	105.03054546076885 	21.00610909215375	129.11055513930506	126.98600750674076	125.515000247327	2.778088005714821	0	0	5	175.0509091012814	23	0	1.1	98.29673411762214	13.603780862902555		dr
129.74651211565416	108.12209342971177 	21.624418685942388	132.04622182018753	131.51922667685287	131.01358895631893	5.401375589130012	-4.368742725261413	0	5	180.20348904951965	23	0	1.1	98.78813689884139	13.729103328887552		dr
128.18037677705922	106.81698064754933 	21.363396129509894	131.4991566595758	130.53786072759166	128.97709301253548	6.209393156890343	-7.138794310828118	0	5	178.0283010792489	23	0	1.1	99.24032520466012	13.846553987358664		dr
129.26507660611634	107.72089717176361 	21.544179434352728	131.5001681711043	130.14680138705333	129.4698689329615	2.5632219090358745	-2.5627237849032127	0	5	179.534828619606	23	0	1.1	99.69524568043975	13.963184675949483		dr
129.7355441303414	108.11295344195116 	21.622590688390233	132.05044987532057	131.07381346559586	130.15193030322737	0.8671299150122422	-2.7778769443957003	0	5	180.1882557365853	23	0	1.1	100.14360834387112	14.07750416867248		dr
121.9549394335699	101.6291161946416 	20.325823238928308	127.84619125154494	124.34771349425307	121.42586854777808	12.540483792609464	-8.465373224500738	0	5	169.38186032440265	23	0	1.1	100.46436321283728	14.1693912138233		dr
108.54600857408253	93.03943592064216 	15.506572653440372	115.43974223906734	113.46641331535103	109.51975546038632	2.959993387457345	-5.91998678621313	0	6	180.91001429013755	23	0	1.1	100.58148850792779	14.18877065497717		dr
87.39029723144282	77.68026420572693 	9.710033025715887	91.75980972996518	90.77316397084951	87.5065268109923	2.959993858973931	-8.879981584454313	0	8	194.20066051431735	23	0	1.1	100.39304291826372	14.124788688844866		dr
96.55364003823999	84.48443503345999 	12.069205004780002	100.95852618709469	98.88219039895051	97.67985969146751	3.278666495627178	-5.898863831808441	0	7	187.74318896324442	23	0	1.1	100.33896682136198	14.095836805970713		dr
73.92336261720882	66.53102635548795 	7.392336261720871	87.32391810776122	82.25167578683005	72.050320808565	3.641500653882318	-9.533293273766773	0	9	184.80840654302207	23	0	1.1	99.97208342963762	14.00273263174502		dr
48.3824091114014	45.15691517064131 	3.2254939407600887	60.40874849620976	58.17615865292771	46.01487243857878	10.65738658761618	-12.481027878378768	0	14	188.15381321100546	23	0	1.1	99.26537556226452	13.855099225019199		dr
44.58713567610264	41.11396756330037 	3.47316811280227	52.81311238695707	52.336051923250125	44.75813025851775	10.006043826873295	-9.942981254120372	0	15	185.779731983761	23	0	1.1	98.52648042866774	13.714802858637889		dr
59.207683520320096	54.653246326449306 	4.55443719387079	84.15753503597753	79.06281927458782	56.141440864362444	32.06001334521819	-23.972174998011987	0	12	197.35894506773363	23	0	1.1	98.0022298032231	13.592664649774328		dr
75.99159291282092	68.39243362153884 	7.599159291282078	82.09407963414058	79.0763918873066	75.05176945551287	4.526552536842303	-7.042310178627716	0	9	189.9789822820523	23	0	1.1	97.71261615992834	13.513802737162587		dr
70.73335685349598	64.30305168499635 	6.430305168499629	75.0515999700171	74.41784641189143	71.20849140941522	7.667178561407312	-3.82403791441898	0	10	196.4815468152666	23	0	1.1	97.36223616893571	13.421809262244889		dr
90.29205456213465	80.2596040552308 	10.032450506903857	102.30745607112809	97.43617693224705	88.94747037635008	8.501824660071449	-2.389811903499748	0	8	200.649010138077	23	0	1.1	97.27159281500236	13.378355944868721		dr
113.24481448803084	97.06698384688356 	16.17783064114728	124.21446553819763	119.33156073975175	112.01740353680188	9.763137669346307	-4.877560943354979	0	6	188.7413574800514	23	0	1.1	97.47378549440779	13.413792333429209		dr
129.64345076130692	108.03620896775578 	21.60724179355114	134.00651800995604	131.94652344015523	129.10713965526926	3.6187729999710427	0	0	5	180.06034827959294	23	0	1.1	97.87590631024402	13.516210451680731		dr
132.53256503920332	110.4438041993361 	22.08876083986722	140.26027105570327	135.23709972102122	132.7254571101173	11.153943144441058	-4.880258988426647	0	5	184.0730069988935	23	0	1.1	98.30376629455216	13.622044407090442		dr
129.37370375294412	107.81141979412011 	21.56228395882401	132.72467888308714	130.75077143240756	129.10598057758455	7.21411545999581	-3.619037838680498	0	5	179.68569965686683	23	0	1.1	98.68266797087402	13.71887659674573		dr
128.1122346110113	102.54345143593787 	25.568783175073435	132.72380193923036	129.0690906126403	127.24173494934527	2.4399430319316266	0	0	5	177.93365918196014	23	0	1.1	99.03724106292385	13.861646555520762		dr
129.57318316831862	103.87977146150293 	25.693411706815695	132.72335397061815	130.3105995911454	129.10422240140903	2.1281477182698296	-3.6190749773877258	0	5	179.96275440044255	23	0	1.1	99.40076418322617	14.002500902559987		dr
129.3300547384038	107.77504561533648 	21.555009123067308	131.49661402460563	129.9013844598738	129.10371308609956	0	-2.3927877556893975	0	5	179.62507602556082	23	0	1.1	99.75287348387533	14.091353940448307		dr
127.857801314845	106.54816776237085 	21.309633552474153	131.49601562323173	129.48042429138863	127.84211007213072	2.4274820124480243	-3.631984228325095	0	5	177.5802796039514	23	0	1.1	100.07967497028196	14.175287424309074		dr
128.8104152472407	107.34201270603391 	21.4684025412068	130.40659679120722	129.88863578995847	129.20746979824324	3.822559581941917	-1.9276064693618338	0	5	178.90335451005654	23	0	1.1	100.40991336426998	14.259116333698703		dr
128.0992057341572	106.74933811179767 	21.34986762235954	129.4631709543752	128.87492734937666	128.37652668859496	3.2903630768684025	-3.9684496260837534	0	5	177.91556351966278	23	0	1.1	100.7245644139278	14.339693052888032		dr
125.0763173460758	104.23026445506316 	20.846052891012633	128.24005339361884	125.6270842503385	124.2677826055955	0	-3.8666366418176352	0	5	173.71710742510527	23	0	1.1	100.99817961541261	14.412798219608534		dr
122.70128029887186	102.25106691572655 	20.45021338314531	128.3765130326358	125.62561532332103	124.23255172451064	4.108731819819198	-8.115060247867788	0	5	170.41844485954425	23	0	1.1	101.23932517856217	14.479880610314499		dr
121.09815226079388	100.91512688399492 	20.183025376798966	124.37339619182396	123.0039205085556	120.37058651611184	8.15584780298056	-4.153038127268445	0	5	168.1918781399915	23	0	1.1	101.45755404759768	14.542552530825319		dr
123.48764797355051	102.90637331129209 	20.581274662258423	128.27417729911497	125.63844745189454	124.2677771217565	8.012728718497655	-4.006328190304885	0	5	171.51062218548682	23	0	1.1	101.69701159027109	14.608190814862635		dr
126.71319953408933	105.59433294507444 	21.118866589014885	128.37649050435283	128.3082802218569	128.2741749052737	3.9007929354204265	-4.108715820000725	0	5	175.9905549084574	23	0	1.1	101.96600285848419	14.678198081251368		dr
129.06864322298642	107.55720268582205 	21.511440537164376	132.2806421817194	129.60966318487544	128.27417351234837	0	-4.006468321160867	0	5	179.26200447637004	23	0	1.1	102.25432881980868	14.750892149931294		dr
127.49335087611266	106.24445906342724 	21.248891812685414	128.37646971265542	128.30827096988767	128.2741714231668	4.006401032143316	-0.10229898345249921	0	5	177.07409843904537	23	0	1.1	102.52000273619083	14.819292146381336		dr
131.5388628780435	109.61571906503626 	21.92314381300723	132.3798376420311	132.37983624776152	132.37983485326717	0	-4.006468481012092	0	5	182.69286510839373	23	0	1.1	102.82228252933514	14.893290601242024		dr
130.16066167274502	108.46721806062085 	21.69344361212417	133.0720783111617	132.72068066529476	132.54498027950677	12.810641276499666	-12.283543244844736	0	5	180.7786967677014	23	0	1.1	103.10412148957649	14.963395271457303		dr
129.80411653704317	108.17009711420265 	21.634019422840524	134.34814549977057	132.52098971601166	131.60739485661756	12.352967784724626	-7.467258107089009	0	5	180.28349519033773	23	0	1.1	103.37657041863227	15.031462864838765		dr
131.85609836061704	109.88008196718089 	21.976016393436154	137.7247175794447	133.8845092611168	130.04760176609355	8.520685747506406	-3.843509141632552	0	5	183.13346994530144	23	0	1.1	103.66424241804626	15.101609870178132		dr
129.5615413659118	107.96795113825983 	21.593590227651973	136.70605083999754	132.01592433198692	126.62958358379986	10.443186383218247	-7.215069195344427	0	5	179.94658523043304	23	0	1.1	103.9232154075249	15.166529673752871		dr
130.63798948611068	108.86499123842555 	21.772998247685138	133.1950544701781	132.53718718477913	131.22159971283554	0	-3.410161296100412	0	5	181.44165206404261	23	0	1.1	104.18771812117429	15.231940253692795		dr
130.41265715595475	108.67721429662896 	21.735442859325786	132.77845886767503	131.62936299828743	131.0545487847676	1.6455619977984384	-3.288871344477343	0	5	181.1286904943816	23	0	1.1	104.44482536661332	15.295700083159783		dr
130.17012342090655	108.47510285075545 	21.6950205701511	134.48019397007005	132.75980787068218	131.0538298235206	1.734794151614068	-3.426364146549446	0	5	180.79183808459243	23	0	1.1	104.69458554189771	15.357829408276205		dr
128.8175289618743	107.3479408015619 	21.469588160312398	130.31522783588662	129.594332474267	128.42164986028445	2.890630548624543	-2.166069627321434	0	5	178.91323466926988	23	0	1.1	104.92653692093594	15.416596319353477		dr
130.56136022873918	108.80113352394928 	21.7602267047899	133.07173031840324	132.09753202591222	130.97331069660635	4.007501669108251	-4.797578646063073	0	5	181.3352225399155	23	0	1.1	105.17067809529598	15.477011846833824		dr
131.33920418445794	109.44933682038159 	21.889867364076352	133.85804804036027	132.4446423959049	130.4041915780105	4.39617776465991	-3.9578245814857667	0	5	182.41556136730267	23	0	1.1	105.41755098292958	15.53751048378894		dr
128.45208529063356	107.0434044088613 	21.408680881772256	133.4325844780086	130.1006434663504	126.46524135018542	3.938885118724926	-7.939307876024202	0	5	178.40567401476883	23	0	1.1	105.63282700449692	15.592381235171962		dr
131.72777783112656	109.77314819260546 	21.954629638521098	136.38336223331092	133.76929627126947	132.37973927721055	3.7603455939928097	-7.836803600780684	0	5	182.95524698767576	23	0	1.1	105.87444691955831	15.651290942610379		dr
132.29364280956162	110.24470234130133 	22.048940468260284	136.28714242128416	134.98467272135002	132.379733669651	0.034089096520347084	-4.139680276032152	0	5	183.74117056883557	23	0	1.1	106.1168248635033	15.709984974955791		dr
133.06227737120975	110.88523114267475 	22.17704622853499	140.26255839839433	134.94125946571782	132.28060965640753	4.04055626023947	-7.981948056042739	0	5	184.80871857112464	23	0	1.1	106.36178352266425	15.768776440897419		dr
125.84236956938481	104.86864130782067 	20.973728261564148	132.2475550652763	128.25141535567033	124.23255172451064	8.049089221821703	-4.041587552713452	0	5	174.7810688463678	23	0	1.1	106.53728429785994	15.815667898741264		dr
131.50615701688778	109.58846418073979 	21.917692836147992	136.28713640100764	133.63813392191898	132.2475550627271	0.13627653144422425	-4.007501669108251	0	5	182.64744030123302	23	0	1.1	106.76022066142268	15.870150264253825		dr
128.31502428685943	106.92918690571618 	21.385837381143247	132.2806042030129	129.67775188622602	128.37632431419726	4.006402249442786	-4.10859255110914	0	5	178.21531150952697	23	0	1.1	106.95097113598408	15.918961654668777		dr
122.64343057700246	102.20285881416874 	20.440571762833727	132.28060216369707	125.59151814692218	120.26140055255883	8.048050439186426	-12.019201611138243	0	5	170.33809802361452	23	0	1.1	107.08862428897545	15.958624901231627		dr
110.87421283045725	95.03503956896337 	15.839173261493883	112.21004671973515	112.21004671973515	112.21004671973515	4.007501669108237	-4.007501669108237	0	6	184.79035471742876	23	0	1.1	107.12154245020572	15.957586191320864		dr
110.93956873150968	95.09105891272257 	15.848509818787107	112.36573471999723	112.31383643485292	112.21004672228436	3.967118716611438	-3.9671183657423654	0	6	184.8992812191828	23	0	1.1	107.15445646987214	15.956645877764538		dr
113.58480553427236	97.35840474366202 	16.22640079061034	120.2250500579516	114.94658487821728	112.24898584035756	7.9760635087484815	-8.015003335667245	0	6	189.30800922378728	23	0	1.1	107.20941671828582	15.95895147531023		dr
104.91273964859568	89.92520541308201 	14.987534235513664	112.21004671973515	109.56529748581077	104.30238893020088	8.05538165042843	-12.022505004775454	0	6	174.85456608099278	23	0	1.1	107.18995335328844	15.950719125820429		dr
106.88741657516333	91.61778563585428 	15.269630939309053	112.21004671973515	109.55183759270649	106.21975852494009	4.007501669108237	-4.005949718218233	0	6	178.14569429193887	23	0	1.1	107.18741102742186	15.944995695681678		dr
110.22699972745276	94.48028548067381 	15.74671424677895	120.2250500579516	114.88171449829088	110.2264822696627	8.015003340765688	-15.98808099163196	0	6	183.71166621242128	23	0	1.1	107.21274093325545	15.943343350274155		dr
103.11042800437158	90.22162450382513 	12.888803500546459	112.36568741204488	108.26839979087289	104.1950433840679	12.022505004775468	-8.128720502098005	0	7	200.4924988973892	23	0	1.1	107.17883752062004	15.91809921928467		dr
108.65218627179114	91.55629769073266 	17.095888581058475	115.32055699371146	112.51838643388577	110.0671757913172	6.372612753680301	-6.631963870036941	0	6	181.0869771196519	23	0	1.1	107.190914149728	15.92775323044675		dr
108.1095487443087	92.66532749512173 	15.444221249186967	119.59758809618802	112.55765550925048	107.21142245312942	4.917788941360726	-10.03758737272453	0	6	180.1825812405145	23	0	1.1	107.19838272366768	15.923822076127564		dr
91.5687472856608	80.12265387495317 	11.446093410707633	102.28166255557535	100.65216897813421	95.12208090902341	0	-11.678237800630072	0	7	178.05034194434043	23	0	1.1	107.07233727658698	15.887711361083856		dr
68.53935376881864	62.30850342619876 	6.230850342619881	73.27587128640297	72.35319698348032	69.06157225587185	6.900008463584626	-5.515978214311559	0	10	190.387093802274	23	0	1.1	106.76407340852482	15.810456472936144		dr
82.5171982547081	73.34862067085164 	9.168577583856461	96.58788355465735	87.38078638685833	80.70358875406544	13.810661867220105	-3.8739689201721603	0	8	183.37155167712913	23	0	1.1	106.57163789143105	15.757743148419639		dr
103.10014137883088	90.21262370647705 	12.887517672353837	108.36388594522768	106.92049145997417	104.19504338151869	16.00199915133095	-8.176344230267986	0	7	200.4724971255045	23	0	1.1	106.5443032732216	15.735142947820696		dr
110.21933350131971	94.4737144297026 	15.745619071617114	120.2613699271541	116.22965501191088	106.21974712861297	16.0244207205551	-16.066326543086205	0	6	183.69888916886617	23	0	1.1	106.57301444687862	15.735224792537855		dr
107.38580646890905	89.48817205742421 	17.897634411484844	112.55976685738587	110.61714899606636	109.64583387751276	8.763304283571443	-11.677224887656863	0	5	149.14695342904034	23	0	1.1	106.57931516022768	15.75198765780101		dr
100.54587611743716	87.97764160275753 	12.56823451467963	107.1744396239682	103.72542683528371	100.04424293019567	10.086007309330839	-14.291179847512694	0	7	195.50587022835003	23	0	1.1	106.53290409066776	15.727497249007769		dr
102.42995134720769	89.62620742880674 	12.803743918400954	105.08979486212453	104.91481085347034	102.36051127797276	2.5190172650961813	-7.534258330415952	0	7	199.16934984179272	23	0	1.1	106.50158384071769	15.705178521293215		dr
109.61877087102522	93.95894646087875 	15.65982441014647	115.07736386407711	112.43202661446422	107.96545103750387	7.1121048297295175	-8.057907212032148	0	6	182.6979514517087	23	0	1.1	106.52519889397759	15.704834929542102		dr
112.5020499240725	96.43032850634786 	16.071721417724632	120.27122337831968	116.1311311470439	111.88938555150975	11.54016140484076	-6.2098909419806745	0	6	187.50341654012084	23	0	1.1	106.57013762352717	15.707593474566034		dr
122.72143722292901	102.26786435244087 	20.453572870488145	127.60982419048189	126.33603645717386	123.78867104707082	8.634815507088078	-4.3434498439299745	0	5	170.4464405874014	23	0	1.1	106.69066971008988	15.74301123125202		dr
129.97248842144276	108.31040701786897 	21.662081403573794	134.93003489134475	131.5086834119521	129.2449072795797	5.68512761176504	-2.516091495636772	0	5	180.5173450297816	23	0	1.1	106.86312762647026	15.786856195491438		dr
129.47326492669362	107.89438743891138 	21.578877487782236	133.91362132896975	131.77247156138503	129.31922560186055	9.105237292213445	-4.844041840768057	0	5	179.82397906485227	23	0	1.1	107.02937863603073	15.829444587346519		dr
128.04533528843723	106.7044460736977 	21.340889214739533	130.1235656569881	129.3587969286352	128.63385903290478	0.8045995609753334	-5.11723172605393	0	5	177.84074345616284	23	0	1.1	107.18277977947895	15.869674110174206		dr
128.4431794342286	107.03598286185718 	21.40719657237142	133.2143666474976	130.94589198878805	128.07034355358417	5.144023093913432	-6.863993423552017	0	5	178.39330476976195	23	0	1.1	107.33684064654236	15.909801084537953		dr
129.65810586119053	108.04842155099209 	21.609684310198446	133.93536083683566	131.83653387971165	130.5721921103464	11.726563178230407	-2.9333121448827626	0	5	180.08070258498682	23	0	1.1	107.49742528837436	15.950807438679398		dr
128.75166216073154	107.2930518006096 	21.458610360121938	136.86898515323406	132.81127170150822	127.62982796556847	12.696960138359216	-12.782531301464218	0	5	178.82175300101602	23	0	1.1	107.64924126603405	15.990148888118272		dr
131.5689192360762	109.64076603006352 	21.92815320601268	136.45751827859007	135.2779196982203	133.21332671861583	8.516484425274555	-14.415737767232102	0	5	182.73461005010583	23	0	1.1	107.81888437220458	16.03226239391894		dr
129.22537292579713	107.6878107714976 	21.537562154299536	136.86855346277332	133.4482885279323	130.26349475747966	8.84752195619403	-8.846791119640983	0	5	179.47968461916267	23	0	1.1	107.96963429159607	16.07103211054134		dr
131.11878497114722	109.26565414262267 	21.853130828524556	136.8681001791848	132.56739745202023	130.26318351381795	6.604916665366858	-6.297191516126873	0	5	182.10942357103778	23	0	1.1	108.13151646418035	16.111466367310452		dr
127.33874457566027	106.1156204797169 	21.223124095943376	127.62855369246633	127.41861780597833	127.3136295919235	0.31492410054282516	-0.3150254905475691	0	5	176.85936746619484	23	0	1.1	108.2648999927323	16.14696399042596		dr
129.84392370818372	108.20326975681974 	21.640653951363987	131.0002742583685	130.61104786714293	130.26256101289184	3.446352903789588	-3.1385640867322167	0	5	180.33878292803294	23	0	1.1	108.4137208459423	16.184851507397944		dr
130.32252414550805	108.60210345459005 	21.720420690918004	133.51278536712522	132.32884586550594	130.26220826291907	5.898542952354944	-6.199703250221205	0	5	181.00350575765006	23	0	1.1	108.56378114251467	16.222766364819318		dr
128.15338634619445	106.7944886218287 	21.358897724365747	133.51234068021583	129.58923619731172	127.62762327776215	5.88459604625865	-5.884717402453674	0	5	177.9908143697145	23	0	1.1	108.69704376294786	16.25770603393188		dr
129.88235045764267	108.23529204803555 	21.647058409607126	133.21088603896808	131.490585377016	130.2616687645102	3.3717600937146415	-2.6342275306551244	0	5	180.39215341339258	23	0	1.1	108.8401877271012	16.294120577010766		dr
127.49865405855543	106.24887838212952 	21.249775676425912	130.56919047062982	130.46654499622966	130.26137825864794	11.794840333685372	-2.94209309150429	0	5	177.08146397021585	23	0	1.1	108.96541233335257	16.327380007208184		dr
129.8802256517968	108.23352137649732 	21.64670427529947	130.99860295983868	130.60945438674287	130.26088025280805	3.2569536048106897	-0.7377227070306276	0	5	180.3892022941622	23	0	1.1	109.10484442214221	16.362842168995456		dr
129.29108447491734	107.74257039576446 	21.54851407915288	133.51117601671115	131.549389988172	130.5684659236674	6.3889060668614235	-5.883483463446396	0	5	179.5709506596074	23	0	1.1	109.23852813110099	16.39718436707597		dr
128.85124565323292	107.37603804436078 	21.47520760887214	136.86525097580343	131.47885422663745	127.31107471200067	12.180347524754225	-11.730488840600273	0	5	178.96006340726797	23	0	1.1	109.36755916743081	16.430592414719367		dr
129.28943042383855	107.74119201986544 	21.548238403973116	130.99769508905482	130.60853700215173	130.2600917430771	0.7376033459777034	-3.257033340808789	0	5	179.56865336644242	23	0	1.1	109.49776747629623	16.4640410813158		dr
123.73331492083376	103.11109576736148 	20.622219153472287	124.361869432534	124.36182982651964	124.36179021799934	0	-2.75471390409254	0	5	171.8518262789358	23	0	1.1	109.59020609606597	16.491042237628502		dr
127.32055243682375	106.10046036401975 	21.220092072803993	130.56743084474917	129.4224532848765	127.62549945656671	5.906708553965402	-6.399709845400977	0	5	176.83410060669962	23	0	1.1	109.70459542729667	16.521552236565118		dr
126.13077530002394	105.10897941668661 	21.021795883337333	127.62529718520206	127.28903187058121	127.12088906142554	3.522333365459673	-2.437071992791914	0	5	175.18163236114435	23	0	1.1	109.80989145212185	16.550399952249556		dr
123.74853453276523	103.12377877730438 	20.624755755460853	127.31002030239124	126.26398016443768	124.3612951293822	8.507090150807386	-6.162218283461925	0	5	171.8729646288406	23	0	1.1	109.8986726182406	16.576351263098033		dr
118.89211365371855	99.0767613780988 	19.81535227561976	121.21390227890204	120.29737230288066	118.46433171271188	5.906226235942398	-2.953099274031544	0	5	165.12793563016467	23	0	1.1	109.95559313112336	16.5968512695064		dr
115.29506006050103	98.82433719471517 	16.47072286578586	121.14755017215548	119.26814800315428	115.27364625147789	8.792970647715848	-5.9096356534267045	0	6	192.1584334341684	23	0	1.1	109.9891746841383	16.59605800910564		dr
124.75723856725394	103.96436547271162 	20.792873094542315	128.62777815451776	126.79291009262282	123.57394266386707	8.01382960556009	-4.603066795616584	0	5	173.27394245451933	23	0	1.1	110.08147508340778	16.622288103389618		dr
126.5676625903499	105.47305215862491 	21.094610431724988	130.83475588865016	128.1947527650992	126.14680301623673	5.96367134194459	-4.219729280664367	0	5	175.78842026437485	23	0	1.1	110.18387376357512	16.650066502944497		dr
130.17200989295392	108.47667491079494 	21.695334982158982	134.59677163273426	132.27331791849076	130.34624674063875	7.005170599744645	-4.2505248920955125	0	5	180.79445818465823	23	0	1.1	110.30725731992932	16.68121013553224		dr
133.32629907084743	111.10524922570615 	22.22104984514128	136.19977343224463	134.98606441015636	133.51298914144834	4.408660082844563	-2.6867842907962824	0	5	185.17541537617694	23	0	1.1	110.44847843496562	16.715196882216958		dr
133.13568178058955	110.94640148382462 	22.189280296764935	137.32890003014595	134.48289814485167	132.6058560445858	4.723043985560139	-3.814961670322674	0	5	184.9106691397077	23	0	1.1	110.58681504073162	16.748575439622737		dr
133.11432339655042	110.92860283045866 	22.18572056609176	137.9015302673899	134.83946193772712	133.10108908647584	4.800441180914049	-8.729256380884067	0	5	184.88100471743113	23	0	1.1	110.72334539440327	16.78152783432861		dr
127.45283443319931	106.21069536099942 	21.24213907219989	130.35127010537673	129.48410925948247	128.92727927415993	7.543608141337145	-9.717151982270693	0	5	177.01782560166572	23	0	1.1	110.82412544885385	16.80839898636398		dr
127.21935581742906	106.01612984785754 	21.20322596957152	130.42286514241744	129.26149835779452	128.18738462255027	4.267367711639778	-7.017458725431851	0	5	176.69354974642926	23	0	1.1	110.922300481001	16.834715315604743		dr
122.09413441693127	101.7451120141094 	20.349022402821873	130.02420815187054	124.48440600767204	120.6244492085262	11.210579681154087	-11.820382560946825	0	5	169.5751866901823	23	0	1.1	110.9887994925244	16.85563381017151		dr
126.05658345998447	100.33478550570192 	25.72179795428255	130.08594110132887	126.8162782193704	125.18144677839119	7.38389690101441	-8.332037315959212	0	5	175.0785881388673	23	0	1.1	111.07795797753894	16.90809631989998		dr
124.15331451331258	103.46109542776048 	20.692219085552097	127.1321184456629	127.08999259902471	127.06892967382588	8.797350335484523	-5.907103014515499	0	5	172.43515904626747	23	0	1.1	111.15487183951409	16.930355865580285		dr
125.4374230083255	104.53118584027125 	20.906237168054247	127.13203722470475	126.21211291888744	124.37232522309237	2.759712001612371	-2.759771406552602	0	5	174.21864306711876	23	0	1.1	111.23839553055977	16.95360663343101		dr
126.5036211931598	105.41968432763315 	21.083936865526653	130.02385475966105	129.05987480872395	127.13193569466246	2.8918982771858595	-5.910174268530184	0	5	175.6994738793886	23	0	1.1	111.32714684255163	16.977620181292032		dr
125.30925553371806	104.42437961143172 	20.88487592228634	130.02381318403167	128.05375540948867	127.06872652033742	2.955086663694246	-5.842268280680301	0	5	174.04063268571952	23	0	1.1	111.40796828007282	17.000205474592576		dr
123.54845978974416	102.95704982478681 	20.59140996495735	127.06870620496727	125.1417569965384	124.17827247607036	5.974844673584826	-8.865258569974486	0	5	171.59508304131134	23	0	1.1	111.47774121978358	17.02084458085904		dr
127.37911786249934	106.14926488541612 	21.229852977083226	131.00805266231393	128.55008503636978	127.32103026232976	3.8762591046927355	-3.6870223999841727	0	5	176.9154414756935	23	0	1.1	111.56860622917053	17.044896057408895		dr
127.9498920097594	106.62491000813286 	21.324982001626537	133.01494628198554	130.1750373946131	128.1868082483342	10.211092722020396	-6.5195040935544455	0	5	177.70818334688806	23	0	1.1	111.66168171656022	17.069214727546495		dr
119.51231278624192	102.4391252453502 	17.073187540891723	122.01576851715136	121.04158215610755	119.42584064486344	5.2367728999072085	-4.073916711820701	0	6	199.18718797706987	23	0	1.1	111.70603556441154	17.069237172819633		dr
117.16015955105878	100.42299390090751 	16.73716565015127	128.9265329390342	122.46058759377057	117.18987054502898	9.698571379686825	-22.178113220319474	0	6	195.26693258509798	23	0	1.1	111.73667671040394	17.067371602467563		dr
114.42652889886881	98.0798819133161 	16.34664698555271	119.22677792520808	117.41447027469341	114.40364777825889	5.596669589438335	-4.209337342354402	0	6	190.71088149811467	23	0	1.1	111.75170381760206	17.06334520795966		dr
109.05114252462376	93.47240787824892 	15.57873464637484	113.67694906012642	111.84523253147347	108.90538115848517	2.7942325442402165	-4.144691065099522	0	6	181.75190420770625	23	0	1.1	111.73670069930773	17.05509737150641		dr
117.61825735656568	98.16489793396904 	19.453359422596634	124.17220352250507	120.88001252979096	116.7201565355799	4.432411006131034	-2.4245259912171946	0	6	196.03042892760948	23	0	1.1	111.76919548746939	17.06834743808702		dr
124.38535323919356	103.65446103266133 	20.730892206532232	131.87994292400327	127.7179915241414	121.2950538621134	8.867919145932646	-14.218209940834399	0	5	172.75743505443552	23	0	1.1	111.83851503555579	17.088471310441115		dr
113.81789284079755	97.55819386354075 	16.259698977256804	117.33570037278326	116.11962463679966	113.30308699565695	5.519726247661424	-6.573451098045595	0	6	189.69648806799592	23	0	1.1	111.84933130771557	17.083942499877267		dr
116.64724499946078	99.98335285668068 	16.6638921427801	122.23666828458522	120.60332728197379	115.79456662708027	10.430495643751556	-7.9843961800654455	0	6	194.4120749991013	23	0	1.1	111.8754069256055	17.08165961750174		dr
115.18078951580769	98.72639101354946 	16.45439850225823	118.95960050540945	117.4235860423676	115.42653431342094	4.706702750357664	-4.657422940952472	0	6	191.96798252634613	23	0	1.1	111.89327385852552	17.0782690168788		dr
107.47084686802987	92.1178687440256 	15.352978124004267	112.5078957888475	108.85056063529498	106.55655486678981	0.9305201173480953	-6.416924394803928	0	6	179.1180781133831	23	0	1.1	111.86949736932931	17.068993259390226		dr
72.47808021784417	65.23027219605974 	7.247808021784422	88.73977047193104	87.65399375470923	71.40968775221178	1.1759675529080482	-16.249981471198865	0	9	181.1952005446104	23	0	1.1	111.65884807974916	17.016473552237255		dr
44.10836448033592	41.51375480502204 	2.594609675313883	59.751878354006685	56.18245601319517	42.846342863086775	19.67686167057203	-13.598443892404482	0	16	196.03717546815966	23	0	1.1	111.29953699677357	16.939761510338723		dr
62.44692950550671	57.24301871338118 	5.2039107921255265	76.14253170031029	70.79919614404852	64.12002669808403	12.004385624323163	-8.015003333118031	0	11	190.8100623779372	23	0	1.1	111.04105759205787	16.87766706209421		dr
79.73460995948379	71.76114896353542 	7.973460995948372	100.23111510898197	92.20435207000632	76.1998541391285	28.09608507523069	-24.088583406122453	0	9	199.33652489870948	23	0	1.1	110.87628681504431	16.83080281964081		dr
84.28173400392609	74.91709689237874 	9.364637111547353	92.21989417256194	88.26641454942029	84.36480016361602	8.164950050505766	-8.164952700854087	0	8	187.29274223094686	23	0	1.1	110.73704831865102	16.791712946823566		dr
80.19156171045599	71.281388187072 	8.910173523383989	84.15753504107597	82.89423253040945	80.15003337196775	3.950185742264125	-7.957686691714031	0	8	178.20347046767998	23	0	1.1	110.57795724256668	16.750663262326487		dr
17.105205968544283	35.244516343132034 	-18.13931037458775	72.19552536902539	72.15519514635905	32.06001335031662	4.0075016665590155	-22.38532052470683	1	39	185.30639799256306	23	0	1.1	110.09364246912614	16.569886196850245		dr
55.29945484188694	51.34949378175217 	3.9499610601347683	68.12752836464304	65.50122278972877	56.10502335986757	11.92358741520178	-12.022505004775468	0	13	199.69247581792507	23	0	1.1	109.81119820300634	16.504835036351714		dr
68.56074398315171	62.32794907559246 	6.232794907559253	72.1955179043342	72.15519265727892	68.19157056515076	7.946963508862865	-4.071543699326398	0	10	190.4465110643103	23	0	1.1	109.5996574121353	16.45215790748611		dr
78.40043816087294	70.56039434478565 	7.840043816087288	84.15753504107597	81.50401369886828	76.19983594259948	7.957699098476496	-8.015003340765688	0	9	196.00109540218236	23	0	1.1	109.44047772207783	16.408218549876935		dr
80.70376396106225	70.93547864388556 	9.76828531717669	84.36472516079444	82.92619170804693	80.20446959969853	4.160255561095909	-4.004911494940231	0	8	179.34169769124944	23	0	1.1	109.29460607862089	16.374513305040892		dr
83.16832592287493	73.92740082033328 	9.240925102541652	88.21452350975011	86.8629796188672	82.15378420524725	8.064490137782357	-8.064490137782357	0	8	184.81850205083316	23	0	1.1	109.16265516874338	16.338485081795948		dr
72.67630243896264	65.40867219506637 	7.267630243896264	84.20937588706455	82.85712491528916	76.19982408526526	4.279163084214666	-8.07902963912057	0	9	181.6907560974066	23	0	1.1	108.97930666256357	16.29290289668087		dr
30.720651491398915	33.229774116253935 	-2.5091226248550207	60.18507377356295	60.16089062665291	32.06001335031662	12.022505004775475	-18.169584787368134	0	23	196.2708289728264	23	0	1.1	108.58801338670776	16.198892769073193		dr
70.62300480797008	64.20273164360916 	6.420273164360921	88.36278052803873	80.29224413912523	70.25205938172634	12.251393485844218	-4.24906202906817	0	10	196.17501335547243	23	0	1.1	108.39913274701254	16.15024292029353		dr
74.8379723012465	67.35417507112184 	7.483797230124651	80.36748735322142	80.22251803238565	76.14253170285951	16.030006676432933	-16.030006676432933	0	9	187.09493075311622	23	0	1.1	108.23298838837015	16.107339723807545		dr
79.82000555528951	71.83800499976057 	7.982000555528941	84.36464698455308	82.98049665851266	80.15003337196775	8.009551496896464	-4.1676701299905545	0	9	199.55001388822376	23	0	1.1	108.09302295569486	16.067313422485977		dr
80.22122190831364	70.19356916977443 	10.027652738539203	84.20935977086934	81.53941775718691	80.20444588989753	3.778658091334009	-4.004912505837098	0	7	155.9857092661654	23	0	1.1	107.9563964799724	16.037707242662705		dr
85.73626992679723	76.21001771270865 	9.526252214088586	88.36274209967368	88.26391564175282	84.28699351746448	4.005147210974826	-3.9981111355892693	0	8	190.5250442817716	23	0	1.1	107.8480056187374	16.00594404740137		dr
84.66465700981463	71.56606365931414 	13.098593350500494	88.17740547907509	88.1732823903177	84.15753503980136	8.027371612275289	-12.022505007324682	0	8	188.1436822440325	23	0	1.1	107.73546509150962	15.991830694503793		dr
81.2787794007135	72.24780391174534 	9.030975488968167	92.21984905312745	88.2663162485223	80.17723511210568	16.020052984350855	-4.160166504016544	0	8	180.61950977936334	23	0	1.1	107.60765501570867	15.958203374670287		dr
82.95324314437038	72.64262552372026 	10.31061762065012	84.9827096155035	84.57063129488321	84.20934738263509	4.615299330677544	-3.997177714750592	0	8	184.34054032082307	23	0	1.1	107.48912418940417	15.931051520083653		dr
85.85404989286788	76.31471101588255 	9.539338876985326	92.59741798566161	89.774267608353	86.3938499850507	8.439882944585634	-8.422874593833242	0	8	190.78677753970638	23	0	1.1	107.38560708750686	15.900469162939642		dr
83.91378713021541	74.59003300463593 	9.323754125579484	88.6091166603115	85.95146883697676	84.36456638207417	4.059305691938803	-4.255253278328425	0	8	186.4750825115898	23	0	1.1	107.27383651628166	15.869151472285544		dr
82.7676635294195	73.57125647059512 	9.196407058824377	88.21448636438515	85.59612447089194	82.28835565175072	8.010061208575706	-8.010061939623114	0	8	183.92814117648777	23	0	1.1	107.15769351634393	15.837527091179092		dr
88.30709031921575	78.49519139485841 	9.811898924357337	88.36265873038381	88.36265734066087	88.36265247408099	0.14817049695712114	-0.14817327835386607	0	8	196.2379784871461	23	0	1.1	107.06877557673482	15.809104316807291		dr
88.27834309339748	77.24355020672279 	11.034792886674694	92.36157260712814	90.97920744000385	88.21447911238252	7.847134741590892	-7.847135406519314	0	7	171.65233379271731	23	0	1.1	106.9805575838553	15.786689709154086		dr
86.79566328186142	77.15170069498792 	9.6439625868735	92.21982894597251	89.598979463278	86.41849496579596	8.010501756875954	-8.062293907445763	0	8	192.87925173746981	23	0	1.1	106.88623564786467	15.757985376806978		dr
83.17510965070191	73.93343080062391 	9.241678850078003	92.17253837929243	88.19877811992735	82.18097220334292	16.030006678982147	-8.064439617254507	0	8	184.8335770015598	23	0	1.1	106.77595134090113	15.727676974357077		dr
79.37505038245236	71.43754534420712 	7.937505038245234	84.20931969418471	81.7382380513564	80.15003337196775	7.838116785151783	-4.224775102472776	0	9	198.4376259561309	23	0	1.1	106.64909531794535	15.691611363541744		dr
80.69129218371661	72.62216296534494 	8.069129218371671	88.60891612227533	88.3953234039408	84.15753504107597	20.17110318684533	-16.473886088524054	0	9	201.72823045929152	23	0	1.1	106.52947410534522	15.656484717711466		dr
74.83848987722988	67.35464088950688 	7.483848987722993	80.15003337196775	77.51651681250426	76.19975667428652	12.079730321828876	-12.022505007324682	0	9	187.09622469307467	23	0	1.1	106.3841026180603	15.618995562986749		dr
73.93397533390363	66.54057780051326 	7.39339753339037	84.20931022577678	81.53936760246683	72.13503003375128	12.076868259508927	-8.06936658785149	0	9	184.83493833475904	23	0	1.1	106.23592852087236	15.581435754632427		dr
82.76784564256081	73.57141834894296 	9.196427293617859	96.18004004585144	92.2519941810563	82.39774511066236	12.157090932751103	-20.022984917967648	0	8	183.92854587235738	23	0	1.1	106.12925541688004	15.552412988900542		dr
78.89822253886103	71.00840028497494 	7.889822253886095	92.59710936686604	85.70729490079596	76.19974701442077	8.439574325790062	-12.229869072420172	0	9	197.24555634715256	23	0	1.1	106.00603807354058	15.517740632633508		dr
78.50515970565709	70.6546437350914 	7.850515970565695	88.16503670763497	85.57958359460086	80.15003336941852	12.932791101557072	-24.045010009550936	0	9	196.26289926414273	23	0	1.1	105.88216024305461	15.483203584606175		dr
87.17524575052552	77.48910733380046 	9.686138416725058	92.2198031296228	90.86892971160485	88.16503670763497	8.015003335667231	-8.06226808854683	0	8	193.72276833450115	23	0	1.1	105.79827273411951	15.457207776678457		dr
84.25083675080623	74.88963266738331 	9.361204083422919	96.18004004585144	90.8367044878902	84.28684105607158	16.03000667388369	-8.015003338216474	0	8	187.2240816684583	23	0	1.1	105.70207882347971	15.429993474476422		dr
83.20224170619056	73.9575481832805 	9.244693522910069	92.17253837929243	88.19875757866191	84.15753503852676	20.037508345541156	-8.01500333821646	0	8	184.89387045820123	23	0	1.1	105.60207954740287	15.402503252469462		dr
70.04713440796256	69.96388739078891 	0.08324701717364746	88.16503670763497	86.82920281793223	78.1748819754919	15.969633453620048	-15.969633453620048	0	53	1031.2494787838932	23	0	1.1	105.44475678129915	15.334718932844257		dr
23.26344734864211	32.08285154232094 	-8.819404193678828	59.788057845271084	58.606650709881734	42.70583653294854	7.680512796885232	-48.527760433611135	1	29	187.3999925307281	23	0	1.1	105.08272458115529	15.228313104093054		dr
73.17787212162514	66.52533829238648 	6.6525338292386635	80.64262580901716	77.19289370804177	72.61285820936067	4.741796696611743	-4.736869570757634	0	10	203.27186700451426	23	0	1.1	104.9427910177363	15.190700037098077		dr
93.02223253161573	81.39445346516378 	11.62777906645195	98.37373872827636	96.76814178444653	94.45933507886578	10.1260427797408	-4.595323502000269	0	7	180.87656325591948	23	0	1.1	104.89073617718556	15.175141430239362		dr
93.10895662324849	81.47033704534242 	11.63861957790607	100.57798477583505	95.67760372587547	92.21977172144237	7.981197896910189	-12.41294806820008	0	7	181.04519343409427	23	0	1.1	104.83951104869017	15.159765248272695		dr
86.56741266646	76.94881125907555 	9.618601407384446	92.92537966642665	91.31865824321584	86.3279679776937	15.209437311771623	-9.130750732418548	0	8	192.3720281476889	23	0	1.1	104.76041105569351	15.135777526017769		dr
86.7591081197396	77.11920721754632 	9.639900902193276	98.37342989026435	93.31239724374136	84.5953068838822	8.015003335667231	-13.392075284779295	0	8	192.79801804386577	23	0	1.1	104.6828192326937	15.112088402639214		dr
51.065932063243565	47.418365487297585 	3.64756657594598	80.15003337196775	74.82932091982889	52.43075007490171	15.813882816731489	-23.263467806547766	0	13	184.40475467282397	23	0	1.1	104.45270383711666	15.062884446301474		dr
32.452995451933404	35.25133267531808 	-2.798337223384678	60.1125250289758	57.466706130873824	40.12434408584767	16.128661478709734	-8.092549982126975	0	22	198.32386109514857	23	0	1.1	104.14501277564153	14.986554439166063		dr
61.24497123960192	56.14122363630175 	5.103747603300164	72.13503003630049	69.48598238932072	60.40152537678895	8.015003343314888	-8.015003335667245	0	11	187.13741212100587	23	0	1.1	103.96245940740306	14.944499941992166		dr
76.29437333218844	68.66493599896958 	7.62943733321886	80.20432824834836	77.87568138353195	76.1996824743564	4.004645773991967	-3.8334529300425544	0	9	190.73593333047108	23	0	1.1	103.84522175454198	14.91350391398889		dr
77.27923876378337	69.55131488740503 	7.727923876378341	84.36418134691303	80.38984800644062	76.3708711513226	7.993311585626998	-7.708852043922718	0	9	193.19809690945843	23	0	1.1	103.7331289993067	14.88318501087661		dr
77.98636114210122	70.18772502789109 	7.798636114210126	84.20923999641019	81.67402001973488	76.14253170540871	8.015003330568817	-8.066708291001476	0	9	194.96590285525303	23	0	1.1	103.6249493024277	14.853417998705742		dr
75.30379657761522	67.77341691985367 	7.530379657761543	80.15003337196775	78.89030231745751	76.14253170285951	7.954689406867672	-7.954691974522916	0	9	188.25949144403802	23	0	1.1	103.50645075546196	14.822777670919365		dr
77.1602591828382	69.44423326455437 	7.716025918283833	84.15753503852675	81.63047188780871	76.19966949618694	7.8283549990523085	-11.962195113779458	0	9	192.9006479570955	23	0	1.1	103.3966749572427	14.793166205283383		dr
72.72080804124334	65.44872723711902 	7.272080804124329	84.62167161768478	80.45313847976284	76.1996652467285	4.167264203610841	-12.022505004775475	0	9	181.80202010310836	23	0	1.1	103.26938920240451	14.76195838204206		dr
33.028953008725935	32.889858527332926 	0.13909448139300906	54.145456591497954	51.55534834107804	33.26341192643642	7.993157040029651	-8.459136690864707	0	21	192.66889255090126	23	0	1.1	102.979139466067	14.70153332460136		dr
60.897764517129815	55.82295080736901 	5.074813709760804	73.118262272529	70.67481051833244	63.56062637891327	13.53600914579156	-4.764773478103237	0	11	186.07650269123	23	0	1.1	102.80596508356108	14.661917194499136		dr
73.00621060749901	65.70558954674911 	7.300621060749904	84.62545838778391	79.10780286786452	73.24299853788523	11.844634534935096	-11.685752643937121	0	9	182.51552651874755	23	0	1.1	102.68383494226573	14.631747948049345		dr
74.55039858820619	67.09535872938558 	7.455039858820612	83.25148665240525	80.38473139068206	73.31783296009178	9.933795110375542	-12.953258229403744	0	9	186.37599647051547	23	0	1.1	102.56900458980019	14.602455261970862		dr
61.651870136272926	56.51421429158352 	5.137655844689405	72.31124384430599	70.42365862541835	66.52305611293443	8.117938392659795	-14.012256760559403	0	11	188.3807143052784	23	0	1.1	102.40267477494845	14.56398046759167		dr
40.74978226835791	38.485905475671366 	2.2638767926865455	64.89498527498174	56.69613467105597	40.07501668853308	11.799088230104104	-16.03000667643292	0	17	192.4295273783568	23	0	1.1	102.15306792269504	14.514182477005008		dr
77.78690153388054	70.0082113804925 	7.778690153388041	88.58377908984617	85.73082458329016	76.79868585253799	11.782899905478786	-5.890848205584135	0	9	194.46725383470135	23	0	1.1	102.0548172517724	14.487023233764617		dr
91.51277039590852	80.07367409641995 	11.439096299488568	100.61184519561715	96.52237478651877	88.49303390809513	12.118811287522021	-8.931764774140603	0	7	177.94149799204433	23	0	1.1	102.01247971419865	14.474782563345839		dr
89.27429344977962	79.35492751091522 	9.919365938864402	94.47747315717028	92.51280556944009	88.53830713739544	8.93431688961536	-5.987308176444927	0	8	198.38731877728804	23	0	1.1	101.96152696914098	14.456560896847911		dr
90.2291551461203	78.95051075285528 	11.278644393265026	94.47744288657931	93.49508709536342	91.44262557739687	3.0347870386914764	-8.934325000637713	0	7	175.4455794507895	23	0	1.1	101.91478445191778	14.443899874921287		dr
86.40667733863954	76.80593541212403 	9.60074192651551	91.53036180108872	90.638552416689	85.73035813350458	8.937049084901275	-8.839898047698426	0	8	192.01483853031007	23	0	1.1	101.85324434432542	14.424680994173645		dr
77.40487359106866	69.66438623196179 	7.740487359106879	88.5833959813064	82.69057576307273	76.79831705504563	11.785078926260766	-11.89978757651977	0	9	193.51218397767164	23	0	1.1	101.75661046783033	14.398261256485634		dr
73.48821327915859	66.13939195124274 	7.348821327915843	77.11127958430731	76.8328057263738	73.74381615092214	5.899505292970119	-9.148695747257776	0	9	183.72053319789646	23	0	1.1	101.64531756551273	14.370507555979453		dr
32.58304521115037	36.690509042114975 	-4.107463830964605	65.01816459795715	63.01456277407226	35.623123244582146	11.958870517158665	-14.929871659223725	0	21	190.0677637317105	23	0	1.1	101.37448512490738	14.298044923089476		dr
67.14152408283303	61.03774916621183 	6.103774916621198	76.69327335474894	73.89430772232417	67.90589548829311	6.3517441733419275	-3.330178861869996	0	10	186.5042335634251	23	0	1.1	101.24076262083678	14.26603605587671		dr
74.1776368946327	66.75987320516944 	7.417763689463257	77.11090003412781	76.86734928353286	73.85231362394607	6.008285894842928	-8.849221005363546	0	9	185.44409223658175	23	0	1.1	101.13545862968424	14.23938908168833		dr
83.08240863128245	73.8510298944733 	9.231378736809148	88.58282840786292	87.66398867650302	82.79377424747616	5.899475934316783	-8.748454258448831	0	8	184.62757473618322	23	0	1.1	101.06548556767493	14.219978188878722		dr
84.11475202730232	74.76866846871317 	9.346083558589143	88.58268650902856	86.5870138735004	82.68969810137257	3.0404227239105666	-5.9901692153821955	0	8	186.92167117178292	23	0	1.1	101.0000387200287	14.201160062893049		dr
91.13505775285383	79.74317553374709 	11.391882219106733	97.34107171927616	93.52499240560019	91.44167154372282	5.548852439252144	-2.9497318101961127	0	7	177.2070567416602	23	0	1.1	100.96209648553956	14.190355148109255		dr
96.78876844469066	84.69017238910433 	12.098596055586327	103.55105053506232	100.83130057576408	97.67045837449533	11.88136885013951	-8.849188339813011	0	7	188.2003830868985	23	0	1.1	100.94610672293094	14.18234074545591		dr
107.0818164312021	91.78441408388751 	15.297402347314588	110.92357011847095	109.87807312091957	107.44071757161302	7.314626598713616	-4.542699506215399	0	6	178.4696940520035	23	0	1.1	100.96952546227548	14.186596705768348		dr
114.65777232090812	98.2780905607784 	16.379681760129728	117.70461139732912	116.31458909178235	114.43259663717991	3.8147014063803226	-5.040480422262661	0	6	191.09628720151355	23	0	1.1	101.02157202827789	14.194935432210787		dr
111.49442893761751	95.5666533751007 	15.927775562516814	114.94244762902038	113.56523832640183	112.20078352610216	6.921137075372613	-5.393630598994477	0	6	185.82404822936252	23	0	1.1	101.06124194081326	14.201499220583157		dr
105.25402511906559	90.21773581634193 	15.03628930272366	109.27708967765749	108.23351395751477	105.51456349531412	9.313663716291884	-5.883303236171173	0	6	175.42337519844264	23	0	1.1	101.07706376412743	14.204649371836517		dr
109.29621134076837	93.68246686351573 	15.613744477252638	115.0853439278822	113.00069940026503	110.29197831255243	11.120081255407527	-7.774049453764562	0	6	182.16035223461392	23	0	1.1	101.10796281516743	14.209946721856879		dr
101.34287758229625	88.67501788450923 	12.667859697787023	105.28213300408053	103.86316969667205	102.57805875120116	5.5519282309612805	-6.1278579261554285	0	7	197.0555952989094	23	0	1.1	101.10884264575593	14.204171115025158		dr
104.60412640477026	87.17010533730854 	17.434021067461714	108.06579861846073	106.68425036608517	105.99339800352016	5.602618621164481	-2.1860092153754636	0	5	145.28350889551425	23	0	1.1	101.12188474933434	14.21622279395216		dr
111.25958445328814	95.3653581028184 	15.894226350469737	118.03582691193772	113.64465054876116	109.91435897641253	9.970858267337135	-5.31533001487378	0	6	185.43264075548024	23	0	1.1	101.15957136533417	14.222460725389027		dr
107.22736484544482	91.90916986752414 	15.318194977920683	113.19777933678031	110.78600804595372	108.52155889615406	8.521846197709394	-10.712885996571288	0	6	178.71227474240803	23	0	1.1	101.18204467451977	14.226519000398403		dr
106.65932627776827	91.42227966665851 	15.237046611109761	109.63989967963771	108.7638188829145	108.24545199155679	8.372987096466431	-6.9356324700048475	0	6	177.76554379628044	23	0	1.1	101.20225604574946	14.230247884570769		dr
112.46064261744442	95.01334403449185 	17.44729858295257	123.3337807715165	118.21774144216499	114.38154641206384	6.194848760173969	-9.69775491434838	0	6	187.43440436240738	23	0	1.1	101.24364717285128	14.242075276844233		dr
105.21788975228468	90.18676264481543 	15.031127107469246	111.02405955870032	108.17336773901086	106.11510382634978	9.602038106155817	-4.442878633954422	0	6	175.36314958714112	23	0	1.1	101.25820483797742	14.244965576590111		dr
118.75794958105581	101.79252821233354 	16.965421368722275	127.68456179118775	123.28887898479464	116.73463085281719	10.026753538229642	-3.1602948809496922	0	6	197.92991596842634	23	0	1.1	101.3220725195215	14.254894247364316		dr
121.61072879188382	101.3422739932365 	20.268454798647312	129.1739443424938	126.24248591490395	122.51774785554258	7.854607975811447	-14.510898007517724	0	5	168.9037899887275	23	0	1.1	101.395849451421	14.276761740278072		dr
125.13418534004876	104.27848778337398 	20.855697556674784	130.391773650739	128.37049446779312	127.0355767503385	10.491550365818455	-9.732553638795125	0	5	173.79747963895662	23	0	1.1	101.48185791478559	14.300598464250525		dr
122.22572225685784	101.85476854738151 	20.370953709476325	130.95717355691662	126.83667445510883	122.51746185585016	8.439711701066457	-3.921785604356927	0	5	169.7579475789692	23	0	1.1	101.55674551168838	14.322513104124987		dr
129.41029178694438	107.84190982245364 	21.56838196449074	131.5862993905385	131.1879995827066	130.39150080333292	3.356196563457047	-5.134042607522204	0	5	179.73651637075608	23	0	1.1	101.65693812418931	14.348577380601121		dr
129.14478724390838	107.62065603659032 	21.524131207318064	133.84848332247566	132.42380758532798	130.3913897500873	7.096174128511905	-10.514411774772242	0	5	179.36776006098384	23	0	1.1	101.75546088089081	14.374296211521253		dr
131.47315632041932	109.56096360034945 	21.912192720069868	140.26255840094353	134.9192228404331	132.24755506017786	11.886997047206023	-8.015003340765674	0	5	182.6016060005824	23	0	1.1	101.86159550746055	14.401217270480355		dr
129.94537002758327	108.28780835631939 	21.657561671263878	132.3789484740694	132.31326049996645	132.28041633742026	4.138895080450567	-7.831933229671151	0	5	180.47968059386565	23	0	1.1	101.96153776553929	14.42704056016286		dr
128.33727033289009	106.94772527740838 	21.389545055481705	136.25505672928608	132.2927187090285	128.37554433762162	11.986361547603039	-11.708054704496163	0	5	178.24620879568064	23	0	1.1	102.05506873209018	14.451730292415764		dr
132.3592806995448	110.299400582954 	22.059880116590804	136.2550567318353	135.09413767279767	132.77229955727165	7.981119643574004	-8.015003338216474	0	5	183.83233430492334	23	0	1.1	102.16215075317659	14.478614214055959		dr
133.8824351307384	111.56869594228198 	22.313739188456424	136.38256510943998	134.97235517692897	132.2475550627271	4.039390298441987	-4.1350100467128925	0	5	185.94782657046997	23	0	1.1	102.2738418953511	14.50620268227568		dr
127.51460645687384	106.26217204739483 	21.252434409479008	132.2804074175756	129.60942410754376	128.27393175862255	7.908028132994147	-4.006475658953036	0	5	177.1036200789914	23	0	1.1	102.36240598153186	14.529873670792183		dr
129.8834899828822	108.2362416524018 	21.647248330480394	132.28040569389364	130.96782229434857	128.375506126425	4.007501669108251	-3.9048995674686466	0	5	180.39373608733638	23	0	1.1	102.45863354797017	14.554759596175709		dr
126.69237420884396	105.57697850736996 	21.115395701474	132.28040335239254	129.64438944691526	124.37236198959488	7.908041362797661	-3.5363422057343996e-7	0	5	175.96163084561658	23	0	1.1	102.54307166873976	14.577618955427619		dr
129.89026045045932	108.2418837087161 	21.64837674174322	132.28040094480517	130.96781653240876	128.37549359224323	3.973628904275728	-0.10156709307500478	0	5	180.40313951452683	23	0	1.1	102.63802718534295	14.602170197741215		dr
129.06168410993587	107.55140342494656 	21.51028068498931	132.28040025853605	130.9336177405959	128.24005339106964	4.040346181112426	-4.040346867466411	0	5	179.25233904157759	23	0	1.1	102.72945852418238	14.626073694236883		dr
132.90299919128256	110.75249932606884 	22.150499865213717	144.7510075335215	136.50738552256158	129.88920754980865	19.647358827658522	-14.861799983712842	0	5	184.58749887678135	23	0	1.1	102.8335052161379	14.65201999137818		dr
129.7112680646734	108.09272338722785 	21.61854467744554	137.80826600870066	132.52882133622893	129.88909056742958	12.323314827546653	-12.323340875174424	0	5	180.15453897871305	23	0	1.1	102.9258686623528	14.675959938752982		dr
129.42740502646123	107.85617085538438 	21.571234171076853	134.88156653343646	134.2130914727259	133.4246342404701	12.366196539206285	-11.817703650040912	0	5	179.76028475897394	23	0	1.1	103.01662734853124	14.699573891603405		dr
129.62057739574107	108.01714782978424 	21.60342956595683	138.81288960805125	132.0783599437046	127.03263508219705	12.878968370437804	-12.879003698073205	0	5	180.02857971630704	23	0	1.1	103.10742581285619	14.723136538956147		dr
131.12753399436068	109.27294499530056 	21.854588999060113	137.80798142202931	133.0505794058499	130.3893357454181	6.8535603719270455	-8.354541353697897	0	5	182.12157499216758	23	0	1.1	103.20273230326947	14.747393179976909		dr
130.50941985746044	108.75784988121704 	21.751569976243402	133.8468700448594	132.38667166189165	129.8887390952033	3.97105201478621	-4.393516214033383	0	5	181.2630831353617	23	0	1.1	103.29529734582604	14.771136152167642		dr
130.63525664635756	108.86271387196462 	21.772542774392946	136.76399426240135	132.9963860550227	129.45330333279634	7.668542077950818	-4.349984840876758	0	5	181.43785645327438	23	0	1.1	103.38766207319271	14.794789552918402		dr
130.13060937414068	104.87647075274654 	25.254138621394134	145.02053108860568	133.27854710781187	127.407555117415	3.9977046875623614	-20.47381864830868	0	5	180.73695746408424	23	0	1.1	103.4777056667986	14.830006216448625		dr
129.04832400638762	107.54027000532301 	21.508054001064608	132.24755506017786	129.58717108241652	128.24005339616807	4.007501664009794	-3.9736502692741738	0	5	179.23378334220502	23	0	1.1	103.56351311089118	14.85241577277284		dr
126.65126217717031	105.54271848097527 	21.108543696195042	132.2475550627271	129.57588728332158	128.24005339361884	7.980061350088334	-7.978898070370732	0	5	175.90453080162544	23	0	1.1	103.64072966295231	14.873339277533448		dr
132.24755506221723	110.20629588518104 	22.041259177036196	136.2550567318353	133.5833889515801	132.24755506017786	4.007501664009794	-4.007501669108223	0	5	183.67715980863505	23	0	1.1	103.73608574761653	14.897232343865126		dr
129.8564122202489	108.21367685020739 	21.642735370041507	136.28691102154036	134.92984093785117	132.2475550627271	16.030006671334476	-7.980066832987816	0	5	180.356128083679	23	0	1.1	103.82286424088109	14.91964265292219		dr
128.25359077874302	106.87799231561917 	21.37559846312385	132.2475550627271	129.59844959186185	128.2738963269955	4.007501669108251	-4.041344602484855	0	5	178.12998719269862	23	0	1.1	103.90376068637069	14.941019990042063		dr
127.4674173992714	106.22284783272615 	21.244569566545252	136.2550567318353	130.91172117387407	128.24005339361884	8.015003338216474	-4.0075016716574225	0	5	177.03807972121027	23	0	1.1	103.98152853030766	14.961823784023922		dr
131.45282255008618	109.5440187917385 	21.908803758347688	132.2475550627271	132.24755506187736	132.24755506017786	3.973662558106099	-3.973662558106099	0	5	182.57336465289748	23	0	1.1	104.07189462905693	14.984675691834198		dr
131.6654363401717	109.72119695014311 	21.9442393900286	137.04902879184286	134.14202470910138	129.8876983366617	9.040863726292542	-7.596404490795294	0	5	182.86866158357182	23	0	1.1	104.16236525761796	15.007493933467625		dr
133.9825471659027	111.06646033627932 	22.91608682962338	137.49652097774023	135.67460047617155	133.88681952021267	6.505013275101987	-5.400947996860111	0	6	223.3042452765045	23	0	1.1	104.25981683248163	15.033339008291662		dr
127.31117082641939	106.0926423553495 	21.218528471069888	132.56849727140158	128.7641562568425	126.12806738635291	6.650179051444084	-1.7830002447408901	0	5	176.82107059224916	23	0	1.1	104.3349026761101	15.053486205238821		dr
129.58845544421666	107.99037953684723 	21.598075907369434	132.62647413244017	131.46736533102955	130.88763416177972	6.600324533493421	-6.6006780705824895	0	5	179.98396589474535	23	0	1.1	104.416894730552	15.07473487310288		dr
