_avgSpeed	_exSpeed	 DiffAvgExpSpeed	 Max Speed	AvgTop3Speed	_speedMedian	_maxAcceleration	_maxDecceleration	Num Of Stops(including end/start point)	duration	distance	stopDurationMedianSoFar(while moving)	ratio Of Short Stop(while moving)	ratio Of Instant Stop(in short stop)	Avg of AvgSpeed	Avg of DiffAvgExp	label
18.91035430656336	33.09183375173228 	-14.181479445168922	51.66721805113089	50.606853011131136	40.91908482023619	23.514292725230305	-12.022505007324689	0	40	210.115047850704	0	1.1	1.1	18.91035430656336	-14.181479445168922		dr
29.36811082395987	28.19338639100148 	1.1747244329583921	50.555151812057304	49.80961384722287	33.53587194858592	11.629230363116761	-12.329814223068333	0	24	195.7874054930658	0	1.1	1.1	24.139232565261615	-6.503377506105265		dr
48.21859681808641	45.00402369688064 	3.214573121205774	53.12491745378948	52.78443534590576	47.78051112673064	8.260187349894203	-5.796905711070984	0	14	187.51676540366938	0	1.1	1.1	32.16568731620321	-3.2640606303349187		dr
10.486943152923	20.16147413917976 	-9.674530986256759	50.561758933733195	49.185803442889956	16.165945751796983	29.807710787242574	-14.983385036717742	1	64	186.43454494085333	41	0	1.1	26.74600127538316	-4.866678219315379		dr
41.80070283284592	39.47844156435448 	2.322261268491438	51.036011778572956	48.63724524901419	41.50812923738562	6.382839009481991	-5.929734638600721	0	17	197.3922078217724	41	0	1.1	29.756941586875712	-3.4288903217540154		dr
27.434989304903155	26.418878589906736 	1.0161107149964188	45.189477457042756	41.03354251584113	28.67238109763721	10.192091761147521	-9.386072975726336	0	26	198.14158942430055	41	0	1.1	29.369949539880285	-2.688056815628943		dr
14.371430913469574	16.43750182464955 	-2.0660709111799775	32.60381244881951	31.157683766341908	16.301899549111646	17.622492580940563	-12.742915566061935	2	49	195.61114298889143	15	0.3333333333333333	0	27.227304021821613	-2.599201686421948		dr
14.678304641992263	14.881238752496195 	-0.20293411050393217	40.18455121779207	35.987146236053384	12.022505007324693	36.177049546134626	-24.154544543908365	1	47	191.63342171489896	9.5	0.5	0.5	25.658679099342944	-2.299668239432196		dr
4.496310567882319	2.9975403785882135 	1.4987701892941057	4.985119469205625	4.49631056788232	4.49631056788232	0.97761780264661	0	0	2	2.4979503154901774	9.5	0.5	0.5	23.30730481806954	-1.8776195251292735		dr
