_avgSpeed	_exSpeed	 DiffAvgExpSpeed	 Max Speed	AvgTop3Speed	_speedMedian	_maxAcceleration	_maxDecceleration	Num Of Stops(including end/start point)	duration	distance	stopDurationMedianSoFar(while moving)	ratio Of Short Stop(while moving)	ratio Of Instant Stop(in short stop)	Avg of AvgSpeed	Avg of DiffAvgExp	label
40.38645952179055	38.36713654570102 	2.0193229760895264	48.11229024529856	45.9863243392781	38.752778183910664	9.35952422270993	-5.930000964619325	0	19	213.1507585872279	0	1.1	1.1	40.38645952179055	2.0193229760895264		dr
44.84473161749578	42.20680622823132 	2.63792538926446	50.564007739807245	49.52595925214148	44.47495787542934	5.722221312557295	-8.23946835153967	0	16	199.30991829998123	0	1.1	1.1	42.61559556964316	2.328624182676993		dr
46.01351779281245	43.13767293076167 	2.8758448620507835	50.563904078066734	50.5108774819854	47.43984213422116	6.098946086013932	-8.894970397806503	0	15	191.72299080338522	0	1.1	1.1	43.74823631069959	2.51103107580159		dr
14.103528453297148	21.547218756179056 	-7.443690302881908	41.70286531588687	41.57420074274817	20.94658417122418	8.5116041649089	-14.69657158769596	1	48	188.04704604396196	22	0	1.1	36.33705934634898	0.022350731130715396		dr
14.755790883405258	18.42593215887536 	-3.670141275470101	52.18182640305288	44.14713319379331	20.03750834554115	16.114311386177242	-16.114311386177242	2	47	192.64504764445752	13	0.3333333333333333	0	32.020805653760235	-0.7161476701894479		dr
28.934799632490815	28.774499565777475 	0.16030006671334007	48.09002002420033	46.75418613449759	34.06376418232152	28.162054820913195	-24.15455315180497	0	25	200.936108558964	13	0.3333333333333333	0	31.506471316882	-0.5700730473723166		dr
39.527747111430244	37.331761160795224 	2.19598595063502	44.4796364974178	44.281299332746435	40.07501668598387	8.29043892144356	-8.412121480542162	0	17	186.65880580397615	13	0.3333333333333333	0	32.65236785896032	-0.17492176194269707		dr
18.793591707681212	18.299023504847494 	0.49456820283371883	40.184571079522776	38.775700927460754	13.405685657294118	12.022505007324689	-12.022505007324689	0	37	193.1563592178347	13	0.3333333333333333	0	30.92002084005043	-0.09123551634564508		dr
6.0796157993017115	6.790938560364705 	-0.7113227610629931	32.60394783962937	21.64530947705477	6.061026882975515	14.298223085897874	-20.581442832304678	0	61	103.01571215483456	10	0.6	0	28.159975835522793	-0.1601340990920171		dr
