_avgSpeed	_exSpeed	 DiffAvgExpSpeed	 Max Speed	AvgTop3Speed	_speedMedian	_maxAcceleration	_maxDecceleration	Num Of Stops(including end/start point)	duration	distance	stopDurationMedianSoFar(while moving)	ratio Of Short Stop(while moving)	ratio Of Instant Stop(in short stop)	Avg of AvgSpeed	Avg of DiffAvgExp	label
17.30372549402281	13.842980395218248 	3.460745098804562	20.897626629417307	19.07912889179053	18.16988002297714	8.059993042272284	-4.324736402242694	0	4	19.226361660025344	0	1.1	1.1	17.30372549402281	3.460745098804562		dr
1.7811118526537453	2.1640509006556483 	-0.38293904800190304	4.007501669108231	3.339584722982251	3.0056262499192608	0.24045009978960366	-3.2060013322275256	0	9	4.452779631634363	0	1.1	1.1	9.542418673338277	1.5389030254013294		dr
4.349917380290402	4.582376366772481 	-0.23245898648207852	14.320470096137347	6.806258769138496	3.0491531056390695	2.7972548838665126	-0.47375012415992135	0	8	9.666483067312004	0	1.1	1.1	7.811584908988986	0.9484490214401934		dr
5.224882486962148	5.3704879919978445 	-0.14560550503569658	12.383167644276377	8.282896375569905	6.232760741216669	0	-7.479313225425013	0	6	8.708137478270247	0	1.1	1.1	7.164909303482276	0.6749353898212209		dr
14.07546435313509	11.260371482508072 	2.8150928706270175	18.246612865170803	15.800436267415913	14.577347968538469	5.419904342441935	0	0	4	15.639404836816766	0	1.1	1.1	8.547020313412839	1.1029668859823802		dr
23.067831262016746	18.454265009613398 	4.6135662524033485	27.00068412365936	24.823413036165757	23.734777492418957	9.199598184089659	-6.232753818264374	0	4	25.63092362446305	0	1.1	1.1	10.967155471513488	1.6880667803858749		dr
33.96923443319514	27.175387546556113 	6.793846886639027	35.82699691977383	34.413881513431306	33.70732381026005	0	-2.1440612355467934	0	4	37.74359381466127	0	1.1	1.1	14.253166751753724	2.4174639384220393		dr
19.28449143132427	15.427593145059415 	3.8568982862648546	23.734758684416203	20.767913848392524	19.284491430380683	5.933689672047379	-5.933689668273033	0	4	21.42721270147141	0	1.1	1.1	14.882082336700043	2.5973932319023914		dr
9.642245716134132	7.713796572907304 	1.9284491432268283	11.86737934409567	10.878431065421045	10.38395692608373	2.9668448360238795	-5.933689675822279	0	4	10.713606351260147	0	1.1	1.1	14.299878267748275	2.52306611093844		dr
2.7113922722974313	4.640190609943991 	-1.9287983376465596	11.86738310192283	7.417114440431761	5.191980109686226	5.933691545299646	0	0	13	9.791138761074057	11	0	1.1	13.141029668203192	2.07787966607994		dr
25.285544578181895	20.228435662545518 	5.057108915636377	29.93789097467305	26.79142039097776	25.218185099130118	6.203128528654847	-2.9668453062238314	0	4	28.095049531313215	11	0	1.1	14.245076478201254	2.3487186887668887		dr
34.18609552123828	27.348876416990617 	6.837219104247662	38.569007314939036	35.60216059685723	34.118737237816326	5.933693437421823	-2.9668467168235964	0	4	37.98455057915364	11	0	1.1	15.906828065121006	2.7227603900569535		dr
36.45198913354716	29.161591306837728 	7.29039782670943	38.77663842193471	36.73526531202439	35.71457875706923	2.9496415059116785	0	0	4	40.50221014838573	11	0	1.1	17.487225070384557	3.074117115953298		dr
40.10432247060233	32.08345797648187 	8.02086449412046	41.535834283359584	40.61610030175767	40.15623331095671	2.9668453024487818	-0.20764336519199134	0	4	44.56035830066925	11	0	1.1	19.10273202754297	3.4274562143938097		dr
37.30832926803466	29.84666341442773 	7.461665853606931	38.56898897713632	37.87705780040857	37.5310922120447	2.966845306223398	-2.0757935301832404	0	4	41.45369918670518	11	0	1.1	20.316438510242413	3.696403523674684		dr
29.961884440315607	23.969507552252487 	5.99237688806312	34.18596133115072	31.950236540104868	30.832374144581948	9.789311627674188	-3.8817803795940833	0	4	33.29098271146179	11	0	1.1	20.91927888087199	3.8399018589489615		dr
46.0862691883716	36.86901535069729 	9.217253837674313	48.09002002420033	46.75418613364784	46.0862691883716	2.5492141730865114e-9	-4.007501671657444	0	4	51.20696576485734	11	0	1.1	22.39969007543079	4.1562166812269234		dr
56.12462118368625	44.89969694694899 	11.224924236737259	60.1125250289758	57.466987681328554	56.14421900750492	4.00750166910823	-4.0858929643829285	0	4	62.36069020409583	11	0	1.1	24.27329735922276	4.548922656533053		dr
54.19910157799957	43.359281262399655 	10.839820315599916	56.417945886613154	56.235462096782385	56.144220201867	8.093397019666106	-8.015003340765674	0	4	60.22122397555508	11	0	1.1	25.848339686526803	4.880022533326046		dr
55.39867993190372	44.318943945522975 	11.079735986380747	60.40469426400357	57.56263887047911	56.14161117371689	11.497891147826024	-8.088178960816663	0	4	61.55408881322636	11	0	1.1	27.32585669879565	5.19000820597878		dr
52.20830265862111	41.76664212689688 	10.441660531724224	56.1834203883907	53.581063536761356	52.27988511094669	8.01500333821646	-7.728673528914115	0	4	58.00922517624567	11	0	1.1	28.51073507783496	5.440086888157135		dr
47.08814460564865	37.67051568451893 	9.417628921129719	52.09752169075934	49.42585391135386	48.090020021651114	4.0075016665590155	-12.02250500222626	0	4	52.32016067294295	11	0	1.1	29.355162783644673	5.620884253292252		dr
55.103147943227825	44.082518354582255 	11.02062958864557	56.10502336241679	56.105023360717304	56.10502335986757	0	-4.00750166910823	0	4	61.2257199369198	11	0	1.1	30.47464039927872	5.855655789611961		dr
58.127069607288384	46.5016556858307 	11.625413921457685	68.12752836719226	61.4727528025008	58.14536502015508	8.01500333821646	0	0	4	64.5856328969871	11	0	1.1	31.626824949612455	6.096062378438867		dr
52.11320243825984	42.09444826676388 	10.018754171495964	56.18342709482086	53.45949015877985	52.09752169075934	3.0448281186705053	-4.0859054040615135	0	5	72.37944783091645	11	0	1.1	32.44628004915835	6.252970050161151		dr
46.43577383164903	37.148619065319224 	9.287154766329806	52.43441330846068	48.55602621438715	46.616832667350394	0	-11.130232364399426	0	4	51.59530425738781	11	0	1.1	32.984337502331066	6.369669462321483		dr
27.13572278838451	21.70857823070761 	5.4271445576769	36.1893598694928	29.428960520084047	26.04876084537967	0	-8.136848190833618	0	4	30.15080309820501	11	0	1.1	32.76772214255527	6.334761132519833		dr
1.4312505959279953	3.4591067038081733 	-2.027856107880178	12.022505004775477	5.765177839680288	2.636514257132695	0.1807895489439921	-8.015003333118031	0	28	11.131949079439963	11	0	1.1	31.64856244446144	6.036096231076975		dr
37.069390433515395	29.655512346812316 	7.413878086703079	40.075016683434654	37.40334890572864	36.06751501687564	4.0075016665590155	-4.0075016665590155	0	4	41.18821159279488	11	0	1.1	31.835487547532267	6.083605950236496		dr
45.157132549977945	36.125706039982354 	9.03142650999559	48.181474813538784	45.51533728160657	44.182268515640445	3.999205949322011	-0.09974981197202482	0	4	50.17459172219772	11	0	1.1	32.27954238094712	6.181866635561799		dr
49.59156802600204	39.67325442080163 	9.91831360520041	52.09752169330856	49.970488070505276	48.90697125910364	0.452161828880449	-3.642713800816253	0	4	55.10174225111337	11	0	1.1	32.837994821110186	6.302397182969496		dr
53.2083425303572	42.56667402428575 	10.641668506071447	54.16892669174565	54.16891832242087	54.16891413775849	3.8422947976384734	0	0	4	59.12038058928577	11	0	1.1	33.474568187024154	6.437999411816432		dr
54.45020494041785	43.56016395233428 	10.89004098808357	57.34678644393185	54.982743308070404	53.80072174013967	3.1778262730140057	-0.5798934719013076	0	4	60.500227711575384	11	0	1.1	34.110193543187606	6.572909762612406		dr
51.13962096403089	40.91169677122471 	10.227924192806178	52.18195908865134	52.12566749005668	52.09752169075934	3.9160403048058114	-4.000477702697808	0	4	56.82180107114543	11	0	1.1	34.61105905556535	6.68041018702987		dr
48.94274661293658	39.154197290349266 	9.788549322587315	52.852617397231064	50.639653717017204	49.533171876910274	0.0000054120729444662175	-5.681149282252029	0	4	54.38082956992953	11	0	1.1	35.02053584291881	6.769214162331511		dr
47.342177808479455	37.87374224678357 	9.468435561695884	52.810845376601485	50.212174225950235	48.91283865062461	14.07865682053437	-2.6828643904233616	0	4	52.602419787199395	11	0	1.1	35.362803675295496	6.844192534536076		dr
67.08065542742838	53.664524341942695 	13.416131085485688	70.07925316436041	68.44950451682426	67.63463019305618	3.9562181788152273	-1.7403191163039935	0	4	74.53406158603153	11	0	1.1	36.22004291183963	7.021812495372553		dr
75.3291177035233	60.26329416281864 	15.065823540704656	80.8171110839499	76.3179373353488	74.06835046104825	5.411231538391846	-0.36816256849172646	0	4	83.69901967058144	11	0	1.1	37.24922909056814	7.233496996565503		dr
84.90462788725243	67.92370230980194 	16.980925577450492	89.05941368540638	86.76854701560093	85.62311368069821	5.509791313529689	-1.362808695886656	0	4	94.33847543028048	11	0	1.1	38.47116239304723	7.48343106274204		dr
90.83854636543973	72.67083709235177 	18.16770927308795	93.30936071827156	91.88579780595792	91.1740163498011	4.137728954318149	-1.3210092968044052	0	4	100.93171818382191	11	0	1.1	39.78034699235704	7.750538018000688		dr
94.67280184604006	75.73824147683203 	18.93456036920803	97.41873223389241	96.05912820567937	95.37932619157286	6.904799378884036	-4.078701996752741	0	4	105.19200205115561	11	0	1.1	41.119187354641994	8.023319050956966		dr
100.24643536608252	80.197148292866 	20.04928707321652	104.35847400272544	101.60368785259065	100.22629477752324	8.183796096167328	-4.132236233532268	0	4	111.38492818453614	11	0	1.1	42.526978973962	8.309651622915526		dr
106.51719672497829	85.21375737998262 	21.303439344995667	112.75531114347349	108.16306618449072	105.86694370499933	6.888237965168926	-4.287225885253122	0	4	118.35244080553143	11	0	1.1	44.01512357282285	8.611832732731344		dr
111.97861087276182	89.58288869820947 	22.395722174552347	114.38383534591695	112.48700889884024	111.53859567530188	1.0853004428731907	-2.8453612327130315	0	4	124.42067874751314	11	0	1.1	45.5597482841851	8.925102947318186		dr
119.55043180832469	95.64034544665975 	23.910086361664938	122.47673580904281	120.32178419193366	119.24430838337909	2.8573330772389482	-4.08182677702132	0	4	132.83381312036076	11	0	1.1	47.20398569583265	9.258102578748113		dr
114.53010364576818	91.62408291661454 	22.90602072915364	116.20515356163006	116.20496288820163	116.20486755148742	6.699627643162245	-6.699402302167698	0	4	127.2556707175202	11	0	1.1	48.66759695561386	9.554796451583016		dr
114.60391787284478	91.68313429827582 	22.920783574568958	119.08735933621713	116.30323877904897	114.9111785004649	8.701791165947697	-9.58140418198498	0	4	127.33768652538308	11	0	1.1	50.070497400661324	9.839179156327397		dr
115.64372735075538	92.5149818806043 	23.128745470151088	121.1152118469624	117.95939974661003	116.38149369643385	12.418501683770984	-5.8109520080906805	0	4	128.4930303897282	11	0	1.1	51.43660635795495	10.116045121198724		dr
118.96645169968382	95.17316135974704 	23.793290339936775	119.78235958903886	119.46896018266152	119.31226047947284	2.3234333382881545	-0.4701271671621896	0	4	132.184946332982	11	0	1.1	52.81476646696982	10.395172574642357		dr
120.08205682488835	96.06564545991068 	24.01641136497767	122.26546291936226	121.43780364884014	121.02397401357909	6.250646566329323	-3.7678413623647202	0	4	133.42450758320928	11	0	1.1	54.16011227412819	10.667597350449064		dr
120.27092826631875	96.216742613055 	24.054185653263744	124.89811086243756	121.75885187289985	120.18922237813098	6.19272507877092	-5.865901526019826	0	4	133.63436474035416	11	0	1.1	55.45640278377898	10.930079474033665		dr
114.25398810585638	91.4031904846851 	22.85079762117128	115.73780613813038	114.74859411598511	114.25398810491251	7.55098028548673e-9	-2.967636062660276	0	4	126.94887567317375	11	0	1.1	56.58712557843432	11.159324053786312		dr
115.03099221665249	92.02479377332199 	23.006198443330504	118.70538578366664	115.78461150367748	114.32422436368292	3.036986453050332	-0.07119356316047742	0	4	127.81221357405832	11	0	1.1	57.689840043306354	11.382849985664505		dr
120.22214488527338	96.17771590821872 	24.044428977054665	121.73895121780771	120.72774378710324	120.222140071751	3.0336030380238697	-0.000019254089551168363	0	4	133.5801609836371	11	0	1.1	58.84784568852797	11.617323670690247		dr
117.27304634760365	93.81843707808292 	23.45460926952073	118.77289113341784	117.76172483582496	117.25614168702853	2.9658802504781363	-0.06763696340439651	0	4	130.30338483067072	11	0	1.1	59.91012206414753	11.832547045214437		dr
120.3064718327274	96.24517746618193 	24.061294366545468	121.73881639432544	120.81767792538373	120.35710869091287	2.9659628395669557	-2.7633576221627436	0	4	133.67385759191933	11	0	1.1	60.988628310015024	12.050917533095348		dr
120.2392092956664	96.19136743653311 	24.047841859133285	121.73868156319887	120.72803838897407	120.22271680186168	2.9659595474555545	-0.06598876264590103	0	4	133.59912143962933	11	0	1.1	62.02811218695628	12.261389889692506		dr
123.25496526864482	98.60397221491587 	24.650993053728953	124.70463968264289	123.7604188550943	123.28830844132	2.9660351733464267	-2.901655722843728	0	4	136.94996140960535	11	0	1.1	63.08374758491642	12.475003737348306		dr
124.67236606838792	99.73789285471032 	24.93447321367759	124.70458048309331	124.68310750056482	124.67237100930059	0.06439921942602211	-0.06441898307677718	0	4	138.52485118709768	11	0	1.1	64.12762247446679	12.68618118609965		dr
123.9469035221301	99.15752281770406 	24.789380704426037	124.70452128720122	124.68304171381574	124.67230192712303	2.966032340128166	-0.06441899206753021	0	4	137.71878169125566	11	0	1.1	65.12461049192784	12.887901178071756		dr
123.94722786539617	99.15778229231695 	24.78944557307922	127.60768335431274	124.68351269483303	123.22142736509318	0	-2.9660694525275204	0	4	137.7191420726624	11	0	1.1	66.08891569477159	13.083008463235812		dr
123.2052348610137	98.56418788881095 	24.641046972202744	124.70438316359338	123.69421437121514	123.18912997502602	2.901628765716282	-2.966067571425498	0	4	136.89470540112632	11	0	1.1	67.01014664906582	13.26942843918689		dr
121.70525367834193	97.36420294267353 	24.341050735668404	121.73825780721678	121.71625505697597	121.70525368185555	0.06596972701530035	-0.06598900292340204	0	4	135.22805964260215	11	0	1.1	67.87832295111782	13.44516847563898		dr
118.75533136208557	95.00426508966846 	23.751066272417106	121.73820002198063	119.73833692234193	118.73840537252258	0.06761855441665432	-3.0336039266663732	0	4	131.95036818009507	11	0	1.1	68.67327620753919	13.606198128713638		dr
110.59796877199237	88.47837501759389 	22.11959375439848	112.84050678908008	111.82755918337455	111.32108538052178	0	-3.038807115480921	0	4	122.88663196888041	11	0	1.1	69.31827147776156	13.737173446031866		dr
105.44458497352066	84.35566797881651 	21.08891699470415	107.13425077285535	105.97064997465782	105.38884957555906	0.3002158165090236	-3.2678608027462133	0	4	117.1606499705785	11	0	1.1	69.86563986406092	13.848563499799628		dr
100.19660131976717	80.15728105581374 	20.039320263953428	100.9782926007604	100.95176137761786	100.93849576604659	3.0471554854273393	-3.04717145454525	0	4	111.32955702196352	11	0	1.1	70.31834078131027	13.940962854488491		dr
95.00508361507306	76.00406689205845 	19.001016723014615	98.01304486609627	96.0081588299365	95.00571581185662	3.0521223985738004	-6.017186895613534	0	4	105.56120401674785	11	0	1.1	70.6813811171009	14.01537541137858		dr
92.12659353444609	73.70127482755687 	18.425318706889215	95.04792025201759	93.12935037511477	92.17006543666335	2.7036182096259864	-5.929597239577532	0	4	102.3628817049401	11	0	1.1	70.99218129706243	14.079287633052648		dr
82.44847672801242	65.95878138240994 	16.489695345602485	83.189504224022	83.18948230976495	83.18947135263643	2.964017941118854	-2.964044241267203	0	4	91.60941858668046	11	0	1.1	71.15584266036171	14.113722028946217		dr
84.86370599794654	67.89096479835723 	16.972741199589308	86.15370006374188	85.42180393179804	85.05585586582613	2.9642606336760196	-2.9642878673498814	0	4	94.29300666438505	11	0	1.1	71.34891115807419	14.153989904589078		dr
82.75485736723223	66.20388589378578 	16.550971473446452	85.47453370856418	83.72851391961804	82.85550402514497	0	-4.076635713149798	0	4	91.94984151914693	11	0	1.1	71.50732707764581	14.187281315267652		dr
77.18818258393152	61.750546067145216 	15.437636516786306	78.97297987152211	78.04583994176222	77.58226997688227	2.584212648274246	-4.357769361082674	0	4	85.76464731547946	11	0	1.1	71.58514701608809	14.204409468713113		dr
78.55759256418533	62.84607405134825 	15.711518512837074	79.78588733217313	79.20930374199206	78.92101194690153	3.183428301408057	-1.7296075449820592	0	4	87.28621396020591	11	0	1.1	71.67936925322454	14.224775807147221		dr
77.69566642529851	62.15653314023882 	15.539133285059691	79.79567219407862	78.66122092549803	78.09399529120776	4.996669269378671	-3.3930676523697514	0	4	86.32851825033168	11	0	1.1	71.7595865488522	14.242300573519387		dr
77.86263839375835	62.29011071500666 	15.572527678751683	79.7953432615818	78.63560572108288	78.0557369508334	1.7396384789172004	-4.251606849797071	0	4	86.51404265973149	11	0	1.1	71.83988986260096	14.259803561746127		dr
80.66640623607115	64.53312498885693 	16.133281247214228	84.20983427080967	81.86782562362795	80.6968213000371	3.840374804661579	-3.9620350605253805	0	4	89.62934026230128	11	0	1.1	71.95451994537329	14.28413444077818		dr
87.18817402129298	69.7505392170344 	17.43763480425858	92.22029072571335	88.19838701639814	86.18743516174052	4.055254012979944	-0.05229857477010569	0	4	96.87574891254775	11	0	1.1	72.14982320275688	14.324563932617671		dr
95.30381642737149	76.24305314189719 	19.060763285474295	96.59112305979252	96.34757577843065	96.22580213774971	4.418584685598532	-0.3653207468655353	0	4	105.8931293637461	11	0	1.1	72.44291172458745	14.384515823160159		dr
99.29603327703187	79.43682662162549 	19.859206655406382	104.3639072457258	100.31944395111687	98.29721230381242	8.000955589201226	-3.8685212945756717	0	4	110.32892586336874	11	0	1.1	72.778575743993	14.452949458563236		dr
95.32876775777123	76.26301420621698 	19.065753551554252	96.36294736924862	96.31723059967682	96.29437221489093	3.862419212877967	-3.9995667527949905	0	4	105.92085306419025	11	0	1.1	73.05697317626186	14.509897657242139		dr
98.26291869100932	78.61033495280745 	19.65258373820187	100.23146990570932	98.94195936740975	98.29720409825997	3.868530240335218	-4.005672556619558	0	4	109.18102076778813	11	0	1.1	73.36436275570999	14.57261334115628		dr
106.30423232232579	85.04338585786063 	21.26084646446516	112.21004671718592	107.00729530259484	104.40591959529928	8.015003335667231	-7.972766365392133	0	4	118.1158136914731	11	0	1.1	73.76122865410296	14.653194463123858		dr
108.80412348361918	87.04329878689535 	21.76082469672383	109.65724119713295	109.65722882985268	109.65722264621256	0	-3.4124090193050733	0	4	120.89347053735464	11	0	1.1	74.17840597350197	14.737809108761954		dr
114.21164613521123	91.36931690816898 	22.842329227042242	117.72301585559379	114.88331512093366	113.4634647536036	5.526376677549862	-3.81343072380416	0	4	126.90182903912358	11	0	1.1	74.64938526952207	14.833156404271133		dr
114.9048640996522	91.92389127972176 	22.980972819930443	116.85965322914093	115.53407716952375	114.87128913971517	1.98841950164703	-1.8541196618989062	0	4	127.67207122183578	11	0	1.1	75.11747223266313	14.92789845561601		dr
108.38444874172889	86.70755899338312 	21.676889748345772	110.77507523700187	108.89122056707394	107.94929323211	3.2131246960632183	-1.472502657587583	0	4	120.42716526858766	11	0	1.1	75.49985127299722	15.005473068176121		dr
108.75364718882534	87.00291775106027 	21.750729437765074	112.83582175245034	109.92297010100059	108.46654427527571	7.590143300150714	-4.26784367861481	0	4	120.83738576536149	11	0	1.1	75.87773531749527	15.082123708739632		dr
108.2221757031685	86.5777405625348 	21.644435140633703	116.25540849078887	109.56455314371844	106.21912547018323	4.0481641722306705	-12.06036510927018	0	4	120.24686189240944	11	0	1.1	76.24115599598598	15.155857545053049		dr
106.23049376580154	84.98439501264122 	21.246098753160325	112.21004671718592	108.23017344736081	106.24023681244825	4.00593805951263	-11.978591996062207	0	4	118.03388196200171	11	0	1.1	76.57437086009504	15.223526891809797		dr
106.30758670551181	85.04606936440943 	21.261517341102376	108.24320448896702	108.21609819759003	108.20254505190152	7.661152259689871	-7.620492821349757	0	4	118.11954078390201	11	0	1.1	76.90110949575897	15.289878435208616		dr
112.32034001399094	89.85627201119276 	22.464068002798186	120.26164293848215	113.69293833511229	110.40858603342735	8.012390085583021	0	0	4	124.80037779332326	11	0	1.1	77.28610113182671	15.36785875659546		dr
111.20817130245808	88.96653704196646 	22.241634260491622	112.21004671973515	112.21004671888541	112.21004671846053	0	-4.007501664009794	0	4	123.56463478050898	11	0	1.1	77.65085457452167	15.441770321153482		dr
92.19639907391472	73.75711925913177 	18.43927981478295	92.2202599449911	92.20435263963856	92.19639898696228	0.0477215682478942	-0.04772122043814875	0	4	102.44044341546079	11	0	1.1	77.80559440962159	15.473658720021882		dr
85.3586878815033	68.28695030520262 	17.071737576300677	86.681323411483	85.94847918110948	85.5820570659227	2.9480662465277305	-3.092009428798292	0	4	94.84298653500366	11	0	1.1	77.88510065669404	15.490480602719552		dr
74.88580506084371	59.90864404867498 	14.977161012168729	78.28402940773017	75.97884445795347	74.82625198306513	0	-6.439007487646819	0	4	83.20645006760412	11	0	1.1	77.85385799423726	15.485133523651315		dr
52.290046636667284	41.832037309333835 	10.45800932733345	61.64126800718599	54.675148769319996	51.19208915038699	2.4049450999246673	-9.709752723430938	0	4	58.100051818519205	11	0	1.1	77.590313547252	15.433307501008864		dr
25.865334902342045	20.69226792187364 	5.1730669804684055	37.14907066848327	29.501266715199794	25.677364738558058	0	-7.718966645316026	0	4	28.739261002602273	11	0	1.1	77.06250764271209	15.328611169166614		dr
6.718052861500565	5.374442289200452 	1.343610572300113	8.546276988078871	7.621569925631344	7.159216394407581	1.387060981835237	-4.53877531897064	0	4	7.464503179445073	11	0	1.1	76.35195759441703	15.187348536875033		dr
6.143672989097323	6.071146639775057 	0.07252634932226609	9.97168598000075	9.03419361034032	8.565447425510104	2.8124737509088957	-6.718531933110228	0	6	10.239454981828871	11	0	1.1	75.64987474836384	15.036200314999505		dr
23.88865692518053	19.11092554014443 	4.777731385036102	26.995226306879708	25.91907462897474	25.38099879002226	8.89870190878511	-2.929334449418203	0	4	26.54295213908948	11	0	1.1	75.13738744318381	14.934631315692936		dr
6.631420812348856	6.230670645692954 	0.4007501666559019	14.318420318955162	9.716534131728421	7.415591038115051	0.48124297911014047	-9.861194451450805	0	5	9.210306683817855	11	0	1.1	74.46576031935209	14.792142284820024		dr
22.852842472943554	18.282273978354844 	4.570568494588709	29.93188390842912	25.34943034873047	23.058203568881144	9.630327268435138	0	0	4	25.392047192159502	11	0	1.1	73.96466402958113	14.692903704332341		dr
26.866060084711012	21.49284806776881 	5.373212016942201	32.00624791027823	30.20194913770625	29.29979975142026	1.2800561520175187	-11.015014818854514	0	4	29.851177871901125	11	0	1.1	73.51179283780354	14.603291284261283		dr
9.89494134581041	7.915953076648327 	1.978988269162084	12.383023107996557	10.806843816996164	10.018754171495969	4.368019772329312	-5.22378917574341	0	4	10.994379273122679	11	0	1.1	72.9059180616893	14.483059826974625		dr
8.282314224233094	6.625851379386475 	1.6564628448466188	12.022505007324693	9.06558283686274	7.5871217516317655	0	-4.007501671657447	0	4	9.202571360258993	11	0	1.1	72.29626142171331	14.362054195067756		dr
6.011252503662345	4.809002002929876 	1.202250500732469	12.022505007324693	8.015003338216461	6.0112525036623445	12.022505007324693	-8.015003338216463	0	4	6.679169448513717	6.5	0.5	1	71.67677535705863	14.239065375494528		dr
2.5046885428739927	1.8701674454138932 	0.6345210974600994	6.011252503662346	3.1169457423564886	1.6697923617035602	1.335833888853005	-3.005626251831173	0	8	5.565974539719983	6.5	0.5	1	71.0362930717421	14.113097372920135		dr
3.754246713209885	3.507926170762154 	0.24632054244773105	8.54627976180321	5.015568736484079	3.250213223824514	3.0266775587223385	-4.5387780952441945	0	6	6.2570778553498085	6.5	0.5	1	70.41902659138859	13.985879236860754		dr
20.99542708930886	16.796341671447085 	4.199085417861774	28.636865580755483	23.525059643220015	20.969156674452275	8.155589292553465	0	0	4	23.328252321454286	6.5	0.5	1	69.96972114136969	13.896908383960763		dr
45.19573791564538	36.1565903325163 	9.039147583129079	50.09380282841633	49.06145290437113	48.545277942348534	16.495209878948202	-1.1349824289436725	0	4	50.21748657293931	6.5	0.5	1	69.7465321033001	13.85314477314246		dr
56.73105539980788	45.384844319846316 	11.346211079961563	58.59367167614231	57.644618963301525	57.17009260688113	2.8471237572136374	-0.00003438130871558087	0	4	63.03450599978653	6.5	0.5	1	69.63032248987606	13.830761436596203		dr
62.43562980349276	49.94850384279421 	12.487125960698549	64.32008608580313	63.07071752110867	62.44603323876144	2.868138454137295	-0.8799672399460832	0	4	69.37292200388084	6.5	0.5	1	69.5666526430939	13.81887085716348		dr
62.24251451884307	49.79401161507447 	12.448502903768606	64.31991391018227	63.45891579919414	63.02841674370008	0.8799017399099966	-5.726603232392357	0	4	69.15834946538119	6.5	0.5	1	69.50240581744258	13.806850085642473		dr
62.098530741873155	49.678824593498526 	12.41970614837463	65.43371010946088	62.860095517634015	61.573288221720574	2.8170670254590107	-4.903776750021585	0	4	68.99836749097017	6.5	0.5	1	69.43802429504632	13.79478796444884		dr
58.8087950350963	47.04703602807704 	11.761759007019265	64.31950260883396	61.13218315303178	59.53852342513069	12.480871927544094	-9.612790264335551	0	4	65.34310559455145	6.5	0.5	1	69.34639300832262	13.77726185274686		dr
53.36669321885828	42.69335457508662 	10.673338643771658	56.9245629342863	54.83626379169109	53.792114220393486	0	-3.9072781793072764	0	4	59.296325798731424	6.5	0.5	1	69.20981437764343	13.75073259455049		dr
49.99182484961413	39.99345987969131 	9.998364969922825	53.9893600696728	50.89169417657525	49.342861230026486	6.697143200942037	-3.7657844142045818	0	4	55.54647205512681	6.5	0.5	1	69.04695005960929	13.718932868918053		dr
49.063907966175634	39.251126372940504 	9.81278159323513	55.74549384193123	50.348997721086675	47.65074966066439	10.536813485001929	-10.536855140488704	0	4	54.5154532957507	6.5	0.5	1	68.87902533613506	13.686108068282062		dr
41.44741451090374	33.15793160872299 	8.289482902180751	47.62751121273547	43.10149464130606	40.83848635559136	0	-5.334819519895191	0	4	46.05268278989304	6.5	0.5	1	68.65042857925813	13.641136191897884		dr
27.906460892473977	22.32516871397918 	5.581292178494795	33.59776898210552	29.78982278806734	27.88584969104825	5.679058660034336	-8.551448621074439	0	4	31.00717876941553	6.5	0.5	1	68.31370157358224	13.574525910795378		dr
10.903426271003536	8.722741016802827 	2.180685254200709	17.796929725924798	12.15154338745924	9.32885021822646	1.7393871212152137	-8.037691332323515	0	4	12.114918078892817	6.5	0.5	1	67.84312554651191	13.481133774265913		dr
2.420749103643484	1.9911397739788277 	0.42960932966465615	2.966154014283892	2.6506493455382105	2.4928970111653697	6.99037641105349e-8	-0.47325707302228626	0	7	4.70701214597344	6.5	0.5	1	67.31123630713898	13.375023819431757		dr
2.4955957960921706	9.167773780582186 	-6.672177984490015	23.729247161148212	15.279622967636977	11.054810870881361	2.582944953319572	0	0	23	15.944084252811088	11	0.3333333333333333	1	66.7885295288241	13.213352837142065		dr
36.49702334369445	29.19761867495556 	7.299404668738891	42.29254945191976	38.42091083854749	36.48509153186136	5.807463422784352	-0.00001100545190269031	0	4	40.5522481596605	11	0.3333333333333333	1	66.54619747934305	13.166041251794839		dr
48.62495034270137	38.899960274161096 	9.724990068540272	48.95752192739406	48.95750004000971	48.95748909631755	1.3302206766177633	-0.000021888391025015608	0	4	54.02772260300152	11	0.3333333333333333	1	66.40396535921097	13.13873132176901		dr
47.246024578514536	37.79681966281162 	9.449204915702914	51.51493607303329	48.58427550709612	47.118945224127536	3.3845955766688007	-5.407386121142707	0	4	52.49558286501615	11	0.3333333333333333	1	66.25311543180392	13.109679932744868		dr
46.24109066354874	36.992872530838994 	9.248218132709745	48.9572811910142	47.557348650545016	46.85738238031044	5.334737091861605	-2.869570224814808	0	4	51.378989626165264	11	0.3333333333333333	1	66.09677148830193	13.079512262432093		dr
46.796034829327816	37.436827863462256 	9.35920696586556	48.95721554004186	47.55725249175612	46.857270967613246	3.1145444744683104	-4.444833697998945	0	4	51.99559425480868	11	0.3333333333333333	1	65.94715337466646	13.050672686489717		dr
45.74064299102323	36.592514392818586 	9.148128598204643	47.29146684921987	46.89015620802326	46.689500887424956	4.999323684597265	-4.999363509196755	0	4	50.82293665669248	11	0.3333333333333333	1	65.79171867940767	13.020653116579831		dr
39.367339392681885	31.493871514145503 	7.873467878536381	43.230936568307456	40.55037522757986	39.21009455721607	3.847266164331735	-7.4127046803195284	0	4	43.74148821409098	11	0.3333333333333333	1	65.59000586042502	12.981361626213088		dr
23.608350199651383	18.886680159721106 	4.721670039930277	32.0050143535864	25.36641649866949	22.04711757121104	0	-9.748952431398717	0	4	26.23150022183487	11	0.3333333333333333	1	65.27196301451006	12.918788205104885		dr
33.307111114152995	26.645688891322397 	6.661422222830598	40.511697906020466	36.39447814902035	34.335868270520294	12.022505007324693	-3.4632934927106973	0	4	37.00790123794777	11	0.3333333333333333	1	65.03162578217655	12.871740340576507		dr
65.23336268191245	52.18669014552995 	13.046672536382502	72.13503003375128	68.1718955111174	66.19032824980047	7.946437592885502	-3.942965975016122	0	4	72.48151409101384	11	0.3333333333333333	1	65.03313128142831	12.873045804724313		dr
67.62297717007563	54.09838173606049 	13.52459543401514	68.70615550581638	68.42784024708487	68.28868261771913	0.3208536949072709	-3.497767566768573	0	4	75.13664130008402	11	0.3333333333333333	1	65.05231532504793	12.877872098274613		dr
66.73001786051631	53.38401428841305 	13.346003572103264	74.29778206779723	67.94181744848005	64.76383513882146	1.8069640372879476	-9.671694924067324	0	4	74.14446428946256	11	0.3333333333333333	1	65.06465137310285	12.88131424146453		dr
67.45691179086482	53.96552943269186 	13.491382358172963	71.60353061622295	68.33793936424331	66.70514373825348	3.6949454977035145	-0.08768383734471286	0	4	74.95212421207202	11	0.3333333333333333	1	65.08211312797702	12.885767293411307		dr
70.86987171731641	56.69589737385313 	14.173974343463286	74.78479283879713	72.28625524505877	71.03698644818958	4.982634130982419	-1.13273763376435	0	4	78.74430190812934	11	0.3333333333333333	1	65.1240534076099	12.895102127107336		dr
61.56716275996193	49.25373020796954 	12.313432551992392	65.51242585371786	63.20401893569914	62.04981547668978	4.813143222973153	-8.855831620967571	0	4	68.40795862217992	11	0.3333333333333333	1	65.09846426625992	12.890917453905072		dr
63.02226283942363	50.417810271538904 	12.604452567884728	67.39731898641213	64.08866943654883	62.43434466161717	7.5742759383640745	-6.1253314755450745	0	4	70.02473648824848	11	0.3333333333333333	1	65.08363425606824	12.888871276147782		dr
62.20186005510655	49.76148804408524 	12.44037201102131	64.39380933287893	62.89830506466654	62.15055293056034	4.076055803169076	-4.281284306452349	0	4	69.11317783900728	11	0.3333333333333333	1	65.06319614116781	12.88569043029582		dr
62.982586693190115	50.38606935455209 	12.596517338638023	73.33474242761724	65.28289213829322	61.25696699363121	13.51188906765919	-6.609410269423549	0	4	69.98065188132234	11	0.3333333333333333	1	65.0485439619567	12.883654000072879		dr
67.79255512171362	54.234044097370905 	13.558511024342714	75.53575898423053	69.35905492461701	66.27070289481026	2.4178320673052056	-8.50524097491865	0	4	75.32506124634847	11	0.3333333333333333	1	65.06773285118577	12.88837327996288		dr
63.58310907547789	50.866487260382314 	12.716621815095579	69.67475336486117	64.59165466620838	62.050105316882	9.117281061574758	-7.684605734221719	0	4	70.64789897275321	11	0.3333333333333333	1	65.05742296385446	12.887180561456855		dr
61.04652357369147	48.83721885895317 	12.209304714738302	64.76795085856673	62.16021488287452	60.85634689502841	2.6581006203136255	0	0	4	67.82947063743497	11	0.3333333333333333	1	65.02976158874989	12.882505555617417		dr
62.78187105835618	50.22549684668495 	12.556374211671233	64.76782402873847	63.841692704639854	63.37862704259054	0	-2.77827265309336	0	4	69.75763450928464	11	0.3333333333333333	1	65.01436507826774	12.880271779289018		dr
65.03163670959769	52.02530936767816 	13.00632734191953	69.23061415042204	66.75081227902082	65.5109113433202	9.356504149093709	-4.5293434526270175	0	4	72.25737412177521	11	0.3333333333333333	1	65.01448257235843	12.88112930012324		dr
64.03993284435201	51.2319462754816 	12.807986568870412	64.76723950245554	64.35585468206305	64.15016227186682	1.2339008066400297	-1.6749453439680408	0	4	71.15548093816889	11	0.3333333333333333	1	65.00789777689893	12.88063509247964		dr
62.3057437853983	49.844595028318636 	12.461148757079663	63.59605148741523	62.58496547559185	62.07942246968016	1.2226518096845282	-0.00003570004044917141	0	4	69.22860420599811	11	0.3333333333333333	1	64.98976251521101	12.877819747946752		dr
68.21153247796333	54.569225982370675 	13.642306495592656	76.14253170285951	72.22092829399631	70.26012658956472	15.951685003886858	-12.201878115513729	0	4	75.79059164218148	11	0.3333333333333333	1	65.01124098162936	12.882916326264393		dr
67.95975858556177	54.36780686844941 	13.591951717112366	72.14010464860003	69.0349174835193	67.48232390097894	6.327976346021899	-4.418237607690557	0	4	75.51084287284641	11	0.3333333333333333	1	65.03076758827793	12.88761192487928		dr
64.05374646877775	51.2429971750222 	12.81074929375555	67.02933371750487	64.69510163156393	63.52798558859344	3.5691603377676557	-4.899652737085631	0	4	71.17082940975305	11	0.3333333333333333	1	65.02433981775489	12.887106249674519		dr
68.18518699870438	54.548149598963505 	13.637037399740876	76.3731662340064	70.8760743210975	68.12752836464304	8.015003343314888	0	0	4	75.7613188874493	11	0.3333333333333333	1	65.04499894965653	12.892007760459267		dr
63.60788505823927	50.886308046591424 	12.721577011647845	76.86126949301094	65.72897964466944	60.162834720498694	18.002550007173234	-15.39431953785126	0	4	70.67542784248808	11	0.3333333333333333	1	65.0356670412707	12.890901067285167		dr
65.99601437128239	52.79681149702591 	13.199202874256478	69.85547501013167	66.84147497623707	65.33447495928976	1.4386263851671899	-6.395842453713321	0	4	73.32890485698043	11	0.3333333333333333	1	65.04186283049658	12.892890111201112		dr
63.25518915022669	50.60415132018135 	12.65103783004534	69.72224135739182	65.64675296718123	63.60900877207593	13.641743658028744	-7.574447760707372	0	4	70.28354350025188	11	0.3333333333333333	1	65.03040979408459	12.891339776065498		dr
64.69697068250811	51.75757654600649 	12.939394136501619	65.81190200264956	64.86644194910713	64.39371192233591	0	-1.4181893880923866	0	4	71.88552298056456	11	0.3333333333333333	1	65.02828597808728	12.89164585479439		dr
67.28530638423409	53.82824510738726 	13.45706127684683	72.37840999674961	69.65186952132042	68.28859928360583	8.199551333468634	-8.006413287792938	0	4	74.76145153803787	11	0.3333333333333333	1	65.04257091736669	12.895224433414976		dr
67.22231173141408	53.77784938513126 	13.444462346282819	68.3851627546553	68.25640674337383	68.1920287377331	0.1931341896360408	-4.265136059120479	0	4	74.69145747934897	11	0.3333333333333333	1	65.05627997909026	12.898678759911002		dr
63.2391023784878	50.59128190279024 	12.647820475697557	64.393692597153	64.25693211337948	64.1885518714927	4.002938362138785	-4.002939033221061	0	4	70.26566930943089	11	0.3333333333333333	1	65.04492261908649	12.897110895634668		dr
50.184869174208686	40.14789533936695 	10.036973834841739	60.18561210493006	54.85009418326171	52.18233522242754	0	-11.992152745086408	0	4	55.760965749120764	11	0.3333333333333333	1	64.95262415048477	12.879346069170117		dr
22.07546598435443	17.660372787483542 	4.415093196870888	32.19684058009935	25.42645297754741	22.041259176271442	4.007501666559014	-16.03000667643292	0	4	24.528295538171587	11	0.3333333333333333	1	64.68795033464446	12.827097594649752		dr
0.7339618106565929	0.7591518840858044 	-0.025190073429211424	2.0037508332795073	1.2652531401430072	0.8960042935747572	1.3358338897027435	-0.7737880679163682	0	19	3.8736873340209073	11	0.3333333333333333	1	64.29559457682858	12.74824920404804		dr
18.122694240667723	14.498155392534176 	3.6245388481335468	28.248230504998535	20.84013484295597	17.136087011934684	18.277858071195553	-5.998561485904641	0	4	20.136326934075246	11	0.3333333333333333	1	64.01405250160809	12.692616823829049		dr
41.131151049555086	32.90492083964407 	8.226230209911016	44.65699701571021	42.72731060390879	41.762467398008084	8.15660420261873	-5.4736183822092315	0	4	45.70127894395009	11	0.3333333333333333	1	63.875368250383524	12.665547814047727		dr
52.390271720044915	41.91221737603594 	10.478054344008974	56.47955051215623	54.09458900699042	52.90210825440751	8.45007246634382	-6.4027263288934435	0	4	58.211413022272126	11	0.3333333333333333	1	63.80618092188751	12.65237014254147		dr
58.38149731151301	46.7051978492104 	11.676299462302609	64.82046967667709	59.22596504889726	56.428712735007345	7.811181627787192	-0.00004332176453658576	0	4	64.86833034612556	11	0.3333333333333333	1	63.77369778649605	12.64652540792926		dr
59.290875180670135	47.432700144536106 	11.858175036134028	60.29494759161024	59.96696726183166	59.80297709694237	2.4755632155460177	-2.605193103967622	0	4	65.87875020074459	11	0.3333333333333333	1	63.74701431860423	12.641832846192385		dr
63.193247817041275	50.554598253633024 	12.63864956340825	64.4155505567907	63.59736229277593	63.188268160768544	2.4144803376443136	-2.434522564844322	0	4	70.21471979671253	11	0.3333333333333333	1	63.743737593742914	12.64181401019958		dr
57.341901694345125	45.87352135547609 	11.468380338869032	59.73773692713637	58.08451796607839	57.25790848554941	0	-2.4798034891712675	0	4	63.713224104827916	11	0.3333333333333333	1	63.70607973551115	12.634911459191752		dr
59.05935223367261	47.24748178693809 	11.811870446734524	61.98052707761178	59.65992705143598	58.49962703834807	0.0042201053364649965	-2.479778410594598	0	4	65.62150248185846	11	0.3333333333333333	1	63.678905890471164	12.630098353855747		dr
58.451243919979895	46.76099513598392 	11.690248783995976	64.39481330362028	59.65968744489364	57.29212451553032	4.767923032636574	-9.568899958381586	0	4	64.94582657775544	11	0.3333333333333333	1	63.648512506921804	12.624634112170515		dr
60.794957292976314	48.635965834381054 	12.15899145859526	64.39453779473662	62.78473976441193	61.979840749249576	7.154175575111459	-7.1542861660487205	0	4	67.54995254775146	11	0.3333333333333333	1	63.63201796811286	12.621942536138288		dr
59.690843878109064	47.75267510248725 	11.938168775621811	64.41390841791723	61.21681459415157	59.618267682268744	7.157047909828293	-9.300976687935702	0	4	66.32315986456562	11	0.3333333333333333	1	63.60936754230824	12.618012801882447		dr
55.05805720209327	44.046445761674626 	11.011611440418648	59.73625872536908	56.55807977858209	54.9689903051886	4.623424204820765	-4.9111126355402135	0	4	61.175619113436966	11	0.3333333333333333	1	63.56050291179273	12.608833365531224		dr
56.650718297229496	45.320574637783594 	11.330143659445902	57.26080077837392	57.25931489283252	57.25857195006182	2.4357790718579793	-2.435872267953499	0	4	62.94524255247722	11	0.3333333333333333	1	63.52124277193725	12.601568083110287		dr
54.30304714423689	43.44243771538952 	10.860609428847376	59.592643675416895	56.414031384616855	54.82472523921683	4.7678697668176255	-6.8545821467373855	0	4	60.3367190491521	11	0.3333333333333333	1	63.46916257065081	12.59173215850993		dr
56.79105313673788	45.4328425093903 	11.358210627347582	59.865621181734404	58.12571961675039	57.255768834258376	4.468740090341541	-7.078567485034064	0	4	63.10117015193097	11	0.3333333333333333	1	63.43164510192096	12.584802262267447		dr
55.46513543584056	44.372108348672455 	11.093027087168103	63.52623884836268	56.73063738590542	53.33283665467678	3.3283814684030446	-11.85757659305817	0	4	61.62792826204507	11	0.3333333333333333	1	63.38713946132833	12.576468322741752		dr
24.29902245552476	19.439217964419807 	4.859804491104953	40.2158879994269	29.7270288288106	24.482599243502445	0	-29.025143239945926	0	4	26.998913839471953	11	0.3333333333333333	1	63.16998325574054	12.533597968121548		dr
7.238357100016127	5.790685680012901 	1.4476714200032257	14.824193046100774	8.662863263363306	5.582198371994574	11.859354436126191	-4.192056462357119	0	4	8.042619000017918	11	0.3333333333333333	1	62.86096874659289	12.472349755148517		dr
35.85723011477426	28.685784091819414 	7.1714460229548465	47.437440340145564	39.9034038610244	36.136385621463816	12.750994572781249	-0.666635654682608	0	4	39.841366794193625	11	0.3333333333333333	1	62.71259655630817	12.443223910466136		dr
37.959355411800566	30.367484329440448 	7.591871082360118	40.83257676276243	38.68432581958894	37.610200348002195	4.362873317637018	-5.048132574326999	0	4	42.17706156866729	11	0.3333333333333333	1	62.57733294349665	12.416713785722388		dr
43.13022457696481	34.50417966157185 	8.62604491539296	45.30703848516078	43.89615146488475	43.190707954746735	4.474594571955791	-2.6076927776731154	0	4	47.92247175218312	11	0.3333333333333333	1	62.471642137156806	12.396112324470597		dr
43.44020044798164	34.75216035838531 	8.688040089596328	45.30693205728351	44.41402020098953	43.96756427284254	3.9764732112124364	-1.8670179117688406	0	4	48.26688938664626	11	0.3333333333333333	1	62.368769479377484	12.376068690768573		dr
41.45015393393045	33.160123147144354 	8.290030786786097	45.42773520454881	42.2595032969624	40.6753873431692	4.595522549295929	-6.405629359714233	0	4	46.055726593256054	11	0.3333333333333333	1	62.25630380440196	12.354100745048239		dr
41.20211631614577	32.96169305291661 	8.240423263229161	45.30670590482714	42.963286752047175	41.791577175657196	7.030226411141733	-9.388069849187453	0	4	45.78012924016196	11	0.3333333333333333	1	62.143714566496854	12.332102469744394		dr
43.22011771126552	34.57609416901242 	8.644023542253102	46.09023503138689	44.01619431193433	42.97917395220806	3.0726142545636463	-2.1088392183337703	0	4	48.02235301251725	11	0.3333333333333333	1	62.04305713641583	12.312485028640717		dr
44.261762267214934	35.409409813771944 	8.85235245344299	47.96834428861168	45.405089803903735	44.12346256154976	7.136564631463145	-2.6619310643291385	0	4	49.179735852461036	11	0.3333333333333333	1	61.948976211181964	12.294177448877766		dr
45.882217474097246	36.705773979277794 	9.176443494819452	51.494285135951486	46.862834345638845	44.547108950482524	6.067177990017328	-8.55391827647906	0	4	50.980241637885825	11	0.3333333333333333	1	61.86441432309205	12.277768322803777		dr
44.21645631185801	35.37316504948641 	8.8432912623716	47.96803073646816	44.641855334970636	42.97876763422187	0.07698871046728328	-5.027743421011834	0	4	49.12939590206445	11	0.3333333333333333	1	61.772016637169365	12.259786767513555		dr
39.59012944294173	31.672103554353384 	7.918025888588346	43.43886109633717	40.81411880025511	39.50174765221408	2.6075242854670435	-7.520699725335575	0	4	43.9890327143797	11	0.3333333333333333	1	61.65648597469943	12.237173429602487		dr
15.866334682818515	12.693067746254814 	3.173266936563701	20.752957772515007	17.202168572623098	15.426773972677147	4.171173660478935	-5.92941650104442	0	4	17.629260758687238	11	0.3333333333333333	1	61.41923130479331	12.190210183524567		dr
20.541368637392278	16.433094909913823 	4.108273727478455	28.247140182532892	21.759465374191922	18.515627970021434	11.155645055710856	-11.360061755539544	0	4	22.823742930435863	11	0.3333333333333333	1	61.20852067248712	12.148550717256287		dr
14.648579099373006	11.718863279498404 	2.929715819874602	18.332141119482106	16.208144024868236	15.146145477561305	8.362256796594805	-4.926955028134092	0	4	16.27619899930334	11	0.3333333333333333	1	60.96975174134295	12.101274640859458		dr
23.877802475563833	19.102241980451065 	4.775560495112767	24.924738100591597	24.871596951299257	24.84502637665309	3.8689025994787265	-4.02831905223405	0	4	26.530891639515367	11	0.3333333333333333	1	60.78050710223182	12.063898548279116		dr
22.851417141207808	18.281133712966245 	4.570283428241563	28.05251167865918	24.357829696282508	22.51048870509417	4.509673552354339	-9.720332202675468	0	4	25.390463490230896	11	0.3333333333333333	1	60.587973650653026	12.025859892847453		dr
3.5577018593537395	3.5577018593537395 	0	17.788509296768698	5.9295030989229	0	0	-17.788509296768698	0	5	4.941252582435749	11	0.3333333333333333	1	60.299941974939394	11.965123226721962		dr
1.3201976979678451	1.5811099993843825 	-0.2609123014165373	4.272880559314888	2.635183332307304	1.8163347188035117	0.16697923610662563	-1.4823762465902603	0	14	5.1341021587638425	11	0.3333333333333333	1	60.003561350431994	11.903685862258953		dr
22.551802189721442	18.041441751777153 	4.510360437944289	29.917151307725867	25.896457705154763	23.88611090386921	17.39931566430439	-5.862949426571671	0	4	25.05755798857938	11	0.3333333333333333	1	59.816302554628436	11.86671923513738		dr
19.64502249514995	15.716017996119959 	3.9290044990299897	25.035626707793103	21.252119371101468	19.36036570275565	4.946392129339223	-10.211894840497706	0	4	21.827802772388832	11	0.3333333333333333	1	59.61644543990466	11.827228117047293		dr
16.5822651339796	13.265812107183681 	3.3164530267959194	20.753221316217925	17.93708447530208	16.529016054844153	0	-3.4105777871656624	0	4	18.42473903775511	11	0.3333333333333333	1	59.40340494334068	11.785095567095553		dr
14.689546069549538	11.751636855639632 	2.937909213909906	21.83353141183306	16.914393647510305	14.454824765348924	8.87214118770591	-4.007501671657447	0	4	16.32171785505504	11	0.3333333333333333	1	59.18313962869146	11.741513368311386		dr
30.501553224592683	24.40124257967414 	6.100310644918544	33.703480076537694	31.126451562816555	29.83793730595599	5.076596911252896	-5.076621866616652	0	4	33.89061469399187	11	0.3333333333333333	1	59.04254361690666	11.71386041378495		dr
38.43630959269561	30.74904767415648 	7.687261918539129	39.02129749746176	38.52433315616893	38.275850985522524	0.7454134306395304	-0.8490585951861434	0	4	42.70701065855067	11	0.3333333333333333	1	58.942025402154414	11.694218469905703		dr
39.62279383151008	31.698235065208063 	7.924558766302017	43.438817674468304	41.5959480929673	40.674513302216795	9.735486627329863	-2.9210097924004614	0	4	44.02532647945564	11	0.3333333333333333	1	58.84824272462701	11.67591915095617		dr
39.44912737886117	31.55930190308893 	7.889825475772241	40.83113507082896	39.87480682336612	39.3966426996347	2.6590460254826596	-2.5555200566430614	0	4	43.832363754290185	11	0.3333333333333333	1	58.75452719155568	11.657628843346588		dr
33.651735605720944	26.921388484576756 	6.730347121144188	35.783219896812675	34.51942531826036	33.8875280289842	3.7913642401254712	-4.734533933178469	0	4	37.39081733968994	11	0.3333333333333333	1	58.63384069354686	11.633939988912923		dr
5.978546983494227	4.782837586795383 	1.1957093966988444	8.015003335667245	6.309757593208199	5.457134721978676	3.030087341839784	-3.0300881813149294	0	4	6.6428299816602525	11	0.3333333333333333	1	58.38190148919254	11.583996301868837		dr
0.6844184548250909	0.9058132530427814 	-0.22139479821769048	4.00750166910823	1.5096887550713023	0.2607822980528388	0.2607822980528388	-2.003750834554115	0	30	5.703487123542423	11	0.3333333333333333	1	58.10715156998127	11.527780153773186		dr
26.518384448690274	21.21470755895222 	5.303676889738053	34.75690355572014	28.99586490136602	26.115345574188957	6.509875741605153	0	0	4	29.46487160965586	11	0.3333333333333333	1	57.9574417731979	11.498282034038423		dr
47.62638520642421	38.101108165139365 	9.525277041284845	53.36402005847116	49.411129683212	47.43468449558242	8.894003344333235	-2.9646677814442484	0	4	52.918205784915784	11	0.3333333333333333	1	57.908710374298025	11.488975406714115		dr
60.06835662150398	48.054685297203186 	12.013671324300795	62.258033282016456	60.32668401456541	59.36100938083988	0	-2.8293889664281338	0	4	66.74261846833775	11	0.3333333333333333	1	57.91884955855721	11.491438767829546		dr
59.361016421176494	47.488813136941204 	11.87220328423529	62.25804316499999	60.371786653765014	59.42865839814753	5.929337441589048	-2.8293894584721997	0	4	65.95668491241832	11	0.3333333333333333	1	57.92558865604609	11.493218041270694		dr
62.42511631623642	49.94009305298913 	12.485023263247292	65.22277400924911	63.28926031472135	62.322503467457466	5.390089688467519	-2.4253983761335647	0	4	69.3612403513738	11	0.3333333333333333	1	57.94651669167488	11.497831088814772		dr
58.65551654525581	46.92441323620464 	11.731103309051164	59.42873822113897	59.3836389308467	59.36108928570056	2.8223003564654405	0	0	4	65.17279616139534	11	0.3333333333333333	1	57.94979909840442	11.498911052797348		dr
58.68955569138373	46.95164455310699 	11.737911138276743	62.38703272609885	59.42900662064921	57.949993567924395	5.915829822511576	-5.915811983976255	0	4	65.21061743487081	11	0.3333333333333333	1	57.95320811496193	11.500012435679741		dr
63.80352405712573	51.042819245700585 	12.760704811425143	65.34590424672884	64.31862505545062	63.80498545981153	3.0876831845778057	-0.1288412517353379	0	4	70.89280450791748	11	0.3333333333333333	1	57.98004442662324	11.505795428229032		dr
64.63385481766304	51.70708385413043 	12.926770963532604	68.30529726267251	66.41393964277869	65.46826083283179	2.591735974307781	-5.9293600349828	0	4	71.81539424184781	11	0.3333333333333333	1	58.010427122472734	11.512283900992976		dr
63.92244131709517	51.13795305367613 	12.784488263419043	68.65713336100781	64.47714845894667	62.38715600791609	6.398813469467129	-0.1288410476356674	0	4	71.02493479677241	11	0.3333333333333333	1	58.03729991426648	11.518066648094912		dr
65.22303285023611	52.17842628018889 	13.044606570047222	68.18771616392326	66.21126062020795	65.2230328483503	2.9646833155729553	-2.9646833080296986	0	4	72.47003650026234	11	0.3333333333333333	1	58.069814542936015	11.524974068556235		dr
63.210066097305535	50.56805287784444 	12.642013219461099	67.16406688693635	64.11333563353789	62.58797000683866	6.663809398327864	-4.576119168749692	0	4	70.23340677478393	11	0.3333333333333333	1	58.09296882921696	11.530005776443193		dr
58.82280845237674	47.0582467619014 	11.76456169047534	61.42251738062548	59.60654020855799	58.69855162252424	0.42500196571349846	-4.028874911668929	0	4	65.35867605819638	11	0.3333333333333333	1	58.09624165263919	11.53105759668549		dr
38.51543377816415	30.81234702253132 	7.703086755632832	51.81399204135871	41.38169582660193	36.16554771922354	0	-13.065095943718127	0	4	42.79492642018239	11	0.3333333333333333	1	58.008827331771	11.513968441145076		dr
8.285973731563194	6.628778985250555 	1.6571947463126389	15.35567363715289	9.071495944552636	5.929407098252509	3.771759793380625e-9	-9.4262665370145	0	4	9.20663747951466	11	0.3333333333333333	1	57.78783687132564	11.47016055805693		dr
27.44609842630551	21.95687874104441 	5.4892196852611015	35.3211046898853	31.476240022689723	29.55380768909193	10.396454751634089	-1.1381392499526584	0	4	30.495664918117235	11	0.3333333333333333	1	57.653581391480415	11.443696217911818		dr
44.494316926612655	35.59545354129013 	8.898863385322528	48.72314362619213	46.327466095050575	45.1296273294798	6.134773818446206	-3.5935322069775992	0	4	49.4381299184585	11	0.3333333333333333	1	57.59561106344135	11.432485500587633		dr
44.948578233261685	35.95886258660935 	8.989715646652336	48.62467742193265	46.32645779782763	45.177347985775114	1.9364723400240536	-4.958186532291016	0	4	49.942864703624096	11	0.3333333333333333	1	57.54014162120372	11.421771597719497		dr
23.48815975221946	18.790527801775568 	4.697631950443892	33.36795863570243	25.97421077833138	22.277336849645856	0	-7.890631201852816	0	4	26.097955280243845	11	0.3333333333333333	1	57.39144301042213	11.392408542491218		dr
24.215108540298164	19.37208683223853 	4.843021708059634	26.810208567807912	26.176140605739153	25.859106624704776	8.478196223832715	-1.88577134839284	0	4	26.905676155886848	11	0.3333333333333333	1	57.24719807794333	11.363932947558906		dr
17.827229404800143	14.261783523840117 	3.5654458809600253	24.924414830269896	19.762137537291963	17.180998890802996	4.007501666559012	-6.592423722547611	0	4	19.80803267200016	11	0.3333333333333333	1	57.07654886290808	11.330173263287914		dr
4.659086308893579	3.991169363617338 	0.6679169452762412	9.969757255023291	5.986754045426007	5.986754045426007	0	-7.966006419194568	0	3	3.8825719240779826	11	0.3333333333333333	1	56.85061152431319	11.284215261917176		dr
