_avgSpeed	_exSpeed	 DiffAvgExpSpeed	 Max Speed	AvgTop3Speed	_speedMedian	_maxAcceleration	_maxDecceleration	Num Of Stops(including end/start point)	duration	distance	stopDurationMedianSoFar(while moving)	ratio Of Short Stop(while moving)	ratio Of Instant Stop(in short stop)	Avg of AvgSpeed	Avg of DiffAvgExp	label
1.2211420579100016	1.9996702595518716 	-0.77852820164187	4.985965401981319	3.332783765919786	2.5061929478890193	0.20953058830845922	-4.007501671657446	0	23	7.801740925536121	19	0	1.1	1.2211420579100016	-0.77852820164187		dr
8.977695754098308	7.182156603278647 	1.7955391508196614	11.86577300429307	9.298593226908663	8.01500333821646	2.5492141730865114e-9	-3.8507696660766104	0	4	9.975217504553676	19	0	1.1	5.099418906004155	0.5085054745888957		dr
7.508595089659523	9.23008117124186 	-1.721486081582337	25.048430615253608	14.671273088580058	9.482694325243285	10.090543636424483	-1.8709150811883246	1	7	14.600046007671295	12	0.5	0	5.902477633889277	-0.2348250441348485		dr
37.78919837812562	30.231358702500494 	7.557839675625125	42.29640258444834	39.185358479547496	37.629836427097075	3.525102733918203	0	0	4	41.98799819791735	12	0.5	0	13.874157819948362	1.713341135805145		dr
42.244351436040155	33.795481148832124 	8.448870287208031	43.23520570057761	42.41816686363606	42.009647445165285	0.938822513225837	-1.5122939975988174	0	4	46.938168262266835	12	0.5	0	19.54819654316672	3.060446966085722		dr
36.56068272928996	29.248546183431973 	7.312136545857985	41.72289204628297	37.78895884922323	35.82199225069335	0	-5.90089699349393	0	4	40.622980810322176	12	0.5	0	22.383610907520595	3.769061896047766		dr
34.28939364502064	27.43151491601651 	6.857878729004128	38.77120255995651	35.74128479223864	34.22632590837971	3.1912934333435743	-6.140523368248587	0	4	38.09932627224515	12	0.5	0	24.084437012877743	4.21032144361296		dr
31.603324192474926	25.282659353979945 	6.320664838494981	32.875823558972634	32.15986662410447	31.80188815667038	2.147865677578956	-2.9421215343607656	0	4	35.114804658305474	12	0.5	0	25.02429791032739	4.474114367973213		dr
41.154534744601634	32.923627795681305 	8.230906948920328	47.63159774428637	42.93207414322743	40.58231234269796	8.854483785594233	-0.6663078023532094	0	4	45.727260827335144	12	0.5	0	26.816546447468973	4.891535765856226		dr
58.938391785155446	47.15071342812437 	11.787678357031076	67.20099405238841	60.586620717564024	57.27943405015183	9.571103434104778	-2.935272494090256	0	4	65.48710198350605	12	0.5	0	30.02873098123762	5.581150024973711		dr
75.96713408208515	60.77370726566812 	15.19342681641703	77.96088405467489	76.63626705285748	75.97395855194877	2.8324246713020926	-2.859722550756544	0	4	84.40792675787239	12	0.5	0	34.20494944495103	6.454993369650376		dr
78.25293189867557	62.60234551894045 	15.650586379735117	79.68663428478698	78.73083229106413	78.25293129420271	2.8674035632770654	-0.00005917294140544982	0	4	86.94770210963952	12	0.5	0	37.87561464942808	7.221292787157438		dr
75.86004049271355	60.68803239417083 	15.172008098542719	79.6864567651601	76.82152037437108	75.38905217897658	3.8433007220955346	-6.710855917419195	0	4	84.28893388079283	12	0.5	0	40.797493560450036	7.832886272648613		dr
66.02161168944824	52.81728935155858 	13.204322337889657	71.10820278513036	67.5438584027617	65.76168621157737	0	-3.9080728300635883	0	4	73.35734632160914	12	0.5	0	42.59921628394991	8.216560277308687		dr
53.558952384053164	42.84716190724253 	10.711790476810634	57.62897303868235	55.091663483215484	53.82300870548205	0	-3.953848672441282	0	4	59.509947093392405	12	0.5	0	43.32986535729013	8.382908957275484		dr
30.0588279944373	24.04706239554984 	6.011765598887461	40.393313156689906	32.056151847356574	27.88757119268991	0.9809682176916148	-9.665995424681178	0	4	33.398697771597	12	0.5	0	42.500425522111826	8.234712497376233		dr
31.491412351063857	25.193129880851085 	6.298282470212772	37.57168618222118	33.96627050714475	32.16356266960653	6.660443531769825	0	0	4	34.99045816784873	12	0.5	0	41.85283651205018	8.120804848719558		dr
54.76949220453749	43.81559376362999 	10.953898440907501	61.454363054839256	56.70578222611993	54.33149181176026	5.705788133704914	0	0	4	60.85499133837499	12	0.5	0	42.570428494966144	8.278198937174444		dr
71.84573987289998	57.47659189831999 	14.369147974579995	77.95907223152646	73.3945210071684	71.11224539498937	5.6918070077696115	0	0	4	79.82859985877775	12	0.5	0	44.11123435696267	8.59877520230105		dr
82.64737757841893	66.11790206273514 	16.529475515683785	83.62231510222328	83.26789065601811	83.09067843291552	2.836476756601911	-1.063127393536405	0	4	91.83041953157658	12	0.5	0	46.038041518035485	8.99531021797019		dr
79.94704277600196	63.95763422080157 	15.989408555200392	82.558929959544	80.33862855427887	79.22847785164632	2.874307584992252	-3.786596630803132	0	4	88.83004752889107	12	0.5	0	47.65275586365293	9.328362519743056		dr
72.29519665658272	57.836157325266164 	14.459039331316554	73.9573992086837	73.30153091171086	72.97359676322442	4.681205317485393	-0.9837804203684044	0	4	80.32799628509191	12	0.5	0	48.772866808786105	9.561575102087305		dr
75.20981139304273	60.16784911443417 	15.041962278608558	75.87012616101075	75.62739439461959	75.506028511424	0	-1.1849144387450963	0	4	83.5664571033808	12	0.5	0	49.92229918201465	9.799852805414316		dr
73.54039379125534	58.83231503300427 	14.70807875825107	75.14176295452357	74.35185754393792	73.95690483864509	1.1847983567565592	-2.850842546315576	0	4	81.71154865695037	12	0.5	0	50.906386457399684	10.004362220115848		dr
69.41860333993766	55.53488267195013 	13.883720667987532	71.1058987456712	70.15885476148739	69.68533276939549	1.0669696116693785	-3.907997776544647	0	4	77.13178148881963	12	0.5	0	51.6468751327012	10.159536558030716		dr
62.74192891907091	50.19354313525672 	12.54838578381419	65.43492299989059	64.12450943131546	63.4693026470279	0	-4.023480546168642	0	4	69.71325435452323	12	0.5	0	52.07360797063849	10.251415374407003		dr
51.63555833817082	41.308446670536654 	10.327111667634163	55.74693711038883	53.484293674516856	52.35297195658087	0	-6.787865441161955	0	4	57.372842597967576	12	0.5	0	52.057383910176725	10.254218940822822		dr
26.241125577351475	20.992900461881177 	5.248225115470298	30.726209915280123	28.481853695190242	27.359675585145304	0	-6.733050491659355	0	4	29.156806197057193	12	0.5	0	51.1353746840044	10.075433447060233		dr
16.33507548613954	13.068060388911633 	3.267015097227908	20.897269882535895	17.652427743434433	16.030006673883705	4.86726320865219	-8.51425116828103	0	4	18.150083873488377	12	0.5	0	49.935364366836644	9.84066040051429		dr
0.45647067423189847	2.3292169287493185 	-1.87274625451742	8.54627339554478	3.8820282145821974	1.5499056241009062	0.06679169448513718	-5.580045536313243	0	34	4.311111923301263	12	0.5	0	48.286067910416484	9.450213512013232		dr
12.509867624221007	10.007894099376806 	2.5019735248442014	14.957509244440121	13.71359846667618	13.091643077794208	5.419710924560723	-3.0926091102679205	0	4	13.89985291580112	12	0.5	0	47.13199693344244	9.226076738233585		dr
16.04648953049663	12.837191624397303 	3.2092979060993265	24.227278419331395	18.142173867542798	15.099621591648502	14.467841899973278	-5.892942895314068	0	4	17.82943281166292	12	0.5	0	46.16057482710038	9.03805239972939		dr
2.273468164776064	6.529384918636296 	-4.255916753860232	17.79741227951372	10.560653104543976	6.942273517059104	8.898706137869866	-4.0208756129248036	0	22	13.893416562520393	19	0.3333333333333333	0	44.83066250399964	8.635204849620614		dr
38.25864954329807	30.60691963463845 	7.651729908659618	44.51375168468162	40.13533633031354	37.94612865312949	8.695091506281834	0	0	4	42.50961060366452	19	0.3333333333333333	0	44.63736800515548	8.606279116062936		dr
60.512335064666594	48.409868051733284 	12.10246701293331	64.3202869523832	62.100928077427085	60.99124863994902	8.573730925998028	-3.7898281145072232	0	4	67.23592784962955	19	0.3333333333333333	0	45.09093849257008	8.70617019883066		dr
67.19677391604624	53.75741913283699 	13.439354783209247	67.19683420315233	67.19679401247022	67.19677391712916	0	-0.0000401939557264086	0	4	74.66308212894026	19	0.3333333333333333	0	45.70498947655553	8.837647548396733		dr
61.55168483304245	49.24134786643397 	12.310336966608482	65.43391696280572	62.86023422328117	61.5733928535189	4.990686624693481	-7.807880300479418	0	4	68.39076092560272	19	0.3333333333333333	0	46.13327854024436	8.931504019159211		dr
53.789075095171754	43.0312600761374 	10.757815019034354	58.59318174576398	56.35588998887774	55.237244110434624	3.8647144083907605	-9.657390469442227	0	4	59.76563899463528	19	0.3333333333333333	0	46.33474687063719	8.9795648349454		dr
41.83081479083746	33.464651832669965 	8.366162958167493	43.2320181293875	42.26412224786806	41.78017430710834	2.4985387918277127	-2.7011007267441585	0	4	46.47868310093051	19	0.3333333333333333	0	46.21926143269361	8.963836581694684		dr
49.247397162703685	39.397917730162945 	9.84947943254074	52.09752169075934	50.96902343275729	50.404774303756255	2.56550474953972	-8.01500333821646	0	4	54.71933018078187	19	0.3333333333333333	0	46.29496482594386	8.985977652965836		dr
52.04823553927345	41.63858843141876 	10.409647107854688	53.59962451806334	52.68204211982484	52.223250920705595	2.7641716867897372	-3.4528087204440396	0	4	57.831372821414945	19	0.3333333333333333	0	46.43528850187872	9.020701298207028		dr
50.88981121581217	40.71184897264974 	10.177962243162433	52.597373072562775	51.14863530730005	50.42426642466869	2.1731066478940875	-2.4840341312142016	0	4	56.54423468423575	19	0.3333333333333333	0	46.54134856649619	9.048255130229776		dr
57.161282915451835	45.72902633236147 	11.432256583090364	64.39386903954366	59.59574633043133	57.19668497587517	7.141785546027236	0	0	4	63.51253657272426	19	0.3333333333333333	0	46.78832378391376	9.103697024482347		dr
76.29217179695586	61.03373743756468 	15.258434359391174	84.20979212704356	78.92778653039586	76.28678373207202	8.009506926694087	-0.17299706344510923	0	4	84.7690797743954	19	0.3333333333333333	0	47.45886578421017	9.243577418457548		dr
94.21261848717015	75.37009478973611 	18.842523697434032	104.19504338151869	96.2118508991609	92.220254657982	15.98012213032078	-4.005333580690959	0	4	104.68068720796683	19	0.3333333333333333	0	48.49783806649817	9.456887335768137		dr
109.22477436613845	87.37981949291076 	21.844954873227692	112.24924756103947	110.88727977713383	110.20629588518102	8.011989427887201	-3.965286917474643	0	4	121.36086040682049	19	0.3333333333333333	0	49.817988855620776	9.726193151799867		dr
113.2308702683631	90.58469621469048 	22.646174053672624	120.2616396442264	114.90697867427518	112.22964818929955	8.05159292449126	-12.059094593599497	0	4	125.81207807595901	19	0.3333333333333333	0	51.16719909844508	10.001086362478011		dr
111.2571559228924	89.00572473831392 	22.25143118457848	112.36678054215663	112.27535954613114	112.2296490481184	4.046706320776323	-4.164235488980509	0	4	123.6190621365471	19	0.3333333333333333	0	52.4190731989544	10.256301879605104		dr
118.34011085487441	94.67208868389955 	23.668022170974865	120.55399195109567	119.04763167773451	118.29445154105393	4.336443562252271	-4.153806304421067	0	4	131.48901206097156	19	0.3333333333333333	0	53.764400498054805	10.530010456979996		dr
117.22857252731828	93.78285802185464 	23.44571450546364	120.2616449452922	118.90141446317932	118.2212992221229	4.044096556448807	-0.03659488988981252	0	4	130.25396947479808	19	0.3333333333333333	0	55.03368393864007	10.78832453794967		dr
114.2798091118234	91.42384728945873 	22.855961822364662	120.37136698083286	116.29200987090597	114.25233131594251	4.006150413991449	-8.122110871886065	0	4	126.97756567980377	19	0.3333333333333333	0	56.195372667526016	11.024944876859768		dr
113.2213870868394	90.57710966947153 	22.644277417367874	116.25540819070136	114.89433443139382	114.21379755174004	4.045361473515442	-0.03785980440719072	0	4	125.80154120759933	19	0.3333333333333333	0	57.292026790974354	11.248393579561847		dr
123.90240520639114	99.12192416511292 	24.78048104127822	128.54853846308626	124.93343783080611	123.12588751466603	7.739231129940009	-7.4118069135517715	0	4	137.66933911821238	19	0.3333333333333333	0	58.548826383718065	11.503715984499891		dr
125.26505855059652	100.2120468404772 	25.05301171011932	127.06966836192288	125.96857995202738	125.41803574707961	3.915174015618959	-2.4938583094669013	0	4	139.18339838955168	19	0.3333333333333333	0	59.78431216458619	11.754628868307659		dr
111.12594090972429	88.90075272777943 	22.22518818194486	117.72277013765655	113.60628264460364	111.54803889807715	0	-5.5017339103710015	0	4	123.47326767747143	19	0.3333333333333333	0	60.71779632358869	11.945002674010155		dr
106.23064092350997	84.98451273880798 	21.246128184701988	109.18676865577838	107.07917894340572	106.02538408721938	3.8772997631386374	-4.698327108300958	0	4	118.03404547056662	19	0.3333333333333333	0	61.53052569144443	12.111094200986795		dr
115.2642207198935	92.2113765759148 	23.052844143978703	117.16058428046489	116.95969444022451	116.85924952010433	6.982776088753454	-0.6026608879101332	0	4	128.07135635543722	19	0.3333333333333333	0	62.47322209545231	12.303054726302442		dr
115.31326539450575	92.2506123156046 	23.06265307890115	116.25541805182723	116.23017160983801	116.2175483888434	3.692871303318256	-0.037869662983837316	0	4	128.1258504383397	19	0.3333333333333333	0	63.38425732474633	12.488565042726558		dr
115.31361035292841	92.25088828234273 	23.06272207058568	120.22505005540239	116.33505694891738	114.39006039567488	4.007501666558994	-7.9757794904409	0	4	128.126233725476	19	0.3333333333333333	0	64.26441585064772	12.667788043198746		dr
104.2056037288009	83.36448298304073 	20.841120745760165	112.21004671973515	106.88079162311739	104.21616407480852	0	-8.01500333821646	0	4	115.7840041431121	19	0.3333333333333333	0	64.9301023152836	12.804010254908102		dr
90.19330202093445	72.15464161674757 	18.038660404186885	96.22580201115883	92.18779236432925	90.16878754091448	4.053263636964843	-12.015971020408841	0	4	100.2147800232605	19	0.3333333333333333	0	65.34425313013034	12.889824191781525		dr
83.38726099356406	66.70980879485124 	16.677452198712814	84.20983208660897	84.17496738788749	84.15753503852675	0.052297048082223796	-3.1333932279329986	0	4	92.65251221507117	19	0.3333333333333333	0	65.63526938599217	12.950914966086868		dr
83.85128189894479	67.08102551915583 	16.77025637978896	85.46680157873608	84.43379912328804	83.91729789556402	3.363071352821038	-2.886718105177536	0	4	93.16809099882754	19	0.3333333333333333	0	65.92441244175333	13.011539432971029		dr
87.07021466294732	69.65617173035785 	17.414042932589467	90.35290544938172	88.89843481489095	88.17119949764557	8.172451202850425	-3.7685118640573876	0	4	96.74468295883035	19	0.3333333333333333	0	66.25481560145948	13.080328550152567		dr
88.51083093917175	70.8086647513374 	17.70216618783435	91.25114481586871	89.18165701317766	88.14691311183215	4.310067412368809	-4.752792098714664	0	4	98.34536771019084	19	0.3333333333333333	0	66.59721583742429	13.15143374457844		dr
91.76733329037967	73.41386663230375 	18.353466658075916	94.95917928712751	92.68170085899963	91.5429616449357	5.93494870260767	-3.7078280913099633	0	4	101.96370365597741	19	0.3333333333333333	0	66.97858125337815	13.230252425085979		dr
99.97286890194592	79.97829512155673 	19.99457378038919	105.22790273346897	102.14860583424088	100.60895738462688	5.076278367008442	0	0	4	111.08096544660657	19	0.3333333333333333	0	67.47103330783439	13.331212445314383		dr
112.64732529204511	90.1178602336361 	22.529465058409016	114.57880950290922	113.43180358493636	112.85830062594992	4.284919089537837	-1.720414655562493	0	4	125.16369476893901	19	0.3333333333333333	0	68.1353905428963	13.466480866095186		dr
119.56016957953551	95.64813566362841 	23.912033915907102	122.05723145551609	121.11288460652732	120.64071118203293	2.5145689244266123	-6.836735334416318	0	4	132.84463286615056	19	0.3333333333333333	0	68.88067719560122	13.617865692904056		dr
126.88050066224545	101.50440052979636 	25.376100132449096	136.059516016508	129.82634128361823	126.70975391717337	11.851544271616902	-5.003564344564509	0	4	140.9783340691616	19	0.3333333333333333	0	69.70924610226757	13.785840470611841		dr
131.19741225385638	104.95792980308511 	26.239482450771277	136.0584944875251	132.33643940512732	130.4754118639284	8.278163687481438	-4.318157489752565	0	4	145.77490250428485	19	0.3333333333333333	0	70.57527661144488	13.961243878783103		dr
132.81222140910228	106.24977712728182 	26.56244428182046	134.28795157647866	133.29435273291074	132.79755331112676	0.43180583092743063	-2.9221241388017063	0	4	147.56913489900253	19	0.3333333333333333	0	71.43967862252346	14.13626055104751		dr
128.47780464520483	102.78224371616386 	25.695560929040965	131.17961755355483	129.07179778246257	128.01788789691645	4.4837923201233	-2.1994727618077974	0	4	142.7531162724498	19	0.3333333333333333	0	72.22102281461498	14.294607131567968		dr
127.41204068384509	101.92963254707607 	25.482408136769024	128.8943161704319	128.1609191336524	127.7942206152627	3.7282095265732806	-2.199489800902853	0	4	141.5689340931612	19	0.3333333333333333	0	72.96684738041539	14.445793631638253		dr
127.74149066722184	102.19319253377748 	25.548298133444362	131.17724706211482	128.92124728438958	127.79324739552699	4.483876210774866	-4.690903123995412	0	4	141.9349896302465	19	0.3333333333333333	0	73.69717595757281	14.593827024995669		dr
126.74608387846912	101.3968671027753 	25.34921677569382	129.2033182683136	127.5943592701676	126.7898797710946	2.9350743377596302	-0.692904540077464	0	4	140.8289820871879	19	0.3333333333333333	0	74.39518790390039	14.735345311189064		dr
127.54510933687364	102.0360874694989 	25.50902186737474	132.29312250963534	129.55491988198193	128.18581856815518	7.083495181285969	-10.777444808086528	0	4	141.71678815208182	19	0.3333333333333333	0	75.08544662380913	14.875263188542124		dr
128.2620036357071	102.60960290856565 	25.65240072714144	132.18276756763302	129.24611495703792	127.7777886517404	6.87309789591859	-5.3002994364975535	0	4	142.51333737300786	19	0.3333333333333333	0	75.76719735473091	15.013431618524168		dr
126.51372604698156	101.21098083758525 	25.302745209396306	127.7332834339512	126.95393755328553	126.56426461295268	0	-1.0221649448384653	0	4	140.5708067188684	19	0.3333333333333333	0	76.40955847741763	15.143676094357993		dr
130.67135013557416	104.53708010845932 	26.134270027114837	133.75575804293746	131.70134559012254	130.67413936371508	5.934016920488972	-0.2515342630831725	0	4	145.19038903952685	19	0.3333333333333333	0	77.0878308731446	15.281058518517451		dr
128.60286204046076	102.88228963236861 	25.720572408092153	131.1010100419678	128.92234268678763	127.83300900919757	3.2679707647007348	-0.1885586396479937	0	4	142.89206893384528	19	0.3333333333333333	0	77.72381891224725	15.409941406043064		dr
126.93426921219887	101.5474153697591 	25.386853842439777	127.83318051572512	127.70748169147616	127.64463227935168	3.2185487413581484	-0.18855833814092193	0	4	141.03807690244318	19	0.3333333333333333	0	78.3239463549296	15.53161106990156		dr
127.69189033067292	102.1535122645383 	25.538378066134612	130.61035370676623	128.6961329025937	127.7390225005074	3.1541389651314518	-0.18855815906925955	0	4	141.87987814519212	19	0.3333333333333333	0	78.91874086066144	15.6521745276875		dr
126.96738517656429	101.57390814125145 	25.39347703531284	130.54895147863093	127.75157048723229	126.35287999153296	5.67657378534075	-2.961004596485566	0	4	141.07487241840477	19	0.3333333333333333	0	79.49074853108887	15.768142414683037		dr
126.19317880438189	100.9545430435055 	25.23863576087639	127.83350335762799	126.71924266569526	126.16211231972889	3.1541433823117586	-3.2185161371862847	0	4	140.21464311597987	19	0.3333333333333333	0	80.04018888724526	15.879559983461784		dr
126.17941640154947	100.94353312123958 	25.235883280309892	130.54905491517022	127.66788064192112	126.22729350529656	2.7095557442746525	-5.8680476969993265	0	4	140.1993515572772	19	0.3333333333333333	0	80.57669153276042	15.988354440401878		dr
102.4972184297116	81.99777474376927 	20.499443685942325	107.11325641468385	103.99832921010784	102.44086560781986	3.19004555454498	-9.119370326161032	0	4	113.8857982552351	19	0.3333333333333333	0	80.82865161203571	16.040206040925334		dr
98.65371914429382	78.92297531543504 	19.730743828858778	100.87899100309919	98.9009715738888	97.9119618592836	2.9670291438155942	-2.9670291438155942	0	4	109.61524349365979	19	0.3333333333333333	0	81.03120919762956	16.082143970333668		dr
107.779346197303	86.2234769578424 	21.555869239460606	109.85329626563224	108.07637477447979	107.18791402890355	2.9650188859333753	-0.5992902123355748	0	4	119.75482910811444	19	0.3333333333333333	0	81.33175006279444	16.143646501447453		dr
115.16387540182936	92.13110032146349 	23.032775080365866	118.68139157128417	115.94568697814607	114.57783468157703	3.5187523076523775	0	0	4	127.95986155758817	19	0.3333333333333333	0	81.7076625665615	16.220192374546546		dr
119.59054993791065	95.67243995032852 	23.918109987582127	121.9122773285778	119.87104001231073	118.85042135417717	3.163178814438794	-0.20266447950487532	0	4	132.87838881990072	19	0.3333333333333333	0	82.12395803218071	16.304784875788695		dr
120.24835063930422	96.19868051144337 	24.04967012786085	124.61563886838435	121.73650516447698	120.29693831252331	8.831751804598497	-6.128428734935881	0	4	133.6092784881158	19	0.3333333333333333	0	82.53835360399728	16.388968411137306		dr
126.09915837606776	100.8793267008542 	25.21983167521357	127.58267788941346	127.58267788689697	127.58267788563873	5.934078045833374	-7.549473934886919e-9	0	4	140.11017597340862	19	0.3333333333333333	0	83.00674935423459	16.483923930105867		dr
130.56511907898	104.45209526318399 	26.113023815795998	130.61124284347233	130.57024624069462	130.54974793930575	0.06150524586152528	-0.061484562471605386	0	4	145.0723545322	19	0.3333333333333333	0	83.51268945768933	16.586361162932356		dr
125.4363895731353	100.34911165850824 	25.087277914627066	127.83418938964667	126.69899257647317	126.13139416988642	2.902607857966615	-6.185608826524955	0	4	139.37376619237256	19	0.3333333333333333	0	83.95399156416771	16.67584449716072		dr
118.60329767140911	94.88263813712729 	23.720659534281822	122.24112231868344	119.54311342417041	118.19410897691391	3.289303065501528	-4.804723618037528	0	4	131.78144185712122	19	0.3333333333333333	0	84.31492183611813	16.749227987130734		dr
114.42998756056161	91.54399004844929 	22.885997512112326	122.45703723156007	115.76167140898264	112.41398849769391	9.14947655724228	-10.93662091049002	0	4	127.14443062284623	19	0.3333333333333333	0	84.62538643121549	16.812493652336727		dr
104.52579297144625	83.620634377157 	20.905158594289247	108.54679567789685	105.51308809385462	103.99623430183352	6.982620850033626	-6.98288807367571	0	4	116.13976996827361	19	0.3333333333333333	0	84.82845180407499	16.85425553949951		dr
108.78820633841602	87.03056507073282 	21.757641267683198	114.89060089045645	109.57500492364447	106.91720694023846	7.484158655929377	-0.00016106321915287936	0	4	120.87578482046224	19	0.3333333333333333	0	85.07046952664409	16.90378468826904		dr
109.93984373853512	87.95187499082809 	21.98796874770703	112.27915803143051	110.77412407398374	110.02160709526038	2.5846938257424057	-4.842155299241313	0	4	122.15538193170568	19	0.3333333333333333	0	85.319163268763	16.95462652886342		dr
103.07731442368551	82.46185153894841 	20.6154628847371	106.29772734008576	105.00903714152453	104.36469204224392	1.7989474991476158	-9.015581069917317	0	4	114.53034935965056	19	0.3333333333333333	0	85.49498654752462	16.99087243337702		dr
95.91085506247173	76.72868404997737 	19.18217101249435	97.28189641534271	96.74645888235376	96.4787401158593	0.10788262426643769	-3.1286378251669476	0	4	106.56761673607969	19	0.3333333333333333	0	85.59710290551429	17.01235575278013		dr
71.87636177337785	57.50108941870228 	14.375272354675573	86.56338025323782	75.89042959317366	70.55395426314158	0	-15.828897741892256	0	4	79.86262419264206	19	0.3333333333333333	0	85.46389182656152	16.986753001342226		dr
19.26968425668519	15.415747405348151 	3.8539368513370373	33.383431953249186	25.692912342246917	21.847652536745787	0	-16.89290406698814	1	4	21.410760285205765	19	0.3333333333333333	0	84.82740906146657	16.86047592297679		dr
2.6916354895260404	2.640598258763494 	0.051037230762546404	5.933578703519698	3.955719134421662	2.966789349872645	2.9667893555342575	-1.887204170714085e-9	0	7	5.233735674078412	19	0.3333333333333333	0	84.04516359887664	16.70038603066999		dr
6.582686926106175	16.656800892877754 	-10.07411396677158	43.03444048114033	27.465547738093004	19.68110136656934	19.03797695353752	0	0	14	25.59933804596846	15.5	0.25	0	83.31438551705806	16.447796408052614		dr
70.46592176444635	56.37273741155708 	14.093184352889267	82.40702410194001	73.07483746080088	68.4087441402313	13.16093803517505	0	0	4	78.2954686271626	15.5	0.25	0	83.19430641656635	16.4257906879109		dr
91.71795814918669	73.37436651934935 	18.343591629837334	101.35628675750824	94.13597995992676	90.525826561136	9.037164040725614	0	0	4	101.9088423879852	15.5	0.25	0	83.27322911779432	16.443548104039852		dr
109.1705451562322	87.33643612498577 	21.834109031246427	116.18327941422704	111.25641805710154	108.79298737853881	7.798207686464437	-0.815831301552393	0	4	121.30060572914688	15.5	0.25	0	83.51081917319283	16.493002791445416		dr
108.4940195854695	86.7952156683756 	21.698803917093898	110.51546266350074	109.91037277854151	109.60782783606192	0.8154305054071216	-5.770583082512033	0	4	120.54891065052166	15.5	0.25	0	83.7379391769408	16.54032825622404		dr
109.11780154693506	87.29424123754805 	21.823560309387005	115.42865770945895	111.00379936157668	108.79137018763555	11.9688496064488	-6.2296230239133195	0	4	121.24200171881672	15.5	0.25	0	83.9665865856795	16.58792494138767		dr
104.03156641688066	83.22525313350454 	20.806313283376127	109.19872328738822	107.26084070902748	106.29189941984708	0	-11.948077953324173	0	4	115.59062935208962	15.5	0.25	0	84.14573819131522	16.625589123012567		dr
98.87578272424007	79.10062617939204 	19.77515654484803	99.29139362192454	99.04115106677392	98.9160297891986	0.9114409240871026	-0.9117159252860603	0	4	109.86198080471118	15.5	0.25	0	84.2760925677128	16.653461401081906		dr
96.62859543843163	77.30287635074531 	19.325719087686323	104.24209250671551	98.34123932652051	95.39081273642302	12.751428732550522	-7.8000617691862715	0	4	107.36510604270181	15.5	0.25	0	84.38444785605242	16.676902257981943		dr
104.06720182205368	83.25376145764294 	20.813440364410738	112.17079745131045	105.65953181200649	102.4038989923545	10.819394393804814	-8.714402524107072	0	4	115.6302242467263	15.5	0.25	0	84.55560223836548	16.712872154559587		dr
116.54942768937899	93.2395421515032 	23.309885537875786	120.34426924225224	117.62965152287597	116.27234266318783	3.224034538037145	0	0	4	129.49936409931	15.5	0.25	0	84.83141107846042	16.769742959588175		dr
120.37979438958847	96.30383551167077 	24.0759588779177	125.26903358282199	122.73710929798342	121.47114715556415	11.961183918418413	-5.5057996845030175	0	4	133.75532709954274	15.5	0.25	0	85.13524341445296	16.832189249488426		dr
130.08188752405107	104.06551001924086 	26.016377504810208	133.06505627202296	131.41649659526612	130.5922167568877	6.986995961617112	-4.945205493865757	0	4	144.53543058227896	15.5	0.25	0	85.51614717809363	16.910021353347084		dr
127.20924588537356	101.76739670829883 	25.44184917707473	130.19690942983587	128.55337128140715	127.7316022071928	4.92968769502022	-7.0195763574301395	0	4	141.34360653930395	15.5	0.25	0	85.86650935210437	16.98171738547925		dr
117.93987560395414	94.3519004831633 	23.58797512079083	119.10895748751528	118.52861736515376	118.238447303973	0.8706073125311207	-2.935307167160019	0	4	131.0443062266157	15.5	0.25	0	86.13378740420312	17.036769533273514		dr
115.78816090271073	92.63052872216858 	23.15763218054215	118.23756389803019	117.5491688015536	117.20497125331534	7.732056672680983	-7.732426691848062	0	4	128.65351211412303	15.5	0.25	0	86.37886487113293	17.08735517498648		dr
117.01232516962158	93.60986013569726 	23.402465033924315	120.33812710523851	118.2489724348401	117.20439509964089	4.165938759417685	-7.035743731272518	0	4	130.01369463291286	15.5	0.25	0	86.6299588080058	17.139118370551543		dr
113.32065055667194	90.65652044533753 	22.6641301113344	118.23564904385138	114.96993320946892	113.33707529227769	2.130061351284013	-7.798484036709482	0	4	125.9118339518577	15.5	0.25	0	86.8469563018974	17.184037165192056		dr
113.54097087158782	90.83277669727026 	22.708194174317555	116.45954015544045	114.99162333386153	114.25766492307204	6.011897501501338	-1.8864921263921275	0	4	126.15663430176424	15.5	0.25	0	87.06223061294328	17.228586818491454		dr
118.4836102472111	94.78688819776889 	23.696722049442215	119.89696137529967	119.23651027212473	118.90628472053724	3.672051202829408	-1.6908189085056193	0	4	131.64845583023455	15.5	0.25	0	87.31360165001742	17.28033190033906		dr
127.13527076596802	101.70821661277441 	25.42705415319361	129.2513660585589	127.66954888308673	126.87864029535065	3.718929643947007	-1.0592778679327353	0	4	141.26141196218668	15.5	0.25	0	87.62964664300115	17.344988426155368		dr
134.37552538006668	107.50042030405332 	26.875105076013355	140.82629548704668	136.090745723374	133.72297084153766	7.739370623554635	-6.467278667463404	0	4	149.30613931118518	15.5	0.25	0	87.99772442833238	17.420028714736926		dr
131.6628969059213	105.33031752473703 	26.33257938118426	136.77050088138074	132.80384474335543	130.82051667434277	3.4519652582686717	-7.675966836172307	0	4	146.29210767324588	15.5	0.25	0	88.33885858831354	17.489658016818545		dr
124.42835481402554	99.54268385122043 	24.885670962805108	128.5483051260164	125.78071659054974	124.39692232281641	0.3082517323975651	-8.177035641563464	0	4	138.25372757113948	15.5	0.25	0	88.61862212494697	17.546991450508365		dr
113.36731613722891	90.69385290978312 	22.673463227445794	116.36879903496093	115.034761417671	114.36774260902604	4.001707278288777	-8.003817347958062	0	4	125.96368459692101	15.5	0.25	0	88.8089966942722	17.586425848792498		dr
111.32854530236236	89.06283624188987 	22.26570906047249	116.21754839139261	112.31640265710172	110.36582978995628	7.852575153248395	-4.001710266351125	0	4	123.6983836692915	15.5	0.25	0	88.980901645479	17.622145567965628		dr
110.44956634833117	88.35965307866495 	22.089913269666226	116.21754838629417	111.14443358434534	108.60787618337092	7.366762053046827	-7.852582352799672	0	4	122.72174038703464	15.5	0.25	0	89.14354304474301	17.65599229297851		dr
110.35667366632421	88.28533893305936 	22.071334733264848	112.36666830958488	111.06117431730515	110.40842732116528	4.123496596203481	-4.006051571888065	0	4	122.61852629591579	15.5	0.25	0	89.30304026746167	17.689190356439312		dr
111.35529511571386	89.08423609257109 	22.27105902314277	112.56212957637312	112.3926701760925	112.30794047595215	4.006050954417347	-4.318959641795146	0	4	123.7281056841265	15.5	0.25	0	89.4676093334934	17.72338340619083		dr
105.38191024595248	84.305528196762 	21.076382049190485	108.56760024560246	107.0987425384355	106.36431368485202	8.133531650800776	-4.132268981896388	0	4	117.09101138439165	15.5	0.25	0	89.58549304395606	17.748220433176012		dr
95.38665589816095	76.30932471852877 	19.077331179632182	100.3629035325677	96.44213415035927	94.48174945925503	4.142475309043476	-0.38058132633437936	0	4	105.98517322017884	15.5	0.25	0	89.62814865317816	17.757993306311718		dr
98.28764244169045	78.63011395335236 	19.657528488338087	104.23722539815762	100.26248507386968	98.27511491172572	7.8244271698069525	-11.87411085300488	0	4	109.20849160187828	15.5	0.25	0	89.69135663703591	17.77185852661848		dr
83.70500874658097	66.96400699726478 	16.741001749316197	96.36268561865884	87.37954156620792	82.88796953998246	3.6916970509017233	-16.721421453662884	0	4	93.00556527397886	15.5	0.25	0	89.64797730449638	17.76438854997136		dr
70.38174847611991	56.30539878089594 	14.076349695223968	72.37837051692016	71.0472887190477	70.38174782011146	3.9932387601011925	-3.9932413841350325	0	4	78.20194275124435	15.5	0.25	0	89.5093713417023	17.737855896340086		dr
58.40391646078905	46.723133168631236 	11.680783292157813	64.12002669553482	61.56997948016444	60.29495587247924	0	-11.279875777242808	0	4	64.89324051198783	15.5	0.25	0	89.28718952112436	17.694591092024496		dr
39.38633355734019	31.509066845872145 	7.877266711468042	49.53086864395763	44.20664053660346	41.54452648292637	0	-14.722382838254973	0	4	43.762592841489095	15.5	0.25	0	88.93328274123937	17.624964677978		dr
27.175372349364302	21.74029787949144 	5.435074469872863	31.994337057686057	28.32728355543219	26.493756804305256	5.548236146289231	0	0	4	30.194858165960333	15.5	0.25	0	88.49836787932476	17.53912038073782		dr
43.24500540601722	34.59600432481378 	8.649001081203444	45.42954662482422	44.20134743892263	43.58724784597183	5.053567317523218	-5.053520608885847	0	4	48.0500060066858	15.5	0.25	0	88.18191079909184	17.47695171430751		dr
34.481304520948356	27.585043616758686 	6.8962609041896705	37.556005290529	36.21906034489846	35.550587872083184	1.214865844185482	-5.491999248724785	0	4	38.31256057883151	15.5	0.25	0	87.80898992216028	17.403474694792802		dr
14.84026191534457	11.872209532275654 	2.9680523830689154	19.512038856829385	15.79591155106508	13.937847898182927	0	-4.1550364520620295	0	4	16.48917990593841	15.5	0.25	0	87.30575731521672	17.303920058160223		dr
6.245485138747335	5.529772082503863 	0.7157130562434721	9.756031659769839	8.023431710433984	7.157131735766056	2.5988995349769386	0	0	5	8.674284914926854	15.5	0.25	0	86.75054997154227	17.190302201982714		dr
32.52130931626288	26.0170474530103 	6.50426186325258	39.36932961486191	34.07422558584046	31.426673571329736	5.784089023539863	-1.4055460438073055	0	4	36.134788129180976	15.5	0.25	0	86.38164357252676	17.11760805001856		dr
51.25072581802931	41.000580654423445 	10.250145163605865	59.839054608179254	52.2969229747394	48.52585715801948	10.899489491581221	0	0	4	56.94525090892145	15.5	0.25	0	86.14427250661798	17.071206273759014		dr
61.559202808167576	49.24736224653405 	12.311840561633524	68.1948488307839	63.25319311786408	60.78236526140417	8.894980283255798	-2.964993427752148	0	4	68.3991142312973	15.5	0.25	0	85.97927203884315	17.039264221999787		dr
55.117626898242015	44.09410151859362 	11.023525379648397	59.43510485028706	56.47746740403863	54.99864868091441	0	-2.95789972547756	0	4	61.24180766471335	15.5	0.25	0	85.77352773790581	16.99915929638411		dr
36.11575264683925	28.892602117471398 	7.2231505293678495	39.369359564198525	38.1811789692614	37.587088671792856	0	-5.885356081242605	0	4	40.12861405204361	15.5	0.25	0	85.44466830021663	16.9344175164701		dr
41.60309610917491	33.28247688733993 	8.320619221834981	44.6549654360773	42.62252258640655	41.60630116157117	2.964985902619503	0	0	4	46.22566234352768	15.5	0.25	0	85.15623690422294	16.877747790847497		dr
55.91868630754454	44.734949046035645 	11.183737261508895	59.43488888642238	56.7683471349574	55.435076259224914	2.9337886667469775	0	0	4	62.13187367504949	15.5	0.25	0	84.96514180228387	16.84053203575378		dr
61.86491121555185	49.491928972441485 	12.372982243110364	63.414626862671845	62.540308670041235	62.10314957372592	0.6363055328267109	-1.9866490450651355	0	4	68.73879023950205	15.5	0.25	0	84.81514030496743	16.81152197216519		dr
63.577536830451365	50.86202946436109 	12.715507366090272	68.66376581456336	64.82383435903277	62.90386863126747	6.270490475780143	-8.825121569856208	0	4	70.6417075893904	15.5	0.25	0	84.67812350835764	16.785096071480833		dr
59.83920193937357	47.87136155149886 	11.967840387874709	62.77801750190949	60.818379371900924	59.83856030689664	5.876347860117974	-2.936881334784033	0	4	66.48800215485952	15.5	0.25	0	84.5188996521462	16.754216227355155		dr
56.06190038718793	44.849520309750346 	11.212380077437587	56.901607680732404	56.75993218306016	56.68909443422403	2.508820449571921	-2.9338026811611684	0	4	62.29100043020881	15.5	0.25	0	84.33764487975793	16.718917907928926		dr
53.497423192126135	42.79793855370091 	10.699484638425226	56.90146605668584	54.475451624253196	53.26244440803687	4.143278956964174	-1.2549340676196863	0	4	59.44158132458459	15.5	0.25	0	84.14245360325394	16.680820229008017		dr
61.065801500917075	48.85264120073366 	12.213160300183418	63.41402530760727	61.47500936168817	60.50550138872862	2.90853775380112	-3.5758473890034495	0	4	67.85089055657453	15.5	0.25	0	83.99731742650968	16.652721738889625		dr
62.47891988083344	49.98313590466675 	12.495783976166685	66.327502452183	64.33812426625134	63.3434351732855	9.426195727603243	-3.9348286592661523	0	4	69.42102208981493	15.5	0.25	0	83.8628274418492	16.626740877872606		dr
58.71171626217756	46.96937300974205 	11.74234325243551	60.50529385736838	59.31523921667574	58.72021189632943	2.9368160147303968	-2.902833478122915	0	4	65.2352402913084	15.5	0.25	0	83.7066093599879	16.596403004422687		dr
61.5455627586829	49.23645020694632 	12.309112551736575	66.32728865235599	63.09372776690273	61.476947324176095	0.7012702279836134	-8.450488952321699	0	4	68.38395862075878	15.5	0.25	0	83.56981277602922	16.56993824854191		dr
57.98581852561878	46.38865482049501 	11.59716370512377	59.83777687813721	58.347446379697175	57.60228113047716	2.2355088634872686	-2.936841914753657	0	4	64.42868725068753	15.5	0.25	0	83.41285575608805	16.539430429257138		dr
56.367377743676414	45.09390219494113 	11.273475548735284	59.43375271396156	57.36695813038788	56.33356083860104	0	-5.929848510118063	0	4	62.63041971519601	15.5	0.25	0	83.24794430479285	16.507320948278345		dr
53.51914480389676	42.81531584311741 	10.703828960779347	56.47593874747351	54.504594527719775	53.5189224178429	2.9561225622811804	-5.9131431150457985	0	4	59.465716448774174	15.5	0.25	0	83.06776976236318	16.47214826956623		dr
55.6245859659331	44.49966877274648 	11.124917193186619	62.392299052277686	57.36486117781637	54.85114224058571	9.023620117529944	-11.988538721994402	0	4	61.80509551770344	15.5	0.25	0	82.90244937804735	16.439936034166355		dr
51.73467756277004	41.38774205021603 	10.346935512554005	56.476036844439044	53.11028844067792	51.427414238797354	8.868191915392643	-4.209936808463304	0	4	57.482975069744484	15.5	0.25	0	82.71581601388401	16.403451001102805		dr
52.78021633402817	42.22417306722254 	10.55604326680563	56.47606360277827	53.51932732806898	52.04095919071434	2.95705249691936	-5.9131563272084975	0	4	58.64468481558685	15.5	0.25	0	82.53762792055153	16.36864500268437		dr
48.599610020036195	38.879688016028965 	9.71992200400723	51.037141549349045	49.73598974858067	49.08541384819649	0.4742262994970119	-3.429229102808101	0	4	53.99956668892911	15.5	0.25	0	82.33681124658398	16.329303446479184		dr
23.71948815126709	18.97559052101367 	4.743897630253418	26.684424169585853	24.707800156744682	23.719488150324096	2.9649360192617564	-2.9649360192617564	0	4	26.35498683474121	15.5	0.25	0	81.99200346367036	16.261154000501385		dr
13.342212085736342	10.673769668589074 	2.6684424171472685	20.754552134834316	14.82468009631036	11.859744077048383	3.7720564449728045e-9	-5.929872042296147	0	4	14.824680095262602	15.5	0.25	0	81.59054269537835	16.18166445907826		dr
2.429653321828382	2.6537544133562547 	-0.22410109152787294	8.01500333821646	4.422924022260425	2.6268843642824073	4.007501671657445	-6.76873627621066	0	7	4.724325903555187	15.5	0.25	0	81.13030496646235	16.0862821012259		dr
17.78960482007566	14.231683856060528 	3.557920964015132	23.719473095948917	23.719473093434214	23.71947309217686	23.719473095948917	-3.772058221329644e-9	1	4	19.766227577861844	12	0.4	0.5	80.76417375174336	16.013863828756474		dr
31.131808434660005	24.905446747728003 	6.226361686932002	35.57920964392174	32.6142755031566	31.131808432774033	5.929868281530318	-2.964934140765216	0	4	34.59089826073334	12	0.4	0.5	80.47893027290955	15.957613816447136		dr
39.44121918661051	31.55297534928841 	7.888243837322101	41.50909767418351	39.67098549078198	38.75192939908121	2.7571652306761294	0	0	4	43.82357687401168	12	0.4	0.5	80.24442906670212	15.911503130852136		dr
41.509097676069395	33.207278140855514 	8.30181953521388	47.43896876779947	43.485721373312856	41.50909767606954	11.859742183460455	-5.9298710898444895	0	4	46.1212196400771	12	0.4	0.5	80.02434195652808	15.868266292240554		dr
45.998746066243086	36.79899685299447 	9.199749213248616	47.60794245970827	47.49529333302643	47.4389687696855	0.1689736919087963	-6.098838193815197	0	4	51.109717851381205	12	0.4	0.5	79.83210695149822	15.830591054506137		dr
50.59981331589542	40.47985065271634 	10.11996266317908	53.51911246266441	51.653423144622906	50.72057848560215	6.080128632951428	-2.4818998099021385	0	4	56.22201479543935	12	0.4	0.5	79.66788058275887	15.79850887253239		dr
46.8280502399883	37.46244019199064 	9.365610047997663	50.56301891821137	48.53668346699518	47.52351574138707	5.736878445134998	-8.860868359243689	0	4	52.031166933320335	12	0.4	0.5	79.48441784341378	15.762570890272418		dr
50.649406460068185	40.51952516805454 	10.129881292013643	53.51918848040238	51.49542118700526	50.4835375403067	5.407826201145419	-2.956121715233941	0	4	56.27711828896465	12	0.4	0.5	79.32422333572853	15.73127817028209		dr
46.98378056412911	37.58702445130329 	9.39675611282582	53.51920537716765	49.52211654382341	47.52357212715128	8.070324144315506	-8.239274859894614	0	4	52.20420062681013	12	0.4	0.5	79.14554685632743	15.69628081084863		dr
50.52143076041783	40.41714460833426 	10.104286152083567	53.51925605180617	51.54886538537691	50.56367005216227	0.000008446586839738757	-5.911163552700948	0	4	56.13492306713092	12	0.4	0.5	78.9882714931631	15.6655555654708		dr
38.312881024518134	30.650304819614508 	7.662576204903626	40.37579243248879	39.22405588168977	38.648187606290264	4.796435979485565	-2.964946375483798	0	4	42.569867805020145	12	0.4	0.5	78.76600159989181	15.621823437817426		dr
35.627628944385435	28.502103155508347 	7.125525788877088	41.70227515383404	39.596976581923435	38.544327295968145	0	-14.824741262310674	0	4	39.58625438265048	12	0.4	0.5	78.53155392241624	15.575647907116663		dr
28.31237570640851	22.649900565126806 	5.662475141281703	32.859727206435934	29.843303089534327	28.335091031083522	8.558689862533559	-9.140133649404866	0	4	31.45819522934279	12	0.4	0.5	78.26009890503241	15.522063189463502		dr
18.42105588007256	14.736844704058049 	3.6842111760145126	23.946498074773015	21.238021824544877	19.883783699430808	10.285524949091062	-13.976340028117399	0	4	20.46783986674729	12	0.4	0.5	77.93838361995198	15.458418823799796		dr
31.70500853487133	25.364006827897065 	6.341001706974264	36.06751501687564	32.92250748609231	31.350003720700638	6.638575332543496	-2.7964472598065058	0	4	35.22778726096814	12	0.4	0.5	77.69114632003176	15.40966258253335		dr
17.164591657749476	13.73167332619958 	3.432918331549896	32.06001334776741	20.037508342142196	14.02625583932959	0	-16.03000667133449	0	4	19.07176850861053	12	0.4	0.5	77.36919656118982	15.345956496091949		dr
0.5009377083198768	0.267166777770601 	0.23377093054927583	1.335833888853005	0.4452779629510017	0	0.6679169444265025	-0.4452779629510017	0	8	1.113194907377504	12	0.4	0.5	76.96248619688893	15.265997842306009		dr
20.117240823092956	16.093792658474364 	4.023448164618593	32.19682653799321	26.82298776412394	24.136068377189307	24.04501001464938	0	1	4	22.35248980343662	8.5	0.5	0.6666666666666666	76.66330069492157	15.206826528212916		dr
37.21327940015651	29.770623520125206 	7.442655880031303	48.18133777323133	38.93103475180262	34.30588324108827	11.629584641371423	-16.12132442801314	0	4	41.34808822239612	8.5	0.5	0.6666666666666666	76.45675608081287	15.166176420107254		dr
53.18349977796194	42.54679982236955 	10.636699955592391	64.12002669808403	56.21716025310163	52.265727030610435	11.686094327622513	-12.022505007324689	0	4	59.09277753106882	8.5	0.5	0.6666666666666666	76.33554120423553	15.142585396854573		dr
51.13805016084116	40.91044012867293 	10.22761003216823	56.18331788557281	52.15406020723785	50.13943136807037	4.00750166910823	-8.001976840191418	0	4	56.82005573426795	8.5	0.5	0.6666666666666666	76.20498425582416	15.117119203255163		dr
38.13771819246354	30.510174553970835 	7.627543638492703	44.0825183550921	41.44736454065241	40.12978763343256	4.00750166910823	-11.9757794329843	0	4	42.3752424360706	8.5	0.5	0.6666666666666666	76.008761234879	15.078513143642985		dr
8.015003336941854	8.015003337026826 	-8.497202941271098e-11	20.037508340442717	12.022505005625213	8.015003338216461	16.03000666878527	-8.015003336516985	0	6	13.358338894903088	8.5	0.5	0.6666666666666666	75.66007529694086	15.00118743521361		dr
37.0693904341527	29.655512347322155 	7.413878086830547	44.082518352542884	38.73918279628112	36.067515018150246	8.015003335667245	-8.015003333118031	0	4	41.188211593503	8.5	0.5	0.6666666666666666	75.46318404764092	14.962476673232064		dr
43.08064293654043	34.464514349232346 	8.616128587308083	48.09002002420033	46.75418613279811	46.086269187097	16.03000667643292	-12.022505004775475	0	4	47.86738104060048	8.5	0.5	0.6666666666666666	75.2988056663663	14.930261708328898		dr
46.18554731245505	36.94843784996404 	9.237109462491013	48.09002002420033	46.8865569657591	46.28482543653849	4.007501671657444	-3.610389170225247	0	4	51.31727479161672	8.5	0.5	0.6666666666666666	75.15176900801322	14.901508414157998		dr
49.27528661927132	39.42022929541706 	9.855057323854261	52.43397089899993	50.87383753798653	50.09377085747984	7.954337035874261	-4.0075016665590155	0	4	54.75031846585702	8.5	0.5	0.6666666666666666	75.02173643319541	14.876149363452955		dr
51.09564627411959	40.87651701929567 	10.219129254823919	56.10502335731836	53.433355580462084	52.09752169203395	8.015003333118024	0	0	4	56.77294030457732	8.5	0.5	0.6666666666666666	74.90210598240003	14.852864262909812		dr
47.088144605011365	37.67051568400909 	9.417628921002276	52.09752169075934	49.42585391220359	48.09002002292572	2.5492141730865114e-9	-8.015003340765674	0	4	52.32016067223485	8.5	0.5	0.6666666666666666	74.7637280650996	14.825823291059525		dr
32.08740225862302	25.66992180689841 	6.417480451724611	40.184572329406315	37.439867453536124	36.06751501560103	0.10955564597166045	-16.030006673883705	0	4	35.6526691762478	8.5	0.5	0.6666666666666666	74.55245912546357	14.784197831458858		dr
3.4350014303000242	3.4731681129722114 	-0.03816668267218715	8.01500333821646	5.343335558386104	4.007501668470926	2.2263898161712388	-4.007501669108229	0	7	6.679169447805602	5	0.5714285714285714	0.5	74.20212682154651	14.711181257497621		dr
26.224817307208237	20.97985384576659 	5.244963461441646	36.1892063273026	28.214512075956332	24.227164950283196	11.962041810185372	-11.962040943853435	0	4	29.13868589689804	5	0.5714285714285714	0.5	73.96694393177034	14.664778229085583		dr
28.05251167929648	22.442009343437185 	5.6105023358592945	32.06001335031662	29.388345569211662	28.05251167865918	8.015003340765677	-8.015003340765677	0	4	31.169457421440534	5	0.5714285714285714	0.5	73.74297109151436	14.62061102960643		dr
15.779066055468409	12.623252844374727 	3.1558132110936814	17.791976282325894	16.570181474956435	15.959284071271707	2.9653293740999604	-3.6862014373131515	0	4	17.53229561718712	5	0.5714285714285714	0.5	73.46159291172773	14.564956671264135		dr
2.7740255265216107	6.102856158347545 	-3.328830631825934	17.791973466922276	10.171426930579242	6.361153662407724	0	-8.034994582769054	0	11	8.476189108816033	5	0.5714285714285714	0.5	73.12010707894896	14.478513254340994		dr
