_avgSpeed	_exSpeed	 DiffAvgExpSpeed	 Max Speed	AvgTop3Speed	_speedMedian	_maxAcceleration	_maxDecceleration	Num Of Stops(including end/start point)	duration	distance	stopDurationMedianSoFar(while moving)	ratio Of Short Stop(while moving)	ratio Of Instant Stop(in short stop)	Avg of AvgSpeed	Avg of DiffAvgExp	label
27.82459997923779	22.25967998339023 	5.564919995847557	28.84722847085598	28.168209836746417	27.828700519691633	2.037032201216391	-2.053458064144081	0	4	30.916222199153097	0	1.1	1.1	27.82459997923779	5.564919995847557		dr
18.84732791015585	15.077862328124677 	3.7694655820311738	23.283607134523844	19.500823280563036	17.60943135358263	1.4451698600602363	-6.396765335589549	0	4	20.94147545572872	0	1.1	1.1	23.33596394469682	4.667192788939365		dr
16.46458862885412	13.171670903083296 	3.292917725770824	24.92447920728062	19.281117059066673	16.4594359849597	8.87386196546688	0	0	4	18.293987365393466	0	1.1	1.1	21.045505506082588	4.209101101216518		dr
45.39331434919587	36.31465147935669 	9.078662869839178	49.849040982797426	47.61936157582695	46.50452187234171	6.14894028190146	-1.7041101893180652	0	4	50.43701594355096	0	1.1	1.1	27.132457716860905	5.426491543372183		dr
45.826992771482566	36.66159421718606 	9.165398554296509	53.6205770011798	50.0123769697009	48.20827695396145	3.7714492546390233	-13.296585984554547	0	4	50.91888085720285	0	1.1	1.1	30.871364727785238	6.174272945557048		dr
3.8098540914601466	9.22663757336221 	-5.416783481902063	20.896396347053326	15.155090307319893	12.284437287453176	0	-9.614092168533931	0	16	16.932684850933985	0	1.1	1.1	26.36111295506439	4.242430207647197		dr
6.018284104550201	5.216783770728553 	0.8015003338216475	8.54574348123845	7.358805728178179	6.765336851648044	0.48871443854462937	-4.53824181213022	0	5	8.35872792298639	0	1.1	1.1	23.454994547848077	3.7508687971006895		dr
14.267184214374048	11.413747371499237 	2.8534368428748103	19.939737304896873	16.35124450642658	14.55699810719143	5.068986209930337	0	0	4	15.852426904860053	0	1.1	1.1	22.306518256163823	3.6386898028224546		dr
38.93254186406508	31.14603349125206 	7.786508372813021	42.94018906082722	41.534269520816856	40.831309750811684	9.703938557298926	0	0	4	43.2583798489612	0	1.1	1.1	24.153854212597295	4.099558532821407		dr
53.23298292215084	42.58638633772067 	10.64659658443017	55.10986625028795	54.266410899679414	53.844683224375146	4.97707652424269	-2.530184578865253	0	4	59.147758802389816	0	1.1	1.1	27.06176708355265	4.754262337982283		dr
52.634439165698765	42.10755133255901 	10.526887833139753	54.82277552475046	53.32746043583689	52.579802891380105	2.243017412548433	-2.2429278541922812	0	4	58.48271018410974	0	1.1	1.1	29.386555454656843	5.279046473905689		dr
53.587848903739214	42.87027912299136 	10.717569780747851	56.64815061960749	54.22780432655669	53.01763118003129	4.98016798432073	-1.9206660677034009	0	4	59.54205433748801	0	1.1	1.1	31.40332990874704	5.732256749475869		dr
60.831708969632956	48.665367175706365 	12.166341793926591	65.81131264515892	62.17372341690731	60.3549288027815	9.005647017349027	-5.044327920784312	0	4	67.59078774403662	0	1.1	1.1	33.667051374969034	6.227186368279771		dr
52.219603968189695	41.77568317455176 	10.443920793637936	60.11252503152502	54.79962511948352	52.143175163462786	0	-7.9236963877111535	0	4	58.02178218687744	0	1.1	1.1	34.99223370305622	6.528381684376782		dr
10.180791403041106	9.884306224407464 	0.29648517863364177	28.672368447972055	15.97970174295637	9.633368390448524	0	-13.337033215768095	1	5	14.139988059779313	0	1.1	1.1	33.338137549721885	6.11292191732724		dr
1.0586409035272268	5.182327323165928 	-4.123686419638701	16.030006673883705	8.637212205276546	4.940814970972967	7.484210621640514	0	0	27	7.939806776454201	26	0	1.1	31.32066900933472	5.4731338962668685		dr
25.13793593299812	20.110348746398493 	5.027587186599625	28.052511681208394	25.502244574147173	24.227111020616565	3.8254003175895974	-0.18210066806338787	0	4	27.931039925553463	26	0	1.1	30.956978828373742	5.446925266286443		dr
21.139450348863065	16.911560279090452 	4.227890069772613	24.227112803335707	21.506764350820106	20.14659012456231	4.189604460343773	-3.971440897203024	0	4	23.488278165403404	26	0	1.1	30.411560579512038	5.379201088702342		dr
18.299159498869493	14.639327599095598 	3.659831899773895	20.03750834554115	19.055543774714497	18.56456148930117	4.007501674206658	-1.061607966825136	0	4	20.332399443188326	26	0	1.1	29.774065785794008	5.288707973495581		dr
15.164074848046162	12.131259878436927 	3.0328149696092357	16.301894156675967	16.211264796652795	16.165950116641206	4.2793891544497065	-4.279388557172446	0	4	16.848972053384625	26	0	1.1	29.043566238906617	5.1759133233012635		dr
23.134188237660176	18.50735059012814 	4.626837647532035	24.227117470539774	24.166414868366516	24.136063567279887	4.007501664009798	0	0	4	25.704653597400196	26	0	1.1	28.762167286466312	5.149766862550347		dr
12.022505005412777	9.618004004330222 	2.4045010010825543	20.037508342991934	16.030006673883705	14.026255839329588	12.022505002226257	-20.037508342991934	1	4	13.358338894903085	26	0	1.1	28.00127354641842	5.0249820506654475		dr
2.9150741184919697	2.337044355130177 	0.5780297633617928	4.272910434031035	3.400919961135017	2.964924724687008	1.395224270892601	-0.6539928532574988	0	7	5.668199674845496	16	0.5	0	26.910569223465096	4.8316362990435495		dr
13.024380422689836	10.419504338151869 	2.604876084537967	16.030006673883705	14.694172784180962	14.02625583932959	8.015003335667245	-4.007501669108228	0	4	14.471533802988706	16	0.5	0	26.331978023432796	4.73885462343915		dr
13.551502626270809	10.841202101016647 	2.710300525254162	20.89653361937745	16.406979819433754	14.162202919461908	7.037433957993509	-11.316829787366373	0	4	15.057225140300899	16	0.5	0	25.820759007546318	4.6577124595117505		dr
0.32213739301698296	2.6276234175982993 	-2.3054860245813162	12.022505007324693	4.379372362663832	0.5578060403334018	0.47615629438019924	-0.1994028865694184	0	62	5.547921768625818	16	0.5	0	24.84004279160288	4.389897133200479		dr
19.650873591527958	15.720698873222364 	3.9301747183055937	23.98533651618728	20.857829230742706	19.294075588020416	5.652867302702042	-1.923212749070352	0	4	21.83430399058662	16	0.5	0	24.647851339748257	4.37287037709326		dr
33.12858270034569	26.50286616027655 	6.6257165400691385	40.37583914769059	35.276587546263016	32.72696174554923	6.154883128941496	0	0	4	36.80953633371743	16	0.5	0	24.950734602626735	4.453329168628113		dr
43.69764986639586	34.95811989311668 	8.739529973279176	47.27495599290394	44.42709918864159	43.00317078651041	5.765654089473216	-2.777916323313839	0	4	48.552944295995395	16	0.5	0	25.59717995654981	4.601129196374702		dr
45.67769864098641	36.542158912789134 	9.135539728197273	50.05891482971031	46.589415811218565	44.8546663019727	3.6708966139543335	0	0	4	50.7529984899849	16	0.5	0	26.26653057936436	4.752276214102121		dr
55.21674201363422	44.17339361090736 	11.043348402726856	60.40430643716517	56.25648212040943	54.18256996203156	8.222481344234588	-8.30678474385661	0	4	61.35193557070468	16	0.5	0	27.200408367566613	4.955214026638402		dr
57.10689877650732	45.68551902120586 	11.421379755301459	64.12002669553482	58.776691138423324	56.10502335986757	8.015003333118024	-12.02250500222626	0	4	63.4521097516748	16	0.5	0	28.13498619284601	5.157281705659123		dr
46.13192925007118	36.90554340005694 	9.226385850014239	48.18134031867894	48.15090010561669	48.13567999908557	3.447081411422914e-7	-8.015003340765674	0	4	51.25769916674575	16	0.5	0	28.680348103671015	5.280587891851703		dr
40.10543509999411	32.08434807999528 	8.02108701999883	44.0825183550921	41.410850576536355	40.075016687258476	4.00750166910823	-7.893329684724719	0	4	44.56159455554901	16	0.5	0	29.016380074151105	5.361190807385443		dr
39.20962521068565	31.36770016854852 	7.841925042137131	40.511410142368696	40.256995275288986	40.129787841749135	0.32685114485430233	-4.443895125493057	0	4	43.566250234095165	16	0.5	0	29.307615649480663	5.432068928378348		dr
38.13210424911305	30.505683399290444 	7.626420849822605	44.0825183550921	38.82030065985885	36.189191812242235	8.01500333821646	-7.8933259836847185	0	4	42.36900472123672	16	0.5	0	29.55274033280379	5.493023148418466		dr
45.105472135556646	36.08437770844532 	9.02109442711133	52.18183514605851	46.782290617897836	44.08251835381749	8.099316790966412	0	0	4	50.1171912617296	16	0.5	0	29.973084435580894	5.588376426220976		dr
42.42415695352546	33.93932556282037 	8.48483139070509	47.53724165099575	43.83470896816911	41.98344262675579	2.566157851675925	-8.541440196803997	0	4	47.137952170583844	16	0.5	0	30.3007442386847	5.664598925286348		dr
36.28859694618781	29.030877556950248 	7.257719389237561	38.71854985834397	37.12584434232013	36.3294915843082	2.797195085055492	-4.941695100553098	0	4	40.32066327354201	16	0.5	0	30.454278923492474	5.705448167951763		dr
37.32950179641277	29.863601437130217 	7.4659003592825535	43.67027375751651	39.422053377454354	37.297943187423286	7.042086981880352	0	0	4	41.47722421823641	16	0.5	0	30.626159495315484	5.749459472735033		dr
51.05482289523152	40.843858316185205 	10.210964579046312	54.992824401908365	52.107966734474616	50.66553790075774	4.32732218897732	-4.327250813323936	0	4	56.72758099470168	16	0.5	0	31.124419578240268	5.858276670449943		dr
53.874147248817046	43.09931779905363 	10.774829449763416	58.55968388204328	54.94363347095899	53.13560826541686	7.893995299652111	-7.893915991145818	0	4	59.860163609796714	16	0.5	0	31.666079760873046	5.9753374509097865		dr
49.64754172732041	39.71803338185632 	9.929508345464086	50.6659146009672	49.986997870057614	49.64753950460282	2.03674130185842	-2.036678817760219	0	4	55.16393525257823	16	0.5	0	32.08425329497648	6.067294913573841		dr
52.632725927452675	42.106180741962135 	10.52654518549054	55.605965955055254	53.288294014669994	52.12945804447736	2.9268013843767946	0	0	4	58.48080658605853	16	0.5	0	32.55126403662366	6.168641510662857		dr
48.91100049105013	39.12880039284012 	9.782200098210012	51.671746504000645	50.65767298907804	50.15063623161674	4.958575634475942	-8.000763507034208	0	4	54.345556101166814	16	0.5	0	32.91481373561091	6.248942812608349		dr
51.391934212875434	41.11354737030035 	10.278386842575081	56.65236380261219	52.958413578313134	51.11143846616361	8.02273921636234	-9.959867686049861	0	4	57.10214912541715	16	0.5	0	33.316490267725364	6.336539421955451		dr
53.01142881542953	42.40914305234362 	10.60228576308591	54.99414210194335	53.793030293226046	53.19247438886738	2.1248958577993022	-4.327517719903341	0	4	58.901587572699476	16	0.5	0	33.73553151342119	6.427299982405035		dr
54.3736016166743	43.49888129333944 	10.874720323334863	60.554103642059715	55.60921179154644	53.13676586628979	4.947378685458808	0	0	4	60.41511290741589	16	0.5	0	34.165491307238966	6.5199545728410735		dr
71.97130224500903	57.57704179600724 	14.394260449001791	73.47763133960001	72.47339052174942	71.97127011282413	3.0125280260090648	-3.0123994972694277	0	4	79.96811360556559	16	0.5	0	34.937038469234274	6.6806546927627215		dr
67.09537314230462	53.6762985138437 	13.419074628460926	68.50366551116741	67.872173183398	67.55642701951331	0.00006344630735100054	-2.791485723642495	0	4	74.55041460256069	16	0.5	0	35.58020516269568	6.815423091476686		dr
68.52080721065344	54.81664576852277 	13.704161442130676	70.46561523498771	68.84217034976204	68.03044790714921	0.9473333395214496	-2.9088974416600166	0	4	76.13423023405939	16	0.5	0	36.22609932049877	6.950496392469901		dr
56.836331668639964	45.46906533491197 	11.367266333727997	63.53186040107112	60.258192549861825	58.621358624257184	9.037061393236172	-15.064157805329465	0	4	63.151479631822184	16	0.5	0	36.62244994257841	7.035434275955634		dr
64.59047304660157	51.67237843728126 	12.918094609320313	69.67205088168345	65.93549148731962	64.06721179013772	2.0704660267882673	-4.953122104592332	0	4	71.76719227400174	16	0.5	0	37.15014849171092	7.146427867151194		dr
60.57490466794497	48.45992373435597 	12.114980933589003	62.6261644429639	61.245802100831064	60.55562092976464	2.0704938420565	-1.9933588893352265	0	4	67.30544963104997	16	0.5	0	37.583940272752294	7.238438109122264		dr
61.39577829547682	49.11662263638146 	12.279155659095366	62.626390002358306	62.62633486456932	62.62630729567484	0.00005514045372478904	-4.922281414158981	0	4	68.21753143941869	16	0.5	0	38.01688278225638	7.330087519121775		dr
64.39959971424508	51.51967977139607 	12.879919942849014	74.59007918986951	65.92429218618034	61.59139868433574	11.963408498998582	0	0	4	71.55511079360565	16	0.5	0	38.488002727470466	7.429191669545475		dr
68.76341058669036	55.01072846935229 	13.752682117338068	73.47991099813277	69.84800332787738	68.0320494927497	4.97427969411352	-2.0488353183508963	0	4	76.40378954076706	16	0.5	0	39.01915023377257	7.540130098454117		dr
63.77750614276273	51.02200491421019 	12.75550122855254	65.50992944600695	64.85109910835502	64.52168393952904	2.976768686367606	-4.953202200021046	0	4	70.86389571418081	16	0.5	0	39.44601843909999	7.630050290352366		dr
67.08285103057548	53.66628082446039 	13.416570206115097	70.46814437464775	68.56794374031058	67.61784342314199	7.840571473277514	-7.840449832538631	0	4	74.53650114508388	16	0.5	0	39.91443933048093	7.728126899094107		dr
74.69292100273809	59.75433680219047 	14.938584200547616	77.44368689644539	76.10113764379214	75.42986301746554	4.961554521517897	0	0	4	82.99213444748676	16	0.5	0	40.49408069168521	7.848301187451666		dr
87.87919792136258	70.30335833709005 	17.57583958427253	90.33063225083713	89.02234617271108	88.36820313364807	5.880879083520114	-2.040360533432505	0	4	97.64355324595842	16	0.5	0	41.27088589217173	8.0077690300225		dr
81.69372899233711	65.35498319386969 	16.33874579846743	85.36211256353765	83.11010812786289	81.9841059100255	0.9118307515932287	-5.844182555431047	0	4	90.77080999148568	16	0.5	0	41.922867232496976	8.142139623061933		dr
77.67910430126322	62.14328344101058 	15.535820860252642	80.39555464382157	78.42841130994115	77.44483964300096	2.9507996319417344	-2.950630369699496	0	4	86.31011589029247	16	0.5	0	42.49042655104882	8.25949964269988		dr
76.94183114050905	61.55346491240725 	15.388366228101802	77.44541454610055	77.44530559849886	77.44525112469802	2.0139250694146824	-2.013761646902026	0	4	85.4909234894545	16	0.5	0	43.02872974775913	8.370888183096785		dr
76.46979703525909	61.17583762820726 	15.29395940705183	79.5192600567768	77.46553625584569	76.43867435538013	4.087483479180534	-6.036680683277538	0	4	84.96644115028788	16	0.5	0	43.54320770602836	8.477396971157631		dr
71.48668155866787	57.189345246934295 	14.297336311733574	75.43207055021894	73.47800749218344	72.50097596316569	0.00007229504811334664	-6.988308352568609	0	4	79.42964617629762	16	0.5	0	43.966593673492596	8.565577870257268		dr
51.99868401396955	41.59894721117564 	10.39973680279391	63.53599215458783	54.98908095336312	50.71562535275076	0	-10.73893412941235	0	4	57.776315571077276	16	0.5	0	44.086475618872846	8.592953376713037		dr
28.892121566502652	23.113697253202123 	5.77842431330053	38.723292384317205	31.24359685863253	27.50374909579019	0	-7.66680754307724	0	4	32.10235729611406	16	0.5	0	43.86302923574976	8.55156324342756		dr
1.193176325846592	1.670390335934048 	-0.477214010087456	7.1587662376541035	2.783983893223413	0.5965927210080685	0	-5.965580795637966	0	38	12.594638995047358	16	0.5	0	43.24462557038884	8.420711399173719		dr
9.598557183647081	13.76227214827278 	-4.163714964625699	28.635119530543868	22.272362186470236	19.090983514433425	9.544133274284185	0	1	8	21.33012707477129	6	0.6666666666666666	0	42.76396745057825	8.240933879690871		dr
42.196635562860656	33.75730845028853 	8.43932711257213	46.105634380520435	43.49963390038929	42.19663366032371	7.817942140103305	0	0	4	46.885150625400726	6	0.6666666666666666	0	42.755976860610396	8.243728150576521		dr
44.50726971072252	35.60581576857801 	8.901453942144506	48.12795851617239	46.21564101711982	45.25948226759354	0.8383302828298156	-4.898622214327887	0	4	49.45252190080279	6	0.6666666666666666	0	42.78030037241751	8.252863231014965		dr
17.461296918884752	13.969037535107805 	3.492259383776947	21.145203062060443	20.02879385794331	19.47058925588474	0.0000032323875345241504	-8.037172580387477	0	4	19.401441020983057	6	0.6666666666666666	0	42.433464708670485	8.187649479682939		dr
1.8701156209392282	2.1732622610591954 	-0.30314664011996717	7.158814573605016	3.6221037684319923	1.85374836584548	2.965997384598087	-7.158814573605016	0	7	3.636335929604055	6	0.6666666666666666	0	41.88531134262006	8.072908991577494		dr
23.21837846610246	18.574702772881967 	4.643675693220494	32.87118669282891	27.00317477030799	24.06916880904753	9.28122320718297	0	0	4	25.7981982956694	6	0.6666666666666666	0	41.63641890426649	8.027185880932734		dr
51.76380156843558	41.41104125474846 	10.35276031368712	62.41484745692278	54.92158173012984	51.17494886673336	7.6898738294555	0	0	4	57.515335076039534	6	0.6666666666666666	0	41.76967393932134	8.057785544521607		dr
65.46385875937611	52.37108700750089 	13.092771751875219	69.26949285500388	66.35191414753344	64.89312479379822	3.5507732303703747	-0.6360911674178666	0	4	72.73762084375123	6	0.6666666666666666	0	42.07739062529609	8.12317497578594		dr
73.549378118578	58.839502494862394 	14.709875623715611	76.81005912560194	74.70705917155698	73.6555591945345	5.042316931642674	-2.9261853934984146	0	4	81.72153124286444	6	0.6666666666666666	0	42.480877644440724	8.207619855887602		dr
76.07773873834095	60.86219099067275 	15.215547747668204	78.76507788287043	77.55886482287742	76.95575829288093	7.130717398138927	-4.22909983300751	0	4	84.53082082037884	6	0.6666666666666666	0	42.906154367148325	8.296327803884825		dr
78.45697067688003	62.765576541504025 	15.691394135376008	78.76529340305977	78.76523752469662	78.76520958551504	1.2330753721029737	-1.233003532066519	0	4	87.17441186320004	6	0.6666666666666666	0	43.35053957101997	8.388766133028465		dr
78.27674331315204	62.62139465052163 	15.65534866263041	78.76553286487943	78.76544506091062	78.76540115892622	1.954894795003156	-1.954787035398283	0	4	86.97415923683559	6	0.6666666666666666	0	43.78172727154012	8.47847702845565		dr
70.59319975049505	56.47455980039604 	14.11863995009901	73.9515317456193	71.72650733946665	70.61399513639032	0.9838595287938006	-5.691213689664167	0	4	78.43688861166116	6	0.6666666666666666	0	44.10869644811274	8.547259503109837		dr
68.2633025137113	54.61064201096906 	13.652660502742236	71.10126962773745	69.2074371028519	68.26052084040913	5.670370881447923	-2.8406745965939137	0	4	75.84811390412366	6	0.6666666666666666	0	44.39971579830067	8.608770358527094		dr
63.8786254512634	51.102900361010725 	12.775725090252678	65.43107739507346	64.68847156236826	64.31716864601566	2.868062398961193	-3.9819902771246305	0	4	70.97625050140378	6	0.6666666666666666	0	44.631607579883564	8.658376962476208		dr
62.752438012889975	50.20195041031199 	12.550487602577988	65.4313594813727	63.73263705827282	62.883275846722896	3.982081657228072	-5.61951860463126	0	4	69.7249311254333	6	0.6666666666666666	0	44.84479382027187	8.704166499418582		dr
41.84383560797836	33.47506848638269 	8.368767121595674	50.09159265662661	43.63032039955101	40.399684271013214	0	-6.860953365515371	0	4	46.49315067553151	6	0.6666666666666666	0	44.80989895733822	8.700266506653199		dr
31.50800558654486	25.20640446923589 	6.301601117308973	37.56876668384377	33.01267279053616	30.734625843882355	0.8781469723406232	-6.603096766282146	0	4	35.008895096160956	6	0.6666666666666666	0	44.657003631237146	8.672695640109012		dr
18.25797213124641	14.606377704997126 	3.651594426249286	24.064823346631204	19.223158283404874	16.80232575179171	2.8798196134613168	-8.70240967186019	0	4	20.286635701384903	6	0.6666666666666666	0	44.35701463691907	8.615637671769697		dr
7.118644335468423	5.932203612764571 	1.1864407227038516	8.898305420278922	7.9096048167678665	7.415254515012338	1.9984014443252818e-14	-2.966101802986124	0	5	9.88700602148392	6	0.6666666666666666	0	43.93860598184659	8.532163548746487		dr
3.211457981576309	2.9148478953463295 	0.2966100862299794	7.158986843091884	4.363729681860584	2.9661011012449343	4.192885510448885	-4.192885973245014	0	5	4.460358307744873	6	0.6666666666666666	0	43.48608211517692	8.44065739916297		dr
3.234405903855737	1.5903723540809598 	1.6440335497747773	4.985761845018151	2.650620590134933	2.966099925386648	2.966099925386648	-2.4928809225090753	0	4	3.593784337617486	6	0.6666666666666666	0	43.0437560029646	8.365969224993869		dr
24.625225487694518	19.70018039015561 	4.925045097538909	29.277302190986777	25.784990502551285	24.038834658333542	5.454778349976085	-0.3310300804426092	0	4	27.361361652993907	6	0.6666666666666666	0	42.84355458432036	8.328567875782403		dr
47.812861300847125	38.2502890406777 	9.562572260169425	48.95693832675541	48.68121786098498	48.543357628099756	2.9220071910311205	0	0	4	53.12540144538569	6	0.6666666666666666	0	42.89698798987441	8.341836740130649		dr
54.32160411143662	43.457283289149295 	10.864320822287326	58.59172912841234	55.409792846169374	53.81882470504789	7.534691221173979	-3.669959297245157	0	4	60.357337901596246	6	0.6666666666666666	0	43.018526459252726	8.36867167717487		dr
68.1653340372746	54.53226722981968 	13.633066807454924	73.95332463858882	69.44771147473597	67.19490489280953	9.635122913698282	-6.758439841609231	0	4	75.73926004141623	6	0.6666666666666666	0	43.28322969691612	8.424086362756766		dr
59.799646223216826	47.839716978573456 	11.95992924464337	68.26207878505802	63.41373628797314	60.98956503943069	0	-11.571386487030104	0	4	66.4440513591298	6	0.6666666666666666	0	43.45527570239842	8.460918059443085		dr
38.007877211662404	30.40630176932992 	7.601575442332482	40.390622307240434	39.71957845426676	39.38405652777992	6.511292021165026	-6.511274066696139	0	4	42.23097467962489	6	0.6666666666666666	0	43.39911695507124	8.45205885720483		dr
41.326105262295705	33.06088420983656 	8.265221052459147	48.95753651355133	42.939798530214176	39.9309295385456	6.665032319532784	-1.0843294245323634	0	4	45.91789473588412	6	0.6666666666666666	0	43.37796377453272	8.450152348993141		dr
48.020319729379985	38.416255783503985 	9.604063945876	48.95763134722108	48.95760459886114	48.957591224681174	3.7491443403595355	-3.749107867129837	0	4	53.3559108104222	6	0.6666666666666666	0	43.42485625892512	8.461808021688926		dr
50.7278343233262	40.58226745866096 	10.145566864665241	51.8381406944434	51.31788982388509	51.05776438860593	2.8804728727938738	-0.7803842025441412	0	4	56.36426035925133	6	0.6666666666666666	0	43.49788603956913	8.47864561011869		dr
48.03362069746036	38.42689655796829 	9.606724139492066	48.95779913234832	48.68209608819378	48.54424456611652	2.8696046070882417	-2.8695608379139443	0	4	53.37068966384484	6	0.6666666666666666	0	43.54279430350865	8.489814704468921		dr
50.398123169619794	40.31849853569584 	10.079624633923956	51.838389573106745	50.878211730321475	50.398122808928846	2.880486865185567	0	0	4	55.997914632910884	6	0.6666666666666666	0	43.610003410039155	8.505401076326322		dr
62.46438259142066	49.971506073136524 	12.492876518284135	68.26308771623117	64.07734518507037	61.984473919489965	5.813916097511012	-2.904042120525787	0	4	69.40486954602295	6	0.6666666666666666	0	43.79305563510111	8.544114430131739		dr
69.40477957654504	55.52382366123603 	13.88095591530901	71.10410319107802	70.42157820301647	70.0803157089857	4.749719493947254	-3.725868829130903	0	4	77.1164217517167	6	0.6666666666666666	0	44.039322211461155	8.595430213643057		dr
70.13816440775426	56.11053152620341 	14.02763288155085	71.10439380545455	70.76309105666353	70.59243968226801	2.8409159294336916	-1.023721416384305	0	4	77.93129378639362	6	0.6666666666666666	0	44.287882613330616	8.647165477146942		dr
63.614861944970784	50.89188955597662 	12.722972388994165	67.19665333665353	66.23771977459525	65.75825299356609	2.8767202992441696	-11.450364880556116	0	4	70.68317993885643	6	0.6666666666666666	0	44.47021260702533	8.685616485749275		dr
47.54195962493602	38.03356769994882 	9.508391924987201	54.728723366817626	49.925417687250636	47.523764847467135	0	-5.770150986961198	0	4	52.82439958326224	6	0.6666666666666666	0	44.49892052308057	8.69330597583561		dr
17.909095922898594	14.327276738318876 	3.581819184579718	26.995109100534794	20.625652917307406	17.44092482569371	0	-7.476265652727587	0	4	19.898995469887325	6	0.6666666666666666	0	44.252718443449254	8.645977394435093		dr
0.41527124131706433	1.5957820679625816 	-1.1805108266455173	5.9324463045294715	2.6596367799376357	1.0232320176417182	0.9887410507549187	-0.6361667225787461	0	50	5.7676561294036715	6	0.6666666666666666	0	43.85054002875079	8.555826126351784		dr
21.369697300182583	17.095757840146067 	4.273939460036516	30.72604192316363	23.37192539454162	19.694867130230616	9.579267757267491	0	0	4	23.74410811131398	6	0.6666666666666666	0	43.64616873121835	8.516899883930735		dr
39.97526209680587	31.98020967744469 	7.99505241936118	45.20961073726993	42.6316451991697	41.34266243011958	8.385589385345064	0	0	4	44.416957885339855	6	0.6666666666666666	0	43.613097500277696	8.5121985554211		dr
47.09737896681256	37.67790317345005 	9.419475793362516	48.958864164448265	47.72661884310312	47.110496182430545	3.7492048265073734	-0.8795159223806905	0	4	52.33042107423618	6	0.6666666666666666	0	43.6442071562289	8.520299245045576		dr
49.947398783796025	39.95791902703682 	9.989479756759202	52.91274003548819	50.27688844082408	48.95896264349203	3.9537664481980883	0	0	4	55.49710975977336	6	0.6666666666666666	0	43.69998761311003	8.53330084249437		dr
57.10435881158931	45.68348704927144 	11.420871762317866	59.81484678741897	58.05199329271111	57.17056654535719	4.067909677030144	-1.2206508070934134	0	4	63.44928756843256	6	0.6666666666666666	0	43.81756981660546	8.558630411966506		dr
57.17071897831441	45.73657518265153 	11.434143795662884	58.5942991172469	57.64524536676925	57.17071849153043	0.00003437946150341986	-2.8471593042970156	0	4	63.52302108701601	6	0.6666666666666666	0	43.93368415714206	8.583634876172562		dr
66.49731962201429	53.197855697611416 	13.299463924402872	71.10599215446233	67.32543294897722	65.43515334623469	5.670815302063332	0	0	4	73.88591069112698	6	0.6666666666666666	0	44.12819825597717	8.624288574864202		dr
71.1731866592218	56.93854932737744 	14.234637331844361	73.9570080629599	71.7152306246988	70.59434190556826	3.8745862530567194	-2.8507460617265536	0	4	79.08131851024643	6	0.6666666666666666	0	44.35935200301345	8.672240273641812		dr
71.00762029457975	56.8060962356638 	14.20152405891595	74.58916142016365	71.58482279271284	70.08265347898745	0.00004212480095588944	-4.506529003576674	0	4	78.89735588286639	6	0.6666666666666666	0	44.585184785145366	8.719098610805151		dr
66.11700152224418	52.89360121779536 	13.223400304448823	67.19864287200238	66.71539944062941	66.47377772494293	1.449629817744821	-2.8767346285397792	0	4	73.46333502471576	6	0.6666666666666666	0	44.76612442159158	8.756949885541653		dr
69.95614948452678	55.964919587621424 	13.991229896905352	72.19940069955862	70.519613202792	69.67971945440868	1.0105953620047785	-3.9336423698274956	0	4	77.72905498280753	6	0.6666666666666666	0	44.97604129711603	8.800568885636352		dr
67.359070183287	53.8872561466296 	13.471814036657399	68.26595614783429	67.55462497365721	67.19895938656867	1.0670419769809314	-1.0669515455502818	0	4	74.84341131476333	6	0.6666666666666666	0	45.161025006919104	8.839174217462972		dr
64.8757059745159	51.900564779612715 	12.97514119490318	71.10714418380978	66.01624139216443	63.47078999634175	1.7033746008415491	-9.653044462239464	0	4	72.08411774946211	6	0.6666666666666666	0	45.32262075255514	8.873075586130515		dr
63.80694171235023	51.04555336988018 	12.761388342470049	65.43646491552437	64.59114670383296	64.16848759798725	2.5600563849079947	-2.8682653352624357	0	4	70.89660190261137	6	0.6666666666666666	0	45.4728997847486	8.904687884962545		dr
65.86575953745226	52.69260762996182 	13.173151907490443	68.26663861847767	66.38008492808603	65.43680808289022	3.9438552529266957	-2.8298540382065482	0	4	73.18417726383585	6	0.6666666666666666	0	45.63735833114137	8.939110981918414		dr
64.89034618446881	51.91227694757505 	12.97806923689376	66.35814866222458	65.37271766431367	64.88000216535822	2.0351357467303757	-1.993759670288	0	4	72.10038464940979	6	0.6666666666666666	0	45.79138223396799	8.971422647958217		dr
68.17897447572567	54.543179580580535 	13.635794895145132	71.10819240244086	69.46422166766287	68.64223630027388	5.761200171477995	-2.8768066292415995	0	4	75.75441608413962	6	0.6666666666666666	0	45.969061537474	9.008441475316845		dr
66.60604977615645	53.28483982092515 	13.321209955231303	72.3398217778488	67.36691540707137	64.88046222168268	1.1139421607312556	-8.016368894437178	0	4	74.00672197350717	6	0.6666666666666666	0	46.13155750785732	9.042400282245305		dr
63.19455813622513	50.55564650898011 	12.638911627245022	70.08482267780595	65.67625795973458	63.4719756006989	0	-6.87082923415479	0	4	70.21617570691681	6	0.6666666666666666	0	46.26486220026645	9.070498027128115		dr
57.22874420501924	45.78299536401539 	11.445748841003848	62.62050176046478	58.66656142916176	56.68959126351026	6.870921475546162	-4.714309709510232	0	4	63.58749356113249	6	0.6666666666666666	0	46.349853533636626	9.088910824134905		dr
47.141250541880865	37.713000433504696 	9.428250108376169	55.86810990112888	49.72583953664229	46.65470435439899	2.9527030774163308	-16.480626343532272	0	4	52.37916726875652	6	0.6666666666666666	0	46.355941202930815	9.091521126321377		dr
18.662003360226798	15.069047530832762 	3.592955829394036	25.048280909524962	19.77174365924363	17.133475034102965	0.2721642448028163	-7.083501762554768	0	5	25.91944911142611	6	0.6666666666666666	0	46.14453709726132	9.0495473454288		dr
11.519320304946213	9.21545624395697 	2.303864060989243	16.302171606520005	12.392665538094834	10.437912503882249	0	-4.325631208029812	0	4	12.79924478327357	6	0.6666666666666666	0	45.88222484883469	8.998443684183048		dr
0.22657811801436703	4.223512778357517 	-3.9969346603431495	12.52418411484768	7.039187963929194	4.296689888469952	0.11770893192984203	-3.9778416681922018	0	115	7.237912103236724	16	0.5	0	45.53894930950521	8.900734072570069		dr
12.638970946639457	10.111176757311565 	2.527794189327892	13.406690092814461	12.724273186301323	12.383064733044755	0	-1.0236251907824485	0	4	14.043301051821619	16	0.5	0	45.29342708291666	8.853174819710054		dr
3.138559892477332	3.138559892477332 	0	9.759961397172287	5.230933154128887	2.9664190326071864	6.793542129424038	-9.759961397172287	0	5	4.359110961774072	16	0.5	0	44.98116880743192	8.78759574697146		dr
0.6096258162054824	0.5515611467298063 	0.05806466947567612	1.3184089814720894	0.8153945843472123	0.5638873857847738	0.0752427486378861	-0.05723668473495673	0	44	7.450982198067007	16	0.5	0	44.654907461908195	8.72340801846046		dr
33.196389300837545	26.55711144067004 	6.639277860167503	42.29627329223281	36.23939874579821	33.21096147258091	6.554547776946947	0	0	4	36.8848770009306	16	0.5	0	44.57126864321425	8.708195389567813		dr
56.07925575516789	44.86340460413432 	11.215851151033576	59.8674916725935	57.9096067901036	56.93066434885865	5.873617363025986	0	0	4	62.31028417240877	16	0.5	0	44.65465985417044	8.726366808129159		dr
68.52126778339806	54.817014226718435 	13.704253556679625	68.69707757656629	68.57987107476623	68.5212678238662	0.35158743956729666	-0.3515550499891589	0	4	76.13474198155339	16	0.5	0	44.82636206948862	8.762178943010817		dr
66.30844221450027	53.04675377160022 	13.261688442900052	68.34555508972281	66.61642687834929	65.75186277266253	2.5937077225771787	-2.593676911543369	0	4	73.6760469050003	16	0.5	0	44.979805499095846	8.794318296581453		dr
71.4758038065913	57.18064304527305 	14.29516076131825	74.2691104178468	72.51919845118337	71.64424246785165	5.923490545031669	-2.62487916381167	0	4	79.41755978510145	16	0.5	0	45.16772038070929	8.833331363707247		dr
71.4757960165135	57.180636813210796 	14.295159203302703	71.64434341200705	71.53197662065503	71.47579322497901	0.3370555113577467	0	0	4	79.41755112945944	16	0.5	0	45.3529885189896	8.871794940042427		dr
72.84135276736089	58.27308221388871 	14.568270553472175	75.873849533829	73.24033719279596	71.92358102227945	3.6711879224787793	-4.229349100620311	0	4	80.93483640817877	16	0.5	0	45.54521484240478	8.911630433842635		dr
70.74120461973746	56.592963695789976 	14.148240923947483	72.20282854737847	71.22841235858465	70.74120426418776	0.00003338302225586176	-2.923247144182554	0	4	78.60133846637495	16	0.5	0	45.72018699363626	8.947995784468363		dr
69.48139310922555	55.58511448738044 	13.896278621845113	70.08640213848042	69.5486317212558	69.2797465126435	0.8066929045761526	-0.8066183470976966	0	4	77.2015478991395	16	0.5	0	45.88405738064033	8.982121873001995		dr
67.50240099688632	54.001920797509044 	13.500480199377279	70.0865074275451	67.88305870663257	66.7813343461763	0.8417417414268726	-3.7260795598975704	0	4	75.00266777431813	16	0.5	0	46.03212822732694	9.01306953277169		dr
60.42522750452755	48.34018200362203 	12.085045500905515	63.44545234665975	61.590269686978274	60.66267835713754	1.5884905581874378	-4.526822679055918	0	4	67.13914167169727	16	0.5	0	46.1300404673079	9.033967328473281		dr
47.83684760024467	38.26947808019574 	9.567369520048928	53.99482672386935	49.68342772767331	47.527728229575295	0	-5.032154927522782	0	4	53.15205288916074	16	0.5	0	46.14157294793585	9.03757139733528		dr
25.007723767760027	20.006179014208023 	5.001544753552004	33.60126062831426	28.222203605340834	25.53267509385412	0	-8.703596065597468	0	4	27.786359741955586	16	0.5	0	45.999735033974936	9.010483970195793		dr
3.286890482405159	6.853169000118979 	-3.56627851771382	17.798930385651268	11.09661002622554	7.745449846512673	5.274518148438737	-0.9952362669472679	0	14	12.782351876020062	11	0.4	0	45.71498273696447	8.926638886943064		dr
33.929530860310294	27.143624688248234 	6.7859061720620595	42.297217114622974	36.240208093180854	33.21170358245979	6.554671162745265	0	0	4	37.699478733678106	11	0.4	0	45.63693338678796	8.91246184909617		dr
52.53119518357963	42.0249561468637 	10.506239036715925	56.93045479818393	53.99630416990825	52.5292288557704	2.9353518258971434	0	0	4	58.367994648421806	11	0.4	0	45.68229037229316	8.92294722533051		dr
64.7445763529026	51.79566108232208 	12.948915270580521	66.36119096864303	65.38944892646151	64.90357790537075	2.9151650693452638	0	0	4	71.93841816989178	11	0.4	0	45.80688047674159	8.949260741966132		dr
70.59697178007376	56.47757742405899 	14.119394356014766	72.20417514748037	71.22968259681447	70.7424363214815	3.505335817628776	-3.5052801777482756	0	4	78.4410797556375	11	0.4	0	45.967855095594395	8.982833038161251		dr
71.71658708000197	57.373269664001576 	14.343317416000396	75.87550429211264	72.72246360867977	71.14594326696333	7.176546798144031	-5.787859678853479	0	4	79.68509675555775	11	0.4	0	46.1339759471067	9.01741680834086		dr
70.96668352046548	56.77334681637238 	14.193336704093099	75.87568814410389	72.70431872465947	71.11863401493726	10.121910236220373	-10.121841296398571	0	4	78.85187057829498	11	0.4	0	46.293159970012844	9.050595782031579		dr
68.55235628420131	54.84188502736106 	13.71047125684025	72.20462029823493	69.28255140443466	67.82151695753453	2.923387823789568	-5.842849374733618	0	4	76.16928476022368	11	0.4	0	46.43493829048538	9.080276517539914		dr
63.02836026065888	50.422688208527106 	12.605672052131773	65.75405516358936	64.21583669226318	63.44672745660009	0.00002908961503322871	-3.980811035561608	0	4	70.03151140073209	11	0.4	0	46.53995994852445	9.102589147505686		dr
61.832755736196106	49.46620458895687 	12.366551147239235	63.44680988130152	62.26478977781983	61.67377972607899	2.274206140877901	-2.910156269976625	0	4	68.70306192910678	11	0.4	0	46.63614105410729	9.123117210397092		dr
60.20477220481582	48.16381776385265 	12.04095444096317	63.446994118617454	61.06225920743855	59.869891751849096	3.577125667808126	-3.57707906572859	0	4	66.89419133868424	11	0.4	0	46.72094499879922	9.14135369308813		dr
63.85142381678744	51.081139053429965 	12.770284763357473	66.36231016838603	65.17857786938139	64.58671171987905	6.492317982793857	-3.5511663704274596	0	4	70.94602646309716	11	0.4	0	46.82734548835194	9.163893637623964		dr
64.5884860074139	51.670788805931124 	12.917697201482781	69.2819674551055	66.16126531916761	64.60091425119867	5.8347794144887075	-5.8844923896278445	0	4	71.76498445268211	11	0.4	0	46.93698215822269	9.187065264561364		dr
66.99071926851657	53.59257541481327 	13.398143853703303	70.08871860200948	68.38383926491146	67.53139959636246	3.5512255987753036	-7.27735932267754	0	4	74.43413252057397	11	0.4	0	47.06001122024904	9.21290010253156		dr
65.56322107812689	52.45057686250151 	13.11264421562538	69.28226570037074	66.93137855365534	65.75593498029764	7.823517048829181	-6.470749703572068	0	4	72.84802342014099	11	0.4	0	47.17283567060195	9.236679030050423		dr
68.40057144764835	54.72045715811868 	13.68011428952967	69.28245743103285	69.28241837482847	69.28239884672627	3.527394810301786	-3.52734155093475	0	4	76.00063494183149	11	0.4	0	47.30148861470526	9.263608940713935		dr
62.395725548824906	49.91658043905993 	12.479145109764978	66.36294098063881	63.237413835312424	61.67465026264924	2.274260373861793	-5.82542090492047	0	4	69.32858394313878	11	0.4	0	47.392417752862606	9.282979640527493		dr
63.03860636267571	50.43088509014056 	12.607721272535144	65.38793723085394	64.09456340080949	63.447876485787276	5.517201982579607	-3.5771121501520753	0	4	70.04289595852856	11	0.4	0	47.48610750501717	9.302888273054487		dr
63.12999445754741	50.50399556603793 	12.625998891509482	63.44800253576127	63.23599723076847	63.12999457827206	0.6360163978770288	-0.6359679158684983	0	4	70.14443828616379	11	0.4	0	47.579225879734615	9.322668693402433		dr
63.74070298924745	50.99256239139796 	12.748140597849492	66.36337847113295	64.50113047412583	63.57000647562228	2.035449598445169	-4.903957936520641	0	4	70.82300332138605	11	0.4	0	47.67485592180274	9.342937757925787		dr
61.036056950507124	48.828845560405696 	12.207211390101428	62.62435124407379	61.84782761314873	61.459565797686196	2.8588571522291844	-2.8587845179786058	0	4	67.81784105611902	11	0.4	0	47.75345122197159	9.35978642635035		dr
64.18086405742078	51.34469124593662 	12.836172811484154	65.44218091904838	64.69963631663207	64.32836401542392	1.703773697361683	-1.1137738653491027	0	4	71.31207117491198	11	0.4	0	47.84951796369936	9.380116171292654		dr
64.33279505506994	51.46623604405595 	12.86655901101399	67.2056358343255	65.29040800369997	64.33279408838719	0.00004018687099005547	-5.745679625145627	0	4	71.48088339452215	11	0.4	0	47.94535097004454	9.400386187802662		dr
59.10369600161893	47.28295680129513 	11.8207392003238	60.31971920168189	59.568308524768135	59.192603186311246	2.609860769510611	-1.258344959829408	0	4	65.67077333513214	11	0.4	0	48.009850074273295	9.414376667643824		dr
60.37534431726453	48.300275453811615 	12.075068863452913	64.84633751232981	61.407375971299494	59.68789520078433	5.08547528129381	0	0	4	67.0837159080717	11	0.4	0	48.08091613314106	9.429668002102497		dr
69.53426316348943	54.9513474025773 	14.58291576091213	76.58859010741526	71.4788610676688	68.92399654779558	5.540098050754743	-2.300424436229463	0	6	115.89043860581572	11	0.4	0	48.203506687600196	9.459115132152839		dr
71.40246298367502	57.12197038694002 	14.280492596735002	75.15166470319213	73.58760515982887	72.80557538814725	6.1939054565167595	-9.723172409350866	0	4	79.33606998186113	11	0.4	0	48.33531893928244	9.486509322292509		dr
75.04917100258588	60.03933680206872 	15.009834200517162	77.1347504143832	76.18190040434997	75.70547539933335	5.483755395037065	-2.858525585994684	0	4	83.38796778065098	11	0.4	0	48.48624465715421	9.517714547593213		dr
69.80771946090358	55.84617556872288 	13.961543892180707	77.1347626402077	72.26698368176856	69.833094202549	5.820758793818598	-8.782578081498798	0	4	77.56413273433732	11	0.4	0	48.606028223467405	9.542679880989773		dr
37.121583251707946	29.69726660136635 	7.424316650341595	53.551180339065155	43.561997294189204	38.567405771751226	0	-23.733788166937025	0	4	41.24620361300883	11	0.4	0	48.54186931301065	9.530845449533638		dr
5.323564752008007	4.258851801606406 	1.064712950401601	7.160018003560109	6.10917896704593	5.5837594487888405	0	-3.1525155542627896	0	4	5.915071946675563	11	0.4	0	48.301767621005084	9.483811380094014		dr
18.78138540013635	15.02510832010908 	3.756277080027271	26.999570905477952	20.866747290803897	17.800335483466863	6.232512839231706	0	0	4	20.8682060001515	11	0.4	0	48.13867158663564	9.452167544182045		dr
41.63423221898224	33.30738577518579 	8.326846443796448	47.46753871974862	42.656517890204434	40.25100747543234	5.74055098880504	-8.900163514432954	0	4	46.26025802109138	11	0.4	0	48.102932908791395	9.445984461212893		dr
17.301114592878665	13.840891674302933 	3.4602229185757327	33.60378740458062	21.090337736576622	14.833612902574622	0	-15.803451919226557	0	4	19.22346065875407	11	0.4	0	47.93461696170991	9.41327538174493		dr
5.933445160841209	4.746756128672966 	1.1866890321682426	8.90016774267717	6.92235268749081	5.93344515989763	2.9667225846667034	-2.966722580892392	0	4	6.592716845379121	11	0.4	0	47.70634972366171	9.368565673323317		dr
27.442183869478807	21.953747095583047 	5.48843677389576	35.600670966931595	30.656133332111835	28.183864514701952	8.90016773512717	0	0	4	30.491315410532007	11	0.4	0	47.59681369201747	9.347592003596683		dr
43.84919577305804	35.07935661844643 	8.76983915461161	44.68091764530343	44.62088898783916	44.59087465910703	3.1468015165887593	-2.9667225733426648	0	4	48.72132863673116	11	0.4	0	47.576665208582206	9.34448580548386		dr
13.298889881050663	12.582888314326837 	0.7160015667238255	29.667216400670362	19.77814457933835	14.833608668672346	1.176718191971829	-20.15376528616277	0	5	18.470680390348143	11	0.4	0	47.393361597205036	9.298344178538619		dr
24.47546128953055	19.58036903162444 	4.895092257906111	29.667225805148025	26.70050322425605	25.217141933810055	5.93344515800997	0	0	4	27.194956988367277	11	0.4	0	47.27145787216421	9.274922625769298		dr
38.615610255779806	30.892488204623838 	7.723122051155968	41.727000836595735	39.620591900882665	38.567387433026134	2.9667221106677673	-6.126335516124534	0	4	42.90623361753312	11	0.4	0	47.22565973662779	9.266712040718433		dr
21.333195521891597	17.066556417513276 	4.266639104378321	32.879088918538955	26.782216735088905	23.73378064336388	0	-12.814203599280066	0	4	23.70355057987955	11	0.4	0	47.0893836091818	9.240395867369275		dr
11.22750552135446	8.98200441708357 	2.2455011042708914	16.892705870575597	13.981099991583093	12.525297052086843	9.558575833810357	-0.0000017847841569107459	0	4	12.47500613483829	11	0.4	0	46.90162508516176	9.203773381698603		dr
35.22971396677982	28.183771173423857 	7.045942793355962	44.48003746223703	37.62211472863696	34.19315336183693	8.290715909386712	-4.1444734896151445	0	4	39.144126629755355	11	0.4	0	46.84083388142019	9.192534680717651		dr
52.14147684659388	41.7131814772751 	10.428295369318782	56.10502335986757	53.461488815038955	52.13972154262464	3.9160807495006864	-7.923582418608916	0	4	57.9349742739932	11	0.4	0	46.868298352742336	9.198937585839937		dr
47.592129038493184	38.07370323079455 	9.518425807698634	49.532487406331235	48.23891515526978	47.59212902973905	0	-3.880705929664586	0	4	52.88014337610353	11	0.4	0	46.87202943875136	9.200584432344362		dr
20.828004812858723	16.662403850286978 	4.1656009625717445	29.43045726106644	23.76317141640288	20.9295284940711	0	-7.67340383544995	0	4	23.142227569843026	11	0.4	0	46.738470338105756	9.174764004294246		dr
21.595651597774033	17.276521278219228 	4.319130319554805	27.8766750902082	23.36013277645917	21.101861619584653	5.617247140651994	0	0	4	23.995168441971146	11	0.4	0	46.610190650655085	9.149990363045577		dr
38.73041545622906	30.98433236498325 	7.746083091245811	44.499308099244494	39.699116927799274	37.29902134207666	5.725582067575111	-0.0000056109654806846265	0	4	43.03379495136562	11	0.4	0	46.570191791800134	9.142863930193801		dr
49.0287135261782	39.222970820942564 	9.805742705235637	50.59150992498453	49.5496443309791	49.02871153397638	3.1255888094348094	-0.000007972581485660157	0	4	54.476348362420225	11	0.4	0	46.58260856823639	9.146211802795023		dr
46.06982301488432	36.855858411907455 	9.213964602976866	50.43251719930724	47.58221466824538	46.157063402714456	2.955396607200562	-6.102113651513633	0	4	51.18869223876035	11	0.4	0	46.5800317564105	9.146552269127595		dr
19.490194588111642	15.592155670489314 	3.898038917622328	23.732941746141595	21.04256168543677	19.69737165508436	0	-3.4121736197482235	0	4	21.65577176456849	11	0.4	0	46.44458257056901	9.120309702370067		dr
5.933237317511019	4.746589854008816 	1.1866474635022035	8.899855973907638	6.922110203605595	5.933237318454573	2.966618651678867	-5.933237314680346	0	4	6.5924859083455765	11	0.4	0	46.24303358921051	9.08083874595779		dr
2.8805121584481306	4.319467798683763 	-1.4389556402356325	8.899854566950404	6.922109106370026	5.9332363760798374	1.9777454593223123	-3.774196954964282e-9	0	11	8.80156492859151	10	0.5	0	46.02836764153347	9.028760555927128		dr
5.4067453656720295	4.325396292537623 	1.0813490731344064	9.760506825778988	7.208993820896038	5.933237318454563	2.9666186630014892	-8.899855973907638	0	4	6.007494850746699	10	0.5	0	45.82826112785928	8.989610745667065		dr
7.175289865366564	7.819249529815828 	-0.6439596644492633	14.8330909449172	12.372833959173002	11.142705466300905	5.072584119138213	-2.308186838094379	1	6	11.958816442277607	9	0.5714285714285714	0	45.63878577853333	8.94238736130375		dr
15.797519298299369	12.638015438639494 	3.159503859659875	18.24526141388225	17.107868772746414	16.539172452178498	6.378790538924028	-3.412175171404499	0	4	17.55279922033263	9	0.5714285714285714	0	45.49321862497121	8.914178173490853		dr
14.833083888426701	11.86646711074136 	2.966616777685342	14.833083891257349	14.833083889999282	14.83308388937025	7.548393909928564e-9	-7.548393909928564e-9	0	4	16.481204320474113	9	0.5714285714285714	0	45.34438301945401	8.885306516229662		dr
4.756577911351649	3.8052623290813203 	0.951315582270329	8.899851745486734	6.3421038818022	5.063229949959934	5.933234493216947	-7.15984264765008	0	4	5.2850865681684995	9	0.5714285714285714	0	45.14830666627477	8.846978057611501		dr
1.246517616382944	0.9972140931063551 	0.24930352327658878	4.986070465531776	1.6620234885105918	0	0	-2.493035232765888	0	8	2.770039147517653	9	0.5714285714285714	0	44.93724037276567	8.805643083888738		dr
1.8572962376935918	1.814442521268004 	0.04285371642558777	4.007501669108231	2.4192566950240058	2.0037508345541153	0.69024602192464	-2.0037508345541153	0	7	3.611409351070873	9	0.5714285714285714	0	44.731116238148104	8.763715862034847		dr
