_avgSpeed	_exSpeed	 DiffAvgExpSpeed	 Max Speed	AvgTop3Speed	_speedMedian	_maxAcceleration	_maxDecceleration	Num Of Stops(including end/start point)	duration	distance	stopDurationMedianSoFar(while moving)	ratio Of Short Stop(while moving)	ratio Of Instant Stop(in short stop)	Avg of AvgSpeed	Avg of DiffAvgExp	label
5.151618591210483	5.1698271581058295 	-0.018208566895346223	11.974093226269126	9.922023170789284	5.9306578223074435	6.0434325810134	-9.00876384085134	0	16	22.896082627602148	7	1	0	5.151618591210483	-0.018208566895346223		dr
8.51353367097498	10.266213807239827 	-1.752680136264848	20.03750834554115	20.037508343841672	16.030006673883705	15.052205007759095	-4.00750166910823	1	10	23.648704641597163	7	1	0	6.832576131092731	-0.8854443515800972		dr
13.625505673438454	11.354588061198712 	2.2709176122397423	20.037508342991934	17.365840564436187	12.022505007324693	2.549215949443351e-9	-8.015003338216463	0	5	18.924313435331186	7	1	0	9.096885978541305	0.166676303026516		dr
20.884371158859757	17.40364263238313 	3.4807285264766286	30.71761813782125	27.54743585055721	24.058949215941453	20.960574899969586	-3.8067909819674774	0	5	29.006071053971883	7	1	0	12.043757273620919	0.9951893588890441		dr
38.65348888749613	25.76899259166409 	12.88449629583204	38.75735941779822	38.65348888749614	38.65348888749614	0	-0.20774106060417097	0	2	21.474160493053407	7	1	0	17.365703596395964	3.373050746277643		dr
32.73139250073392	21.82092833382261 	10.910464166911307	35.80922301015325	32.73139250073392	32.73139250073392	0	-6.155661018838664	0	2	18.184106944852175	7	1	0	19.926651747118957	4.629286316383253		dr
27.776395318255847	20.832296488691885 	6.944098829563963	29.653561991314582	27.776395318255847	26.98741393727085	0	-2.666148054043731	0	3	23.146996098546538	7	1	0	21.048043685852797	4.959973818266213		dr
8.4095998373311	8.142433059220606 	0.2671667781104947	20.89677184085297	17.580529230495	12.190775934843671	9.554768049225807	-10.525592789427826	1	10	23.359999548141946	7	1	0	19.468238204787582	4.373372938246748		dr
29.429282944755613	19.619521963170403 	9.80976098158521	29.42928443986849	29.429282944755606	29.429282944755606	0	-0.0000029902257629998985	0	2	16.34960163597534	7	1	0	20.57502095367292	4.9774160541732435		dr
35.36785424021078	23.578569493473854 	11.789284746736929	36.55185817537087	35.36785424021078	35.36785424021078	2.36800787032017	0	0	2	19.64880791122821	7	1	0	22.054304282326704	5.658602923429612		dr
25.030538063873095	18.77290354790482 	6.257634515968274	29.42926438659155	25.030538063873095	24.765600398414037	0	-4.663663988177515	0	3	20.858781719894246	7	1	0	22.324870989740017	5.713060340933127		dr
20.617888765622805	16.494311012498247 	4.123577753124557	24.227165265283816	21.79321486721264	20.57623966817705	3.3304209278939254	0	0	4	22.90876529513645	7	1	0	22.18262247106358	5.580603458615745		dr
33.060517889925364	24.795388417444023 	8.265129472481341	37.148380823324864	33.06051788992537	32.60393278099212	7.719140757865741	-3.174692715532995	0	3	27.550431574937804	7	1	0	23.019383657129872	5.787105459682329		dr
44.97115011132653	29.980766740884352 	14.990383370442178	44.97115164824416	44.97115011132653	44.97115011132653	0	-0.0000030738352592152296	0	2	24.983972284070294	7	1	0	24.587366975286777	6.444482453308033		dr
43.074462342238505	28.716308228159004 	14.3581541140795	48.181344578131124	43.074462342238505	43.074462342238505	10.213764471785247	0	0	2	23.93025685679917	7	1	0	25.819839999750226	6.972060564026131		dr
42.12857048285601	28.085713655237345 	14.042856827618667	44.18212427717895	42.12857048285602	42.12857048285602	0	-4.107107588645867	0	2	23.40476137936445	7	1	0	26.839135654944336	7.4139853305006636		dr
38.13967541325108	25.426450275500716 	12.71322513775036	44.0825183550921	38.13967541325108	38.13967541325108	0	-11.885685883682044	0	2	21.188708562917263	7	1	0	27.50387328778591	7.72570531916241		dr
28.44061219953182	18.960408133021215 	9.480204066510606	28.67245038986686	28.44061219953182	28.44061219953182	0.4636763806700799	0	0	2	15.80034011085101	7	1	0	27.55591433843846	7.823177471792865		dr
28.052511679508914	21.03938375963169 	7.013127919877224	32.06001334776741	28.05251167950892	32.06001334776741	12.022505004775475	-12.022505004775475	0	3	23.37709306625743	7	1	0	27.58205104060006	7.780543284849937		dr
40.12978492403826	26.75318994935884 	13.37659497467942	40.18455316209266	40.12978492403826	40.12978492403826	0.10953647610879358	0	0	2	22.294324957799034	7	1	0	28.209437734771974	8.060345869341411		dr
42.296949025518224	28.19796601701215 	14.098983008506075	44.0825183550921	42.296949025518224	42.296949025518224	3.571138659147749	0	0	2	23.49830501417679	7	1	0	28.880271605759887	8.347900018825444		dr
38.368148541556536	25.578765694371025 	12.78938284718551	40.18455021119899	38.368148541556536	38.368148541556536	3.632803339284912	0	0	2	21.315638078642518	7	1	0	29.311538739205194	8.549785601932719		dr
36.12834696670105	24.08556464446737 	12.04278232223368	36.18917891652647	36.12834696670106	36.12834696670106	0.12166389965083368	0	0	2	20.071303870389475	7	1	0	29.607921705618057	8.7016550245545		dr
4.7126769243657805	8.792327709466699 	-4.0796507851009185	20.037508342991934	16.030006674733443	10.458689705487744	7.1351322702329085	-12.022505007324689	0	14	18.327076928089145	7	1	0	28.570619839732547	8.169100615818857		dr
32.18142120033051	24.136065900247885 	8.045355300082626	48.45424357934043	32.18142120033051	32.06001334776741	32.42423690545672	-16.39423023157302	0	3	26.81785100027543	7	1	0	28.715051894156467	8.16415080318941		dr
42.13353260022912	28.089021733486078 	14.044510866743039	44.0825183550921	42.13353260022912	42.13353260022912	3.8979715097259557	0	0	2	23.4075181112384	7	1	0	29.231147305928495	8.390318497941472		dr
50.139426807198575	33.426284538132386 	16.71314226906619	52.09752169075934	50.13942680719858	50.13942680719858	0	-3.916189767121523	0	2	27.85523711511032	7	1	0	30.005528028197755	8.698571230205351		dr
44.182111757402105	29.454741171601402 	14.727370585800703	44.18211192981218	44.182111757402105	44.182111757402105	0	-3.4482015109915665e-7	0	2	24.54561764300117	7	1	0	30.511834589955054	8.913885492905186		dr
50.33142932572155	33.5542862171477 	16.777143108573853	56.18330810158519	50.33142932572155	50.33142932572155	11.703757551727278	0	0	2	27.961905180956418	7	1	0	31.19526889118838	9.185032307238586		dr
42.13352824301028	28.08901882867352 	14.044509414336762	44.0825183550921	42.13352824301028	42.13352824301028	3.897980224163632	0	0	2	23.40751569056127	7	1	0	31.55987753624911	9.347014877475193		dr
32.06001334776741	21.37334223184494 	10.686671115922469	36.06751501687564	32.06001334776741	32.06001334776741	0	-8.01500333821646	0	2	17.81111852653745	7	1	0	31.576010949523894	9.39022959484446		dr
3.4676327907563613	7.241525550529323 	-3.7738927597729615	20.255658611733587	16.22277974498071	8.01500333821646	4.225651937849882	-6.3533418168249005	0	25	24.0807832691414	7	0.75	0	30.69762413206241	8.978850771262666		dr
34.06376418232152	22.70917612154768 	11.354588060773839	36.06751501687564	34.06376418232152	34.06376418232152	4.00750166910823	0	0	2	18.924313434623066	7	0.75	0	30.799628376009654	9.050842810338763		dr
52.13405515761135	34.7560367717409 	17.378018385870448	60.1855919601306	52.13405515761135	52.13405515761135	16.103073605038503	0	0	2	28.96336397645075	7	0.75	0	31.427111516645	9.29575973903087		dr
23.58680387512488	17.69010290634366 	5.896700968781218	29.428607724708293	23.586803875124883	22.246175153390865	3.1605464061153796	-10.342978977432807	0	3	19.6556698959374	7	0.75	0	31.20310272688728	9.198643774166595		dr
34.554827332177275	25.91612049913295 	8.638706833044324	37.55171463406004	34.55482733217727	36.46683314012978	6.820898917787783	0	0	3	28.79568944348106	7	0.75	0	31.296206188145334	9.183089970246531		dr
45.45276810319046	30.301845402126972 	15.150922701063486	47.96650284911895	45.45276810319046	45.45276810319046	5.027469491856991	0	0	2	25.251537835105808	7	0.75	0	31.67881596963304	9.344382746755098		dr
49.260113779513325	32.84007585300889 	16.420037926504435	50.5536676961563	49.26011377951333	49.26011377951333	2.587107833285941	0	0	2	27.366729877507403	7	0.75	0	32.141481701471996	9.530584198853765		dr
43.91495038045548	29.27663358697032 	14.63831679348516	46.0887516999415	43.91495038045548	43.91495038045548	4.347602638972042	0	0	2	24.397194655808597	7	0.75	0	32.44336551375362	9.66155170128021		dr
45.75754236883257	30.505028245888383 	15.252514122944184	46.088911899113114	45.757542368832574	45.757542368832574	0.662739060561087	0	0	2	25.420856871573648	7	0.75	0	32.7762199351306	9.801325761821811		dr
34.507827929578724	24.61267352733185 	9.895154402246874	41.74137501383587	36.919010290997775	36.919010290997775	0	-9.644729445676191	0	4	38.34203103286525	7	0.75	0	32.8184542764586	9.803614265246813		dr
17.223370478237523	12.917527858678142 	4.305842619559382	29.42868495301433	17.22337047823752	18.23392481004079	14.226423138383344	0	0	3	14.3528087318646	7	0.75	0	32.447142757453335	9.672714940349492		dr
34.92129540857086	23.280863605713908 	11.640431802856956	38.7154061946141	34.92129540857086	34.92129540857086	0	-7.588221572086468	0	2	19.400719671428256	7	0.75	0	32.504681191200255	9.718475797617106		dr
22.917329613781373	17.18799721033603 	5.729332403445344	24.053756416719395	22.917329613781373	23.94535700539616	0.10839941132323361	-3.300880997490836	0	3	19.097774678151143	7	0.75	0	32.28678683716801	9.627813447749567		dr
14.89329144354612	12.411076202955101 	2.482215240591019	28.05251167865918	20.488842510548015	12.517621642529432	20.03750834044272	-7.532695294659323	0	5	20.685127004925167	7	0.75	0	31.900264717309746	9.469022376479378		dr
34.24863116387326	22.83242077591551 	11.416210387957754	36.735008162643915	34.24863116387326	34.24863116387326	4.972753997541307	0	0	2	19.027017313262924	7	0.75	0	31.95131616180026	9.51135255064195		dr
46.70012362328226	31.133415748854844 	15.566707874427415	47.66897368442498	46.700123623282266	46.700123623282266	1.9377001222854275	0	0	2	25.9445131240457	7	0.75	0	32.26512057587434	9.640189897956535		dr
34.248051140083675	22.832034093389115 	11.41601704669456	36.73440775441097	34.248051140083675	34.248051140083675	0	-4.97271322865458	0	2	19.026695077824265	7	0.75	0	32.30643162929537	9.677186296888577		dr
23.753946155306153	17.815459616479618 	5.938486538826535	26.793494834456723	23.753946155306156	23.716449935019433	0	-3.07704489943729	0	3	19.794955129421794	7	0.75	0	32.131891109418035	9.600886301826087		dr
35.13248734631215	23.42165823087477 	11.710829115437384	38.274331470421636	35.13248734631215	35.13248734631215	6.2836882482189615	0	0	2	19.518048525728975	7	0.75	0	32.19190303415592	9.643085158098312		dr
44.85310921003698	29.902072806691322 	14.951036403345661	47.966035344829685	44.85310921003698	44.85310921003698	6.225852269585403	0	0	2	24.9183940055761	7	0.75	0	32.44016197878104	9.747162633495318		dr
32.47838384142468	21.65225589428312 	10.826127947141561	38.27503720270928	32.47838384142468	32.47838384142468	0	-11.593306722569196	0	2	18.043546578569266	7	0.75	0	32.440897014601106	9.767911966450054		dr
21.35170363548595	16.013777726614464 	5.337925908871487	25.034781388097358	21.35170363548595	19.51016990811619	5.524611479981168	-5.524621777853046	0	3	17.79308636290496	7	0.75	0	32.23166695084422	9.684327323854232		dr
28.12122537741805	21.090919033063535 	7.030306344354514	33.21668413623372	28.121225377418046	26.222553372852154	8.292245513065453	-6.994130763381563	0	3	23.434354481181707	7	0.75	0	32.15554766244744	9.63517878719683		dr
14.407409927093152	12.006174939244294 	2.4012349878488575	20.037508342991934	18.669014319677615	16.03000667133449	8.015003333118031	-12.022505004775475	0	5	20.010291565407154	7	0.75	0	31.832854249077364	9.503652536299594		dr
0.3636555824151802	1.0230658496829639 	-0.6594102672677837	8.150920974139884	3.751241448837534	0	1.1644172820199834	-2.964613659732752	0	64	6.464988131825426	7	0.75	0	31.27090427288697	9.322169271950177		dr
