_avgSpeed	_exSpeed	 DiffAvgExpSpeed	 Max Speed	AvgTop3Speed	_speedMedian	_maxAcceleration	_maxDecceleration	Num Of Stops(including end/start point)	duration	distance	stopDurationMedianSoFar(while moving)	ratio Of Short Stop(while moving)	ratio Of Instant Stop(in short stop)	Avg of AvgSpeed	Avg of DiffAvgExp	label
1.0284603540319175	3.311243587622899 	-2.2827832335909815	11.196023068793938	7.327980792692206	2.636599036664493	2.174312306883077	-5.423967483655137	0	154	43.995248478032025	65	0	1.1	1.0284603540319175	-2.2827832335909815		wk
3.1980571881836024	6.737492710348391 	-3.539435522164789	24.08419663823402	16.068593960007362	3.006855456067193	7.4490035405289206	-13.424227834977563	0	99	87.94657267504905	49	0.3333333333333333	0	2.11325877110776	-2.911109377877885		wk
1.4219650561862944	7.621722749423463 	-6.199757693237169	21.116433271474403	14.31126627671405	8.203314785152143	4.266450900317612	-12.896096775756007	0	150	59.24854400776227	49	0.3333333333333333	0	1.882827532800605	-4.007325482997646		wk
5.3949422142299355	10.094603727921115 	-4.699661513691179	24.661048074639428	20.981696277388387	10.99477841563397	5.592130754034616	-13.668800957488017	0	115	172.33843184345625	42.5	0.25	0	2.7608562031579376	-4.18040949067103		wk
5.158882894453036	5.188669103892163 	-0.02978620943912702	9.71967269753406	8.270153487603322	6.781273799117354	0.5025743469174266	-0.6126035138490635	0	81	116.07486512519331	36	0.2	0	3.240461541416957	-3.3502848344246496		wk
4.553569324626213	4.128603846047451 	0.42496547857876266	11.04700098723894	8.346766384218467	2.998560794136294	0.7440552141954122	-0.8048440193102646	0	91	115.10411348360707	26.5	0.3333333333333333	0	3.4593128386184997	-2.7210764489240806		wk
4.276415347232605	3.8008276265145056 	0.47558772071809985	6.703188293000819	5.913591832706793	4.233508791983187	0.16563908585487516	-0.3343605025589766	0	80	95.03145216072456	26.5	0.3333333333333333	0	3.5760417684205144	-2.264410138975198		wk
4.420986198864704	3.9113385243054495 	0.5096476745592549	7.373524122748884	6.660644143797846	3.748274531874674	0.4387482289490234	-0.2757180199398898	0	80	98.24413775254898	26.5	0.3333333333333333	0	3.681659822226038	-1.9176529122833914		wk
2.923470564052561	3.696721861362668 	-0.7732512973101069	16.62256376551765	7.869290626998505	2.5913636480519116	0.7916322211022748	-2.8062400234931477	0	81	65.77808769118262	36	0.2857142857142857	0	3.5974165713178743	-1.7904971772863598		wk
5.483028124503944	4.9347253120535495 	0.5483028124503946	7.583794829950682	7.110458614649919	5.252193154206851	0.2345328797277652	-0.2914753859573123	0	90	137.0757031125986	36	0.2857142857142857	0	3.7859777266364816	-1.5566171783126843		wk
5.299313904678501	4.746100527440976 	0.5532133772375243	8.247349075182692	6.9728942346893135	4.884016986472292	0.33633320887103996	-0.38390972396734824	0	89	131.01081597677404	36	0.2857142857142857	0	3.9235537428221194	-1.3648144005353926		wk
2.5717304484822154	2.601974699401541 	-0.030244250919325477	6.525159584305471	5.082433642300365	2.4045010009550944	0.1676397314201792	-0.4901907812770939	0	91	65.00763078107822	28.5	0.25	0	3.810901801627127	-1.2536002214007205		wk
3.5225913170534433	3.668117799813594 	-0.1455264827601508	10.423062676540722	6.633452944572759	3.163054436382004	0.4628490774856452	-0.43392091996562615	0	94	91.97877327861768	20	0	1.1	3.5225913170534433	-0.1455264827601508		wk
5.31450183580146	4.707864470424532 	0.6066373653769279	8.710846314396855	7.414248824326019	5.63717247378404	0.5104432354079295	-0.48123351813294307	0	80	118.100040795588	15	0.5	0	4.418546576427452	0.23055544130838856		wk
1.7530349715603355	1.341856749464592 	0.4111782220957434	3.229641998253206	2.0569501118748645	1.4706041686856939	0.11460627416767205	-0.08369627592365139	0	110	53.564957464343586	20	0.3333333333333333	0	3.530042708138413	0.2907630349041735		wk
3.936755124241918	3.3012724237774553 	0.6354827004644625	6.447823366279824	4.75960353880293	3.777959854969717	0.06722342982147037	-0.23947959711205763	0	51	55.770697593427165	20	0.3333333333333333	0	3.631720812164289	0.37694295129424576		wk
1.8735289551379424	1.945655003509062 	-0.07212604837111969	5.330816412053899	3.922767987283757	1.5382530435108235	0.4006780539953114	-0.4997640386247513	0	91	47.3586485882091	24.5	0.25	0	3.2800824407590197	0.2871291513611727		wk
3.0803266958660376	3.246315345187082 	-0.1659886493210445	8.156449630417029	6.2767003727536625	3.3557684344476213	0.3319779139683125	-0.5117909166668027	0	89	76.1525210922437	24.5	0.25	0	3.2467898166101894	0.21160951791413649		wk
3.919730091508271	4.6348805783471585 	-0.7151504868388874	12.68601589948968	7.806701214147044	5.013676190389395	0.6965604346927624	-0.7672339709100285	0	80	87.10511314462825	29	0.2	0	3.34292414159563	0.07921523152084735		wk
4.4545942363672895	4.08461614431988 	0.3699780920474094	10.551834856720065	6.950190328833322	3.9337676907552224	0.9250494489813413	-0.730805162334249	0	91	112.60224319706204	29	0.2	0	3.481882903442087	0.11556058908666761		wk
3.3895554479971715	3.5096931899029316 	-0.1201377419057601	6.023845078972733	5.049871411933382	4.562884578413707	0	-0.28952426687396504	0	81	76.26499757993636	29	0.2	0	3.471624297281541	0.08937188564306453		wk
5.79956503616136	4.912573305443088 	0.8869917307182726	16.037517237330853	9.894977640091685	4.621195117853632	0.6641648057516344	-1.2833843338197573	0	69	111.1583298597594	29	0.16666666666666666	0	3.7044183711695227	0.16913387015058534		wk
3.4237973903648475	3.754660394404542 	-0.33086300403969426	8.415753504107597	7.1630207106402475	5.124800271456743	0.42260926683144184	-0.9643821427737193	0	87	82.74177026715049	24.5	0.25	0	3.678907372914552	0.12367960886055993		wk
5.053679272616533	4.512067205359818 	0.5416120672567146	13.663939038720915	10.067997126643215	5.001931650826405	1.242176276247356	-1.1134173004034968	0	81	113.70778363387198	24	0.2	0	3.7934716978897174	0.15850731372690616		wk
4.300863277757647	4.718330448264968 	-0.4174671705073214	10.902018984237591	7.689924970699451	5.154628007558662	0.7184238720848661	-1.4345034382725794	0	95	113.495003163049	24	0.2	0	3.83250181941802	0.11420158417042711		wk
9.917734603691658	7.747970448364515 	2.169764155327143	14.977933079691558	11.859504197549164	8.944190099327388	1.1199861649960634	-0.5865875193029563	0	55	151.5209453341781	24	0.2	0	4.267161304008994	0.2610274821101925		wk
5.820103967699691	5.6298292521487925 	0.19027471555089814	11.859988768794386	10.457376437143918	5.929990619954354	8.894991576595764	-9.756066408385564	0	38	61.434430770163395	3	1	0.6666666666666666	5.820103967699691	0.19027471555089814		wk
7.110154613481235	7.740991159483574 	-0.6308365460023388	47.610245609724686	39.223005453860985	5.930143075693026	11.137710691640699	-17.689853306260428	2	90	177.75386533703087	12	0.5	0	7.110154613481235	-0.6308365460023388		wk
5.859564860557814	5.850618238948391 	0.008946621609423389	11.97351855676273	10.638038176239107	5.930146841904964	4.1922110610548255	-4.771129968341177	0	89	144.86146460823485	12	0.5	0	6.484859737019525	-0.31094496219645773		wk
5.176505596472835	5.554098149268701 	-0.3775925527958659	16.03000667133449	13.478413913144388	4.9851268826181325	11.04485781576715	-10.378979224945258	0	87	125.09888524809351	6	0.8	0	6.048741690170629	-0.33316082572959377		wk
6.693663446032831	6.7675597758429324 	-0.07389632981010141	19.940477306832626	18.04129201403924	5.93001414578886	12.022505004775477	-19.940477306832626	0	76	141.31067274958198	5	0.8571428571428571	0.3333333333333333	6.20997212913618	-0.2683447017497207		wk
4.850458973223677	6.443683576347121 	-1.5932246031234438	23.946688941126673	18.954704548312666	5.92994921089157	19.51200797033593	-16.54703524712874	0	90	121.26147433059192	3	1	0.6666666666666666	4.850458973223677	-1.5932246031234438		wk
5.955178307687498	7.411478592123294 	-1.4563002844357964	47.44001529864343	33.08327416224049	4.98512758566074	23.284422067970052	-43.432513632084415	0	89	147.22524149560758	4.5	1	0.4	5.402818640455587	-1.5247624437796201		wk
5.2754691816524035	5.9580257998484 	-0.6825566181959966	23.720312566241876	20.6189622483505	4.9851456339033735	23.720312566241876	-14.82519534871413	0	88	128.95591332928097	5	1	0.2777777777777778	5.360368820854526	-1.244027168585079		wk
4.280378312260186	5.668922971611338 	-1.388544659351152	16.30193112926446	13.569061558524476	4.985161447588643	6.011252503662346	-8.286927788498785	0	90	107.00945780650466	5	0.9523809523809523	0.3	5.090371193705941	-1.2801565412765972		wk
3.6386118481132868	5.321287050071124 	-1.6826752019578373	12.022505007324693	12.02250500732469	4.272946106220866	7.037319211343253	-10.686671115072734	0	89	89.95457068946736	5	0.9583333333333334	0.2608695652173913	4.80001932458741	-1.360660273412845		wk
4.912578098962704	5.391288836103647 	-0.47871073714094337	16.30194122746546	13.569069805340254	4.140227766297089	12.022505004775477	-12.294439560906444	0	89	121.44984744657796	5	0.9629629629629629	0.2692307692307692	4.818779120316626	-1.2136686840341948		wk
4.377356704355595	4.854523247984238 	-0.47716654362864297	12.022505007324693	12.022505006474953	4.007501669108231	8.015003340765677	-8.015003338216463	0	89	108.21798519101331	5	0.9642857142857143	0.25925925925925924	4.755718775179337	-1.1084540925476873		wk
2.840790932078497	3.3952680022606057 	-0.5544770701821085	5.930499734613832	5.615417127978947	4.007501670382838	4.2729661056873045	-4.985253522698513	0	23	18.14949762161262	5	0.9642857142857143	0.25925925925925924	4.5163527947917315	-1.03920696475199		wk
5.230554066209788	5.555774233783159 	-0.325220167573371	16.301954233627058	14.904913740775383	4.98522917483261	16.301954233627058	-12.022505012423121	0	90	130.76385165524468	4	0.75	0.6666666666666666	5.230554066209788	-0.325220167573371		wk
5.465444987576675	5.642843397516655 	-0.1773984099399799	12.382765104136263	11.458552176478415	4.007501671657446	8.015003335667245	-8.015003335667245	0	89	135.11794552620114	4	0.8	0.5	5.347999526893231	-0.25130928875667546		wk
5.469095249434246	5.654734804407791 	-0.18563955497354545	12.382749331063854	11.44222219191496	4.9851771178953515	7.397578367988814	-9.008484020389208	0	89	135.2081881110133	4	0.8	0.5	5.388364767740236	-0.22941937749563213		wk
5.583164152772628	5.543923688985977 	0.03924046378665125	14.955477623695517	11.560707439641453	5.930177895596607	7.798169276176291	-11.990391027643108	0	89	138.02822488798998	3.5	0.8333333333333334	0.6	5.437064613998334	-0.16225441717506128		wk
5.994515464986919	5.986097367231559 	0.008418097755360066	44.082518352542884	22.127770044433916	5.930175070484269	38.152345164210324	-30.67700753412155	0	89	148.19774343995437	3.5	0.8333333333333334	0.6	5.548554784196051	-0.128119914188977		wk
5.388247517735419	6.016546499549974 	-0.628298981814555	14.955474267524112	13.08013418617427	5.93017695263526	9.02530201649543	-7.157302883179846	0	91	136.20292336497863	3.5	0.8333333333333334	0.6	5.521836906452613	-0.21148309212657335		wk
0.555218428960992	0.7621346913004874 	-0.20691626233949534	2.4925828228004563	1.01617958840065	0.555955942401493	0.1210391800249352	-1.2462914114002281	0	25	3.855683534451334	3.5	0.8333333333333334	0.6	4.812319981096667	-0.21083068787127648		wk
2.8697732702156453	4.706830795501862 	-1.8370575252862165	14.825164770656814	13.287658057685759	2.9650324854691306	5.361685131759559	-12.848476134569214	0	92	73.33865023884427	15	0.3333333333333333	0	2.8697732702156453	-1.8370575252862165		wk
6.287234140163418	7.309900465460958 	-1.0226663252975392	44.1821242769258	30.78543094215046	5.930184481231987	25.84947423508504	-25.849463964716513	0	89	155.43439957626228	8	0.75	0	4.578503705189532	-1.4298619252918778		wk
2.93359830388277	6.898737066083798 	-3.9651387622010277	23.720929914373443	20.66681015763461	4.985168232689279	13.703611630933372	-13.703610979209861	0	89	72.52506917932403	9	0.6666666666666666	0	4.030201904753945	-2.2749542042615944		wk
4.251943414973277	6.211667235941927 	-1.9597238209686498	18.236456125966885	15.79224266857174	5.930226833145449	11.349590443018895	-9.341117291619767	0	51	60.23586504545475	9	0.6	0	4.085637282308777	-2.196146608438358		wk
4.402563073113507	5.339511081735309 	-0.936948008621802	12.518773635418201	10.81974938122139	4.878094980891411	8.15095863230791	-8.545856461217054	0	101	123.51635288457341	4	1	0.5	4.402563073113507	-0.936948008621802		wk
5.137736976827256	5.696639034438791 	-0.5589020576115349	12.38273851366601	12.38273629665492	4.985145495285031	5.225476954491261	-8.015003340765677	0	67	95.61899373539615	4	1	0.3333333333333333	4.770150024970381	-0.7479250331166685		wk
5.950032623566085	6.426956782047094 	-0.4769241584810091	21.834790240969475	18.82314258320778	5.457705066672164	16.301931302252992	-12.294429635693977	0	91	150.4036024290316	5	1	0	5.950032623566085	-0.4769241584810091		wk
5.343339508896145	5.589804436301267 	-0.24646492740512205	12.382773440867977	11.103822604769478	4.272951738597279	4.53841274867646	-5.522400365100337	0	89	132.09922674771025	5	1	0	5.646686066231116	-0.3616945429430656		wk
4.608691670865046	5.046314631701783 	-0.43762296083673746	12.022505004775477	9.704785782277872	4.007501671657446	5.58069673616698	-8.545925029433867	0	51	65.28979867058814	5	1	0	5.300687934442426	-0.38700401557428954		wk
3.8823797048319673	4.62612727955381 	-0.7437475747218425	13.405639036512161	12.595416929564953	4.007501669108231	11.860943004491448	-8.420879884263204	0	92	99.2163702345947	5	1	0.3333333333333333	3.8823797048319673	-0.7437475747218425		wk
4.947496481905495	5.357697801884308 	-0.41020131997881304	12.382768931566423	12.26268028079437	4.272952146085263	8.375267262458191	-9.057300306525665	0	89	122.31310746933029	5	1	0.14285714285714285	4.414938093368731	-0.5769744473503278		wk
3.334828630171542	4.458752229248289 	-1.1239235990767473	12.022505007324693	9.704766901817512	4.007501669108231	7.037305780072056	-8.015003340765677	0	92	85.22339832660607	5	1	0.1	4.054901605636334	-0.7592908312591343		wk
5.5157784078785745	5.863014357751034 	-0.3472359498724593	12.519099949614914	12.308117269441349	4.985177681920823	12.519099949614914	-8.375245184825431	0	89	136.3622995281092	5	1	0.16666666666666666	4.420120806196895	-0.6562771109124655		wk
1.6674986552580824	4.300847638376185 	-2.6333489831181023	9.970307500192677	8.961302550272533	4.447615070215021	6.791220517733139	-6.791220992044437	0	99	45.85621301959726	5	1	0.16666666666666666	3.8695963760091323	-1.051691485353593		wk
4.064164798736636	7.724709166663281 	-3.6605443679266454	125.24220830105808	54.18179525356368	4.985159206597185	20.87370138350968	-118.08490229271897	0	82	92.57264263789003	5	0.875	0.14285714285714285	3.9020244464637166	-1.4865002991157683		wk
4.62943237089382	8.892340787256048 	-4.262908416362228	91.76727031815625	45.16885773725986	6.543608589853912	83.75226697993979	-67.54014271460493	0	90	115.7358092723455	23	0.3333333333333333	0	4.62943237089382	-4.262908416362228		wk
4.877796057355283	8.165320472876635 	-3.287524415521352	21.923134097770262	19.9226872313009	8.01500333821646	14.527225038057502	-14.52722420478778	0	59	79.94165760665602	14	0.5	0.5	4.753614214124552	-3.77521641594179		wk
5.510618211332866	6.016720419157807 	-0.5061022078249415	17.09173088094813	15.982384688750656	5.491082788523023	12.519089251744418	-13.342874862164216	0	90	137.76545528332164	5	0.75	0.6666666666666666	5.510618211332866	-0.5061022078249415		wk
2.1983866135825036	4.1450036435820685 	-1.9466170299995649	9.756312231723587	9.75631051762589	4.0075016703828386	2.9650837652781528	-6.791225075557463	0	89	54.34900239134523	9	0.5714285714285714	0.5	3.854502412457685	-1.2263596189122532		wk
0.41279761434062856	2.4591392836240282 	-2.0463416692833998	8.895237198525379	8.022511357045007	1.4825395337162766	5.930160954328824	-8.895237198525379	0	128	14.677248509889015	9	0.5555555555555556	0.4	2.7072674797519998	-1.4996869690359687		wk
2.7634457455972714	3.971279903979303 	-1.2078341583820316	16.030006673883705	13.35833889532796	4.007501666559015	16.030006673883705	-16.030006673883705	0	78	59.87465782127422	7	0.6153846153846154	0.25	2.721312046213318	-1.4267237663724845		wk
4.13200580023554	5.669539029634708 	-1.537533229399168	14.824557744528507	12.885788502148193	5.9298249778343655	9.755838592354529	-9.970108792553635	0	91	104.44792439484284	9	0.5	0.5	4.13200580023554	-1.537533229399168		wk
6.009250407846591	6.973959397288437 	-0.9647089894418457	23.71931874927317	21.08952073181052	4.985059016588432	15.36750638150985	-17.789489061954672	0	85	141.8850790741556	7	0.6	0.3333333333333333	5.070628104041066	-1.2511211094205068		wk
4.207377252311311	5.31257559878917 	-1.1051983464778594	20.037508342991934	16.030006674308574	4.007501669108231	12.022505007324689	-12.880396490079939	0	89	104.01571540436295	10.5	0.5	0.3333333333333333	4.782877820131147	-1.2024801884396243		wk
5.75736164088732	6.676340691775005 	-0.9189790508876854	19.08704689538942	17.609186789951256	5.929914385592125	16.852739735631207	-19.08704689538942	0	92	147.1325752671204	4	0.75	0.6666666666666666	5.75736164088732	-0.9189790508876854		wk
3.0944093243985717	5.9712137549190665 	-2.8768044305204947	16.301902201003625	16.12063851795649	4.140206909965684	12.022505009873903	-9.132459619816288	0	88	75.64111681863174	8	0.5714285714285714	0.5	4.425885482642945	-1.89789174070409		wk
4.613626729731499	5.984791286570442 	-1.3711645568389423	19.94022317874589	15.773136779175445	5.929831569602077	19.94022317874589	-11.97316828228326	0	62	79.45690478982027	5	0.6363636363636364	0.5714285714285714	4.48846589833913	-1.722316012749041		wk
3.958274746898792	5.069839376461362 	-1.1115646295625696	12.38275372434891	12.126295450167836	4.985177397956045	11.860485666246062	-8.015003335667245	0	90	98.9568686724698	7.5	0.5	1	3.958274746898792	-1.1115646295625696		wk
5.279119396473148	6.481927103069586 	-1.2028077065964382	17.091757327765475	14.943974560630854	6.011252503662346	9.0767539869998	-13.084255661206459	0	89	130.5115628572528	5	0.5714285714285714	0.5	4.61869707168597	-1.157186168079504		wk
5.343056303503635	5.758848718351288 	-0.41579241484765284	24.045010012100164	18.434114701025404	5.457607872578298	7.743088897556579	-20.03750834554115	0	89	132.0922252810621	5	0.6666666666666666	0.3333333333333333	4.8601501489585255	-0.9100549170022202		wk
3.8558651223562146	4.8472652838082775 	-0.9914001614520629	12.518944821130113	11.09141410592658	4.985132903199528	7.533810798644211	-6.588853503324149	0	91	97.46770170400431	6.5	0.6666666666666666	0.25	4.609078892307948	-0.9303912281146809		wk
7.977965407949435	7.408110735953049 	0.569854671996386	11.973454588335038	10.495280746230483	7.157232713523737	4.816219538725361	-4.816221874811301	0	13	28.809319528706293	6.5	0.6666666666666666	0.25	5.282856195436246	-0.6303420480924675		wk
2.583168538200214	4.878043737813435 	-2.2948751996132213	13.40546668796789	12.92812785548675	4.878100129615906	8.420333507141763	-7.475384472216239	0	137	98.30391381484148	13	0	1.1	2.583168538200214	-2.2948751996132213		wk
4.35330234212493	5.660233299492413 	-1.3069309573674825	18.236048500811613	14.333838236079137	5.93007531544788	12.382734116977481	-13.250915599855698	0	89	107.623307902533	4	0.5714285714285714	0.5	3.468235440162572	-1.800903078490352		wk
2.3165411261199935	4.459823103409052 	-2.1432819772890586	12.38272735573165	12.142579121760868	4.00750166910823	12.022505004775477	-12.022505004775477	0	89	57.27004450685539	7	0.6	0.5	3.0843373354817127	-1.9150293780899208		wk
4.425945415555825	5.172923005162999 	-0.746977589607174	12.518778988502863	10.676983900333298	5.457556450783411	9.553777090756963	-11.036278274907074	0	14	17.212009949383763	7	0.6	0.5	3.4197393555002407	-1.623016430969234		wk
5.593333551201509	5.093062653347919 	0.5002708978535901	19.08717298515669	15.746034430286775	4.9851032345715955	14.314300899817736	-13.157186133420236	0	90	139.8333387800377	7	0.75	0	5.593333551201509	0.5002708978535901		wk
4.410416591591552	4.853391544568009 	-0.4429749529764564	13.405465438001993	12.723644369531831	4.985115546903614	12.382734680338588	-13.405465438001993	0	89	109.03529906990227	4.5	0.8	0.375	5.0018750713965305	0.02864797243856687		wk
5.401953566838378	6.175074463829401 	-0.7731208969910233	16.03000667643292	14.242432940610309	5.9301402505606475	12.022505009873903	-12.022505004775477	0	89	133.54829651350434	5	0.7857142857142857	0.36363636363636365	5.135234569877146	-0.2386083173712965		wk
5.158465322406653	5.632406088992199 	-0.47394076658554596	19.940651945392045	13.977817938617804	4.985155850035812	15.933150276283815	-11.39477181403481	0	89	127.52872602616446	5	0.8125	0.3076923076923077	5.141042258009523	-0.29744142967485887		wk
4.13790354852506	4.766741965180773 	-0.6288384166557135	18.23641480631294	15.429642161657371	4.007501669745534	11.86042355214089	-15.271308443971149	0	90	103.44758871312649	5	0.8	0.375	4.9404145161126305	-0.3637208270710298		wk
3.333068915589951	4.467577335164089 	-1.134508419574138	12.382761949348609	11.507353258456419	4.007501669745534	8.375260282789593	-8.37526028024038	0	94	87.03013279595983	5	0.7916666666666666	0.3157894736842105	4.672523582692183	-0.49218542582154784		wk
5.820089595088858	6.550817731144276 	-0.7307281360554185	20.037508342991934	19.120757476251427	5.958640448942191	12.022505007324693	-16.901046367599918	0	87	140.6521652146474	5	0.7777777777777778	0.2857142857142857	4.836461584463137	-0.526262955854958		wk
2.8037440406878367	4.3225270064004615 	-1.5187829657126248	17.091843199726746	11.511137444798374	4.00750166910823	9.934327448872171	-8.196196643262482	0	89	69.31478322811596	5	0.7741935483870968	0.25	4.582371891491225	-0.6503279570871663		wk
3.9191926837331543	5.397640079836978 	-1.4784473961038236	17.09183666839969	15.624508217590844	4.9852253977231324	8.42038112765006	-11.860794326170453	0	90	97.97981709332885	6	0.7837837837837838	0.20689655172413793	4.508685312851439	-0.7423412280890171		wk
2.946144082963349	5.073198187071937 	-2.127054104108588	18.332832229349414	16.081403544129827	4.985231274818501	18.332832229349414	-9.970456666202097	0	90	73.65360207408372	6	0.7692307692307693	0.2	4.35243118986263	-0.8808125156909743		wk
3.2371221352118447	4.850438191948249 	-1.6133160567364042	11.860879018778597	10.458071732846433	4.985237079937232	8.89565926785634	-8.89565926785634	0	102	91.71846049766893	6	0.7804878048780488	0.1875	4.2510394576216495	-0.9474037466951043		wk
1.0548976245636477	2.4060559716834478 	-1.3511583471198	8.01500333821646	4.490944129420039	2.2347124897894637	0.6589360490722651	-6.038195185969791	0	32	9.37686777389909	6	0.7857142857142857	0.18181818181818182	3.984694304866816	-0.9810499633971622		wk
3.8925604368442808	4.3619679888414264 	-0.4694075519971457	9.756666158225986	9.066078233802227	4.007501667833623	4.878333079112993	-6.791451581060011	0	47	50.81953903657811	6	0.7954545454545454	0.17142857142857143	3.9776070842496978	-0.9416928548279302		wk
4.8042161850683875	4.995371384596485 	-0.19115519952809734	14.315118046311355	12.679031464296054	4.985254084466582	9.329868719457998	-14.315118046311355	0	90	120.10540462670969	4.5	1	0.25	4.8042161850683875	-0.19115519952809734		wk
4.966468137915229	5.2154028459288435 	-0.24893470801361417	9.75675366976503	9.18274342975623	5.930491265486349	4.1923245436322905	-5.930491269258799	0	90	124.16170344788073	4	1	0.2	4.885342161491808	-0.22004495377085576		wk
5.086705184902517	5.425078865287138 	-0.33837368038462134	12.519704411473374	11.379145983134622	5.930488911062094	5.362134086650798	-7.534451170683552	0	90	127.16762962256291	4	1	0.2	4.9524631692953776	-0.25948786264211093		wk
2.8671786401122707	3.5438184346267376 	-0.6766397945144669	8.54592910843693	8.191978594956616	4.007501666559015	4.007501671657445	-8.54592910843693	0	25	19.910962778557433	4	1	0.2	4.431142036999601	-0.36377584561019993		wk
6.067663844062825	9.66376934418021 	-3.5961055001173845	30.383589377255237	26.785249914205593	8.01500333821646	22.250483237142582	-16.548278414505162	0	110	185.40083967969744	3	1	0.5	6.067663844062825	-3.5961055001173845		wk
5.991635156587442	6.577385596267843 	-0.5857504396804005	20.756758951785223	19.36073152113508	5.930504439678241	9.057253257991789	-7.227174946727425	0	80	133.14744792416536	5	1	0.2	6.029649500325133	-2.0909279698988925		wk
3.893110990268254	4.907642653998669 	-1.0145316637304145	11.86100134748165	11.159588889437137	4.9852568798880394	5.930502565197958	-7.1575789028251915	0	88	95.16493531766844	5	0.8888888888888888	0.125	5.31746999697284	-1.7321292011760665		wk
3.756308616166231	5.153949307646849 	-1.397640691480618	21.47272735846689	17.729174360032847	4.007501671657446	21.47272735846689	-18.507478428401047	0	88	91.82087728406341	6	0.7142857142857143	0.1	4.927179651771188	-1.6485070737522043		wk
2.7945115781229597	4.6884572549635495 	-1.8939456768405898	17.791487911676608	15.843154224056496	2.9652479852794955	12.881065158981436	-13.923318840260956	0	89	69.08653623692872	6	0.6842105263157895	0.15384615384615385	4.500646037041543	-1.6975947943698813		wk
6.773612044340421	7.357798242554016 	-0.5841861982135947	26.68703283836717	23.22075399507827	6.544008010012285	14.955712712009309	-19.529496816854376	0	89	167.45874220730485	6	0.7142857142857143	0.2	4.879473704924689	-1.5120266950105001		wk
5.541050599558347	5.578925783317597 	-0.03787518375925014	20.037508342991934	17.90948483942714	4.985224417084128	20.037508342991934	-15.358108464330442	0	74	113.89937343536602	5	0.7857142857142857	0.2727272727272727	4.9739846898723545	-1.3014336219746074		wk
30.167874655155348	30.14561075700781 	0.022263898147539152	81.02290845187139	75.68141038382826	29.919981956075933	28.925386761112044	-16.212345839956583	1	90	754.1968663788838	4	1	0	30.167874655155348	0.022263898147539152		wk
12.049142544531282	17.30918848983735 	-5.260045945306068	48.94027303859072	41.1663069567884	18.01310128411982	11.860160041838732	-10.187038527316211	3	89	297.88157957313445	11	0.25	0	21.108508599843315	-2.6188910235792644		wk
12.042640797177636	21.61115318116996 	-9.568512383992324	52.09752169075934	44.40847447520508	23.720344567192733	40.075016683434654	-24.045010012100164	1	89	297.7208419302249	11	0.2	0	18.086552665621422	-4.935431477050284		wk
3.352039533210496	18.066970099660377 	-14.714930566449882	38.754329671541925	37.297820223397146	20.037508342991934	14.825604732977677	-19.159039247165918	0	369	343.58405215407583	11	0.3333333333333333	0.5	14.40292438251869	-7.380306249400183		wk
5.567776475178176	6.1334970358685865 	-0.5657205606904103	21.138829908455882	19.771880339440788	4.985153893396029	12.022505007324693	-19.94061388334947	0	89	137.647807303016	6	0.6666666666666666	0.25	12.635894801050586	-6.017389111658228		wk
1.589543834758924	5.088535673124901 	-3.498991838365977	14.955447397916666	13.461147467984837	4.007501666559015	14.955447397916666	-12.022505007324693	0	86	37.972436052574295	6	0.6666666666666666	0.3	10.794836306668643	-5.597656232776186		wk
7.774201727593221	8.944662837031995 	-1.170461109438774	38.99557426610587	36.4158678107293	7.157238949991142	20.037508337893495	-38.19201582086386	5	86	185.7170412702825	6	0.7368421052631579	0.2857142857142857	10.36331708108644	-4.965199786585127		wk
0.6115524418218202	0.4317218517923003 	0.1798305900295199	0.741261650941689	0.6475827776884505	0.6475827776884505	0	-0.04683943662661927	0	13	2.2083838176899064	6	0.7368421052631579	0.2857142857142857	9.144346501178362	-4.322070989508297		wk
6.823508624305894	7.178209280536769 	-0.3547006562308743	24.227128067247953	19.470179412705406	6.543578083825598	14.314396027083538	-12.10658800202713	0	91	172.48313466995455	4	1	0.3333333333333333	6.823508624305894	-0.3547006562308743		wk
5.275997486281947	6.237920843489081 	-0.9619233572071337	31.129900226749	21.248456354043686	5.9300851969335415	8.895127095238818	-25.199813614404057	0	88	128.9688274424476	5	0.75	0.3333333333333333	6.049753055293921	-0.658312006719004		wk
2.163276966823707	5.78129810386489 	-3.6180211370411826	19.512406960587278	16.893336608183464	4.985134720209005	5.930096027034587	-7.157238951418559	0	434	260.7950565559691	8	0.6666666666666666	0.25	4.75426102580385	-1.644881716826397		wk
5.852450741234068	13.849418440431663 	-7.996967699197595	38.19199612864291	36.45097794119735	14.314456067919163	34.1844944620839	-23.23659239221127	0	122	198.33305289737675	6	0.7142857142857143	0.4	5.028808454661404	-3.2329032124191963		wk
3.233425730895674	13.006963930070055 	-9.773538199174382	28.84912434027993	28.370135471686165	12.382729553746035	19.638093120953208	-11.906855953973825	0	287	257.77588465751626	6	0.7142857142857143	0.4	4.669731909908259	-4.541030209770233		wk
0.03821013423248887	7.464476429338605 	-7.4262662951061165	82.52444166409092	35.506767560435485	4.98510519592467	77.53933646816624	-73.62945997293262	0	14493	153.82763206429476	6	0.6666666666666666	0.3333333333333333	3.897811613962297	-5.021902890659548		wk
5.04451444693749	5.49669347711632 	-0.4521790301788302	17.091701491870854	13.028143905166813	4.007501671657446	7.121476275565966	-14.126690183057498	0	44	61.655176573680436	6	0.7272727272727273	0.25	4.061626304387325	-4.369085196305159		wk
6.406893236167592	6.47553279966529 	-0.06863956349769751	17.79021184123074	16.678480100002396	5.930071554839326	11.860139341523483	-11.860139345295668	0	90	160.1723309041898	3	1	0.6666666666666666	6.406893236167592	-0.06863956349769751		wk
5.292129343527167	5.474655051800984 	-0.18252570827381742	12.022505004775477	10.654338818625687	5.930069668875692	8.015003333118031	-7.037373223300659	0	89	130.83319765942161	4	1	0.4	5.84951128984738	-0.12558263588575747		wk
5.743422988315595	6.050967559571672 	-0.30754457125607626	20.255696013353575	15.097852968847603	5.930083787180067	11.709833348283423	-17.290654118820488	0	90	143.5855747078899	4	1	0.2857142857142857	5.814148522670119	-0.1862366143425304		wk
5.940787002064388	6.075043005290749 	-0.1342560032263611	15.357286303155183	13.283215075093537	5.930079083597915	9.427211921257847	-15.357286303155183	0	89	146.86945643992513	4	1	0.2	5.8458081425186865	-0.17324146156348808		wk
6.00165583685579	6.5516700060144295 	-0.5500141691586391	20.89661027238469	20.635924134682988	4.985155008576281	16.248195926490027	-20.89661027238469	0	89	148.37426930004594	4	1	0.15384615384615385	5.876977681386107	-0.24859600308251828		wk
2.008071156290077	1.8695306258491935 	0.13854053044088355	4.985159490563604	3.115884376415323	2.181246819341182	1.192884464439764	-4.985159490563604	0	9	5.020177890725193	4	1	0.15384615384615385	5.232159927203436	-0.18407324749528464		wk
4.981587046038962	5.413876125223607 	-0.43228907918464454	9.883461999833582	8.738109914479748	5.435904100662842	0.5868980905253789	-1.8966558811103107	0	93	128.69099868933984	0	1.1	1.1	4.981587046038962	-0.43228907918464454		wk
5.1159453098949035	5.220726793959512 	-0.10478148406460885	8.01882701370999	7.981472934325666	5.332518876364996	0.6588981985755401	-1.244597571576926	0	84	119.37205723088108	0	1.1	1.1	5.048766177966932	-0.2685352816246267		wk
3.6556649386961433	4.074696793561028 	-0.4190318548648846	9.756196400025884	7.205456540733461	3.45921719053446	1.2753699296461496	-2.098993619010915	0	84	85.29884856957668	18	0	1.1	4.584399098210002	-0.318700806038046		wk
4.948361540196947	5.121543233443104 	-0.17318169324615695	13.008243847336606	9.753648650895732	4.472499121999016	1.5541012712824827	-2.611034104067471	0	84	115.46176927126209	18	0	1.1	4.675389708706739	-0.28232102784007373		wk
4.229768551068573	4.520114291006115 	-0.29034573993754176	8.255154914529818	7.084084141399963	4.941731785105072	0.8526382570684378	-1.0900094372392077	0	84	98.69459952493337	15	0	1.1	4.586265477179106	-0.28392597025956734		wk
1.9450535771662778	2.714577763103918 	-0.7695241859376403	6.751897890673784	5.843068556542217	1.976682675169366	0.5937039507901662	-1.647234778914764	0	99	53.488973372072635	15	0.25	0	4.146063493843634	-0.3648590062059129		wk
2.8968625283208045	5.793725056641609 	-2.8968625283208045	21.19823449065727	7.724966742188812	1.976665735909166	0	-6.407189584916035	0	24	19.31241685547203	15	0.25	0	3.9676062130546583	-0.7265737950794688		wk
5.690128397740784	6.381337005453834 	-0.6912086077130501	21.37334223269468	13.872496925561181	5.625898255054205	2.163807316576986	-6.679169447947224	0	91	143.83380116511427	10.5	0.5	0	5.690128397740784	-0.6912086077130501		wk
5.744082805271832	6.6427953903259045 	-0.8987125850540725	11.632015296912323	10.790739634345371	6.191369988375977	0.9081757845042873	-2.066013379043872	0	84	134.02859878967607	10.5	0.5	0	5.717105601506308	-0.7949605963835613		wk
5.797819392129342	6.192173783023267 	-0.3943543908939251	11.77398366045608	10.781440749059035	5.433976543619043	1.5134439712290195	-2.2263898157935778	0	90	144.94548480323354	10.5	0.5	0	5.744010198380653	-0.6614251945536825		wk
5.7697165049796535	6.599859367422857 	-0.8301428624432035	12.382764145195653	11.244957576116773	6.899207153483482	1.13131263382501	-2.003750834270869	0	87	139.4348155370083	10.5	0.5	0	5.750436775030403	-0.7036046115260628		wk
5.597974677708657	6.1327223004694895 	-0.5347476227608325	12.183937864631085	11.644558369692447	6.079017463826092	1.231059453311393	-2.0508016429588896	0	75	116.62447245226369	10.5	0.5	0	5.719944355566054	-0.6698332137730167		wk
6.588778864786545	10.126532776889963 	-3.537753912103418	95.17578738860448	41.620098738894576	6.362765995359241	2.549314886649701	-92.79004107162366	0	91	166.5496879709932	0	1.1	1.1	6.588778864786545	-3.537753912103418		wk
3.713764924855758	6.290622785889292 	-2.576857861033534	20.896598519888233	14.949578918940146	5.930107315710479	5.318280808065327	-4.7974870502144435	0	138	142.3609887861374	0	1.1	1.1	5.151271894821152	-3.057305886568476		wk
6.030482803335473	6.248533935104054 	-0.21805113176858093	11.195292983429134	10.231743299950862	5.930096492010097	1.0374369116689586	-1.5432589446788103	0	91	152.43720419542444	0	1.1	1.1	5.444342197659259	-2.110887634968511		wk
4.503308567874221	4.714888312076228 	-0.2115797442020071	12.848520990898027	9.84104607240337	4.472500870894592	1.391847250319849	-3.6239418178165708	0	90	112.5827141968555	6	1	0	5.209083790213	-1.636060662276885		wk
3.6996013504268532	5.046127393948219 	-1.346526043521366	14.694172784180962	10.68667111592247	4.842697878043681	1.0512722909143046	-2.7607233715424933	0	90	92.49003376067132	8	0.6666666666666666	0	4.90718730225577	-1.5781537385257811		wk
4.127928348211872	4.135938435284427 	-0.008010087072555017	12.063062838822063	8.774813987566956	3.2121771450947008	2.703204681780989	-2.232307913073112	0	36	41.279283482118714	8.5	0.75	0	4.777310809915121	-1.3164631299502434		wk
5.238416939867531	6.1865670822008685 	-0.9481501423333372	40.65161254261373	18.908755780862847	4.222040919611747	5.869605997455064	-10.878869734799089	0	93	135.32577094657788	12	0.5	0	5.238416939867531	-0.9481501423333372		wk
4.636065611441149	5.307719780010897 	-0.6716541685697486	10.68667111592247	9.036167801495232	5.6055867534402015	0.6012008556741356	-2.0650428479583907	0	90	115.90164028602872	15	0.25	0	4.9372412756543405	-0.8099021554515429		wk
4.835268476708406	4.777432356391939 	0.05783612031646701	9.350837225369988	8.237642318417352	4.7047582718805465	1.1311895291740588	-1.5240288359898055	0	87	116.85232152045315	15	0.25	0	4.903250342672362	-0.520656063528873		wk
5.216748289725189	5.559952871027558 	-0.34320458130236897	9.350837226219728	8.5605794723282	5.444272326739599	0.5937039508531101	-1.5765639249208905	0	89	128.96961049598383	15	0.25	0	4.981624829435569	-0.4762931929722469		wk
3.999132002475929	4.004623004572401 	-0.0054910020964715756	8.01500333821646	6.264108099370037	4.037859774718703	0.5565974542552442	-0.3964170103693662	0	84	93.31308005777167	15	0.25	0	4.785126264043641	-0.38213275479709186		wk
2.8021983725003623	4.0759372980518735 	-1.2737389255515112	8.545948047628428	7.488217574201998	3.802612956103495	1.5517190641195968	-1.76455159419711	0	136	105.86082740556924	15	0.25	0	4.454638282119761	-0.5307337832561617		wk
3.88639523851185	6.755255710430394 	-2.8688604719185435	20.06187297424318	14.27222117224555	6.822376113790915	2.6797893228726557	-4.365430064775109	0	89	96.08032672987629	15	0.2	0	4.373460704461488	-0.864751881636502		wk
0.004774279494352818	0.0015940981710299469 	0.0031801813233228718	0.004782294513089841	0.0023911472565449204	0.0023911472565449204	0.0015940981710299469	0	0	1790	2.373877859692096	15	0.2	0	3.827374901340596	-0.7562603737665239		wk
1.3358338897027435	1.3358338897027435 	0	4.007501669108231	2.0037508345541153	2.0037508345541153	0	-1.3358338897027435	0	9	3.339584724256859	15	0.2	0	3.5505370111586125	-0.6722314433480212		wk
4.922861856494408	5.538684956247602 	-0.6158230997531939	14.82647047267675	11.207141204824081	5.237180583937153	0.6914499525045249	-4.378101643439361	0	92	125.8064696659682	9.5	1	0	4.922861856494408	-0.6158230997531939		wk
5.269176903709383	5.652175682921832 	-0.38299877921244896	11.86117261415493	11.43084328339856	4.744460763372988	0.5765842308348904	-3.1377985242720356	0	90	131.72942259273455	9.5	1	0	5.096019380101895	-0.49941093948282145		wk
4.52311300771042	4.129501865047312 	0.3936111426631079	6.079160214842922	6.008114538942888	4.651915397869965	5.18925478307727	-1.0197041820803456	0	86	108.05214407308226	9	1	0	4.905050589304737	-0.201736912100845		wk
3.0700193905398585	5.748030409519203 	-2.678011018979345	14.826418710222088	11.653510855589483	5.930567487106702	2.534780718533437	-7.779650518158941	0	127	108.30346183293389	9	1	0	4.446292789613517	-0.82080543882047		wk
5.85268790756161	6.592322506887325 	-0.739634599325715	14.96123362447655	12.705268935478017	6.5882385926991684	1.466009405900448	-3.5268976268018055	0	88	143.0657044070616	9	1	0	4.727571813203136	-0.8045712709215189		wk
5.333141908240725	5.709561484904466 	-0.37641957666374104	11.861174494261956	11.407555129885422	5.930570310107129	1.647380642115591	-3.7066170295747165	0	88	130.36569109032882	7	1	0	4.828500162376067	-0.7332126552118893		wk
4.505238542321378	6.347244662918171 	-1.8420061205967926	24.765585976707108	17.05267547195682	5.930511967772102	1.781111852653745	-8.129926233379162	0	90	112.63096355803445	7	0.8571428571428571	0	4.782319930939684	-0.8916117216954469		wk
6.184496121480459	7.8456900883883645 	-1.6611939669079057	17.791535903316092	15.870702988153075	8.175815068342626	1.566657187371744	-9.88416936232439	0	72	123.68992242960917	7	0.8571428571428571	0	4.95759195475728	-0.9878095023470043		wk
5.322063831325669	5.768075808275232 	-0.4460119769495634	14.6351556047866	10.899123884963176	5.285024401356872	1.3645520675680973	-4.3103107495875665	0	87	128.61654259037033	7	0.8571428571428571	0	4.998088829931546	-0.9276097773028442		wk
6.467603105365767	8.353727214769867 	-1.8861241094040997	29.054169343553813	24.97954307298885	5.61802418301377	11.561815985218356	-10.741696285853992	0	86	154.50385196151555	7	0.8571428571428571	0	5.145040257474968	-1.02346121051297		wk
4.357529718808186	5.3081209037948245 	-0.9505911849866386	20.75677541761351	12.849432400661774	5.088666523889859	2.5416459695421536	-5.930507262713803	0	88	106.51739312642232	8	0.75	0	5.073448390323443	-1.016836662737849		wk
7.029348255979716	6.180821805946801 	0.8485264500329155	10.736371865958612	8.539695684004286	7.441357593027124	0.1754841376754983	-1.8053673399549783	0	12	23.43116085326572	8	0.75	0	5.236440045794798	-0.8613897366736185		wk
4.49038649821095	4.569121954081071 	-0.07873545587012121	10.377483584919851	8.300414115901942	4.503216410914116	0.9343414568534539	-3.995882669774085	0	90	112.25966245527373	0	1.1	1.1	4.49038649821095	-0.07873545587012121		wk
4.61902830425694	4.637636301328717 	-0.018607997071777405	8.426447480773394	7.325531464956797	4.558939136418042	0.8550909412675398	-1.6188540793653838	0	86	110.3434539350269	0	1.1	1.1	4.554707401233944	-0.048671726470949306		wk
5.176551029082812	5.24274392815891 	-0.06619289907609804	8.545846663784541	7.9231771079544275	5.153880561002625	0.6177067677361125	-0.9333386080602817	0	87	125.09998320283461	0	1.1	1.1	4.761988610516901	-0.05451211733933222		wk
4.427262746953547	4.3186433649018365 	0.10861938205171029	6.836685951878748	5.654844773435823	4.845426638331621	0.49041148277878327	-0.5658368567580409	0	90	110.68156867383867	0	1.1	1.1	4.6783071446260625	-0.013729242491571592		wk
4.969996802346553	4.972096621660455 	-0.0020998193139023513	8.545878174107823	7.189400768500653	5.063926173157072	0.6222733769336153	-1.6608613345900003	0	84	115.9665920547529	0	1.1	1.1	4.736645076170161	-0.011403357856037744		wk
4.611246117185166	4.659288830322923 	-0.04804271313775743	8.07571492157374	7.193173931015687	4.80900200216511	0.766584458956439	-0.8905559264684954	0	90	115.28115292962914	0	1.1	1.1	4.715745249672661	-0.017509917069657693		wk
4.895024426301435	5.056827590357971 	-0.1618031640565354	9.350837227069466	8.505604510571757	5.009377085747984	0.9618004005179959	-1.0531510985983352	0	88	119.65615264292397	0	1.1	1.1	4.741356560619629	-0.038123238067783075		wk
4.56692414327065	4.883188263948843 	-0.3162641206781931	8.07571966277082	8.07571920880538	4.809002002929876	0.7893556471960057	-1.3560725629345576	0	88	111.63592350217142	0	1.1	1.1	4.719552508451006	-0.07289084839408433		wk
4.826317786262414	4.797525269433611 	0.028792516828803016	8.01500333736672	7.124447411181471	4.827217159989683	0.8015003338556351	-0.7725679228406781	0	87	116.63601316800833	0	1.1	1.1	4.731415317096718	-0.061592696702652404		wk
4.7054152613440445	4.542228866712576 	0.16318639463146845	8.01500333736672	7.219918966854163	5.4153139724277555	0.5916164895566283	-2.0127061125269425	0	25	32.676494870444756	6	1	0	4.72881531152145	-0.03911478756924032		wk
1.2531641572287495	3.794395840784094 	-2.5412316835553446	6.965407225861497	6.389315962096199	5.51031479406786	0.25046885415993825	-0.9734601038058367	0	100	34.81011547857638	0	1.1	1.1	1.2531641572287495	-2.5412316835553446		wk
4.254265262008182	4.080870729411757 	0.1733945325964248	7.905007634418384	7.163913182171812	5.187660437232466	7.905007634418384	-1.070411047381311	0	80	94.53922804462624	8.5	0.5	0	2.7537147096184658	-1.18391857547946		wk
5.5831820563056835	6.143133232114064 	-0.5599511758083802	14.104383664812076	12.231672977565234	6.07856715308766	2.675272170574805	-5.5379964146429455	0	95	147.33397093028887	0	1.1	1.1	5.5831820563056835	-0.5599511758083802		wk
6.394705760897473	6.933823833191732 	-0.5391180722942588	14.955453279646365	13.239212963274625	6.110878552727195	2.3134833143764606	-4.219523510073051	0	49	87.03905063443783	0	1.1	1.1	5.988943908601579	-0.5495346240513195		wk
0.5249495351954945	2.6159695855530165 	-2.091020050357522	6.679169447663978	4.296199207229477	3.1047140870122267	0.1669792361597342	-2.1626397138624416	0	130	18.95651099317063	0	1.1	1.1	0.5249495351954945	-2.091020050357522		wk
4.009061615492185	3.9313800375533448 	0.07768157793884045	6.916884973419128	5.764070262691731	4.44656891310005	0.32932378866000833	-0.823438686773026	0	50	55.68141132628035	0	1.1	1.1	2.26700557534384	-1.0066692362093408		wk
4.143628727857064	4.601298120850385 	-0.45766939299332066	8.075706936046133	7.52966914915627	4.55888990231624	0.9107904593616327	-1.5841081549552358	0	91	104.74172617638689	0	1.1	1.1	4.143628727857064	-0.45766939299332066		wk
4.752981009323663	6.275893100889687 	-1.522912091566024	14.63405713637428	14.29320345772497	4.8454249563461556	1.3186303463327484	-0.6431658309038546	0	86	113.54343522273193	11	0.5	0	4.4483048685903634	-0.9902907422796723		wk
3.4717354849925863	4.907495289549751 	-1.435759804557165	20.188202803562724	11.995083507124365	3.8174345976172988	1.9735731649702315	-7.245485901388381	0	90	86.79338712481466	14	0.3333333333333333	0	4.122781740724438	-1.138780429705503		wk
2.0150803778594195	1.499365935471145 	0.5157144423882745	2.7169859539013137	2.2490489032067176	2.2490489032067176	0	-0.15597901689819868	0	24	13.433869185729463	14	0.3333333333333333	0	3.5958564000081834	-0.7251567116820588		wk
4.780420582531995	5.329067372625636 	-0.5486467900936409	14.02625583932959	10.018754171071098	5.063923951817252	3.0056262511938687	-4.481165943756169	0	91	120.83840916955879	0	1.1	1.1	4.780420582531995	-0.5486467900936409		wk
4.7386046473388035	6.058505595849197 	-1.3199009485103934	16.03000667515831	15.362089729457201	5.009377086385287	5.009377086385287	-6.011252502706389	0	90	118.46511618347007	10.5	0.5	0	4.7386046473388035	-1.3199009485103934		wk
4.538786798458695	5.22702124738997 	-0.6882344489312757	12.022505004775473	10.018754171071096	5.009377085747984	0.751406562532924	-3.0549831523530484	0	89	112.20889585078439	13	0.3333333333333333	0	4.638695722898749	-1.0040676987208346		wk
4.441622199278349	4.768879940212351 	-0.3272577409340016	9.40292572402035	8.797768364018536	4.552266897479691	0.9079187590687031	-1.5820068035273673	0	95	117.20947470317864	11	0	1.1	4.441622199278349	-0.3272577409340016		wk
5.035864074026561	5.230819104857052 	-0.19495503083049126	9.543837756948106	8.053110757739903	5.224156840248756	0.745361845106881	-2.3674178775189585	0	87	121.70004845564189	11	0	1.1	4.738743136652455	-0.26110638588224644		wk
4.661401010566221	4.943304119322133 	-0.2819031087559116	14.104393061014575	9.178488782020496	4.714314004084308	2.222654133830381	-4.613062326532278	0	87	112.65052442201701	11	0	1.1	4.712962427957044	-0.26803862684013485		wk
5.607526151986219	5.9743289570510205 	-0.36680280506480134	10.127858786440441	10.055122376902327	6.078990380679905	1.198645910935818	-1.6697923629781672	0	88	137.07286149299645	11	0	1.1	4.936603358964337	-0.29272967139630146		wk
4.961910140314509	5.80467957954047 	-0.842769439225961	16.853559308232608	13.068268906641393	5.343335558810973	2.0698644420755468	-5.8096273132931024	0	93	128.18267862479146	14	0	1.1	4.961910140314509	-0.842769439225961		wk
4.719190928028639	4.863103635276106 	-0.14391270724746708	8.937007071082515	7.956839816066178	4.811348914960201	0.5534806349107819	-1.2101200453485559	0	86	112.7362277251286	14	0	1.1	4.840550534171574	-0.49334107323671406		wk
3.338292980115393	3.621214540618016 	-0.28292156050262296	6.918507940157007	5.7973684173496	4.818245837832631	0.054371062794838144	-0.7412685906026388	0	34	31.52832258997871	12	0.5	0	4.339798016152847	-0.42320123565868367		wk
4.406767896587254	5.600211999938778 	-1.1934441033515242	12.02250500732469	9.990417536526364	5.144025260886698	1.7396462884552262	-4.4634139572564075	0	92	112.61740180167425	22	0	1.1	4.406767896587254	-1.1934441033515242		wk
3.0821202593173287	4.104804222804306 	-1.0226839634869775	10.127842496347846	8.450948243774219	3.5579429853499325	1.2426957862278714	-2.3922534691933053	0	87	74.48457293350211	19	0	1.1	3.7444440779522914	-1.1080640334192509		wk
3.437788951964676	3.5355939130004304 	-0.09780496103575453	6.751895778381018	5.381963926518115	4.696998000586666	0.4356296731582585	-1.7399393309777382	0	23	21.963651637552097	16	0	1.1	3.642225702623086	-0.7713110092914187		wk
3.5117761498711078	4.6813790711983065 	-1.1696029213271988	10.127849176632736	8.721737193724893	5.127521516300666	1.22406950160687	-3.0601737537622533	0	94	91.69637724663448	18	0	1.1	3.5117761498711078	-1.1696029213271988		wk
4.284162012290862	6.051556454319093 	-1.7673944420282313	24.765491333284288	19.969998826452866	4.809002002420033	24.227138778138855	-13.848124965348832	0	87	103.53391529702917	12.5	0.25	0	3.897969081080985	-1.468498681677715		wk
2.999937997424032	3.496192395981183 	-0.49625439855715126	6.5042523442986315	5.669495879338682	4.045517580207321	0.40651545006276346	-0.9326221517497638	0	87	72.4985016044141	14.5	0.16666666666666666	0	3.598625386528667	-1.1444172539708604		wk
3.9921054556466675	4.306078959718531 	-0.3139735040718632	9.118240454972204	7.651818354058565	4.089362215674809	0.741279294998602	-1.0998163008938118	0	92	102.02047275541484	11	0	1.1	3.9921054556466675	-0.3139735040718632		wk
3.449735269404401	3.745927065962143 	-0.29619179655774186	6.679169447663978	5.695476784033477	4.007501668343465	0.4038110252971905	-0.8109681392773157	0	90	86.24338173511002	11	0	1.1	3.7209203625255345	-0.30508265031480253		wk
4.2177983780705235	5.658136702558859 	-1.4403383244883354	14.314417861542093	11.627593489971394	6.011252502387737	1.9228534193151592	-10.306916192943707	0	93	108.95979143348852	11	0	1.1	3.886546367707197	-0.6835012083726468		wk
9.184148331913626	7.848314442380831 	1.335833889532795	15.864479145080228	11.299412217980972	9.016878754431342	0.8905559264684948	-5.260571793559496	0	10	25.511523144204517	11	0	1.1	5.210946858758804	-0.17866743389628637		wk
5.34715199970362	6.675554721021152 	-1.3284027213175325	16.098411447725567	12.081668890125764	6.965509337565109	1.6365981495266309	-3.0398286374774965	0	93	138.1347599923435	25	0	1.1	5.34715199970362	-1.3284027213175325		wk
5.629822750046628	7.254087308396941 	-1.6242645583503128	26.81096459604385	17.19214360160803	6.7518992233576	5.802679887791039	-21.376990093015838	0	92	143.87324805674717	21	0	1.1	5.629822750046628	-1.6242645583503128		wk
5.116253256340637	5.252442642164324 	-0.13618938582368667	8.01500333736672	7.579730852390593	5.9301750742560015	0.6431792801643029	-1.2137342989836857	0	90	127.90633140851592	21	0	1.1	5.373038003193633	-0.8802269720869997		wk
4.7805523012386315	5.307778255077419 	-0.5272259538387871	10.018754171495967	8.780789594431916	5.248952707305216	1.3625505673438454	-1.5028131255969344	0	87	115.53001394660025	16	0	1.1	5.175542769208633	-0.7625599660042622		wk
4.9529162556240305	5.747288234465023 	-0.7943719788409922	10.127855892294091	9.49449054128071	6.646942567673182	1.3734936114476668	-2.9309307553737227	0	91	125.19871646160745	16	0	1.1	5.119886140812483	-0.7705129692134447		wk
2.83410237641568	6.881334912060149 	-4.0472325356444685	13.397994913513664	12.736764602010622	6.64697913492644	1.4242113092314952	-3.890041586817918	0	177	139.3433668404376	19	0	1.1	4.662729387933122	-1.4258568824996494		wk
5.8262220244096685	7.153392999817799 	-1.327170975408131	14.714579071284158	13.023717079735357	6.699004486370068	1.4036908793924638	-2.239032197949707	0	90	145.6555506102417	0	1.1	1.1	5.8262220244096685	-1.327170975408131		wk
5.2232200821958585	5.282315060430464 	-0.0590949782346053	10.68667111592247	9.003452053247807	5.362222226378706	1.1721309257590145	-1.5584728709658098	0	88	127.6787131203432	0	1.1	1.1	5.5247210533027635	-0.6931329768213681		wk
5.383281418568046	8.266142183881163 	-2.882860765313117	20.037508340442717	20.005242280212887	8.018942077513685	2.7551573965559517	-9.909655167585793	0	82	122.61918786738327	26	0	1.1	5.47757450839119	-1.423042239651951		wk
6.3921013922478505	6.8829967113902875 	-0.490895319142437	10.377798145532529	10.243026347984774	7.906893823910157	1.153088683675225	-1.7296330255128374	0	52	92.33035344358007	26	0	1.1	5.706206229355356	-1.1900055095245725		wk
4.345009673686422	4.39940675412772 	-0.054397080441297874	7.412287107262017	6.530085070610094	4.809002002420033	0.47438614926221456	-1.1118430659007363	0	90	108.62524184216055	0	1.1	1.1	4.345009673686422	-0.054397080441297874		wk
4.854460465119396	5.050137273071156 	-0.19567680795176035	10.127841772129969	8.739517540473264	4.7439375331823035	0.7792797731585065	-3.0698874846763675	0	81	109.2253604651864	0	1.1	1.1	4.599735069402909	-0.1250369441965291		wk
5.477927856364542	6.374873226228029 	-0.896945369863487	14.10438964940488	11.921816269382001	6.715535563335539	2.029795437346053	-2.9767121283133777	0	100	152.16466267679283	8	1	0	5.477927856364542	-0.896945369863487		wk
4.940064556725744	5.656850534438787 	-0.7167859777130428	10.018754170221358	9.511692349886168	5.368086522374176	1.1131949072358809	-3.3591179696333855	0	87	119.38489345420548	10.5	0.5	0	5.208996206545143	-0.8068656737882649		wk
5.7858600412867895	8.298389106004304 	-2.5125290647175147	24.05776527233466	19.092082671117062	7.99557864897789	16.609238723970613	-9.933551239252434	0	61	98.03818403291504	10.5	0.5	0.5	5.401284151459024	-1.3754201374313482		wk
5.96015927583522	6.10404728677735 	-0.14388801094212944	9.543974803416912	8.945179227351273	6.362623677053846	0.8823887066185214	-1.5906633803973862	0	90	149.00398189588051	0	1.1	1.1	5.96015927583522	-0.14388801094212944		wk
6.118594105363551	6.232379464707274 	-0.11378535934372369	12.022505004775473	10.244247942150219	6.433448951714935	1.571580633181368	-3.9045591414833285	0	89	151.26524316037666	0	1.1	1.1	6.0393766905993855	-0.12883668514292657		wk
5.0072897588522745	5.120740257233203 	-0.1134504983809288	8.444060690221214	7.712744491750637	6.011252502387737	0.9253100879233613	-1.3358338891362511	0	44	61.20020816375003	0	1.1	1.1	5.6953477133503485	-0.12370795622226065		wk
5.4177710528001235	5.509524810676592 	-0.09175375787646889	10.018754171495967	8.859861092238305	5.063918665961037	0.8816503670508578	-3.0582069215622885	0	91	136.94921272355867	0	1.1	1.1	5.4177710528001235	-0.09175375787646889		wk
5.45525434007222	5.582226699727752 	-0.12697235965553144	10.152170575504604	9.094976539505828	5.4847588650870485	1.250984656700295	-2.1533002732199376	0	64	96.98229937906169	0	1.1	1.1	5.436512696436171	-0.10936305876600017		wk
4.882522257272963	4.817725706793475 	0.06479655047948807	7.347359429195281	7.297637946982316	4.845426730518396	0.6679715521193789	-1.6725720469994918	0	93	126.13182497955154	0	1.1	1.1	4.882522257272963	0.06479655047948807		wk
5.0065703014828085	5.552264712942289 	-0.5456944114594808	8.994996429044525	8.928500158318071	5.663575633492048	0.8302235879901338	-2.3739985319460515	0	85	118.21068767389963	10	1	0	4.944546279377885	-0.24044893048999638		wk
4.783822103208993	5.305175550692389 	-0.5213534474833956	9.557489495665322	8.912945905071675	5.52330965821735	0.7815732719717291	-1.0484956085339994	0	85	112.95135521465677	12.5	0.5	0	4.890971553988255	-0.3340837694877961		wk
5.811723043633638	6.662227309834507 	-0.8505042662008693	18.03375750843782	13.009855994828454	6.02687980325392	1.4015301542719503	-3.5829009125760862	0	83	133.99250350599775	12.5	0.5	0	5.1211594263996005	-0.4631888936660644		wk
4.218937466851185	4.485225072865314 	-0.2662876060141288	8.015003337196774	7.836404756196732	4.744900314960189	0.46243141346908306	-1.3038881427882685	0	87	101.95765544890364	10	0.6666666666666666	0	4.940715034489918	-0.4238086361356773		wk
3.932660972835486	4.657759783900406 	-0.7250988110649201	12.519492229005424	10.037052443853288	4.294486058893129	1.2167352080572367	-3.7085639902758594	0	50	54.620291289381754	12.5	0.5	0	4.7727060242141786	-0.4740236652905511		wk
5.813650091324865	7.027163475871838 	-1.2135133845469728	12.382742060357995	11.43531334015171	7.490266619668414	1.3267928051430502	-3.698794154569966	0	92	148.5710578894132	0	1.1	1.1	5.813650091324865	-1.2135133845469728		wk
5.815297033179211	6.821962297134108 	-1.006665263954897	12.022505004775473	10.96087885934058	6.504201720470248	1.063770144246342	-2.003750833279507	0	87	140.5363449684976	15	0	1.1	5.814473562252038	-1.1100893242509349		wk
5.511030283784598	6.110503174152776 	-0.5994728903681779	12.02250500732469	11.39095442984983	5.480823616851122	1.1131949079439964	-3.3991727150076683	0	89	136.24491534911922	15	0	1.1	5.713325802762892	-0.9398838462900159		wk
5.923596040347358	6.004105468699088 	-0.08050942835172936	10.917524512636795	9.279037295003654	6.5043681738296675	1.0902779760322172	-1.8195863538367636	0	86	141.50812763052022	15	0	1.1	5.765893362159009	-0.7250402418054442		wk
5.486360461545779	4.970547858326271 	0.5158126032195076	7.307793650092259	6.902226558854847	5.480844522983028	0.4567372817773079	-1.0044244799260464	0	26	39.623714444497296	15	0	1.1	5.709986782036363	-0.4768696728004539		wk
4.882465188033333	4.9159065292251105 	-0.033441341191777774	10.448345460259992	7.745432562227401	4.969166454572429	1.3060430988372658	-3.0769191745624074	0	93	126.1303506908611	0	1.1	1.1	4.882465188033333	-0.033441341191777774		wk
4.5411555029876425	5.915562063136399 	-1.3744065601487563	14.104392394387098	12.009228953541845	5.221981057882885	1.571371434838193	-3.792846557383047	0	87	109.74459132220136	21	0	1.1	4.711810345510488	-0.703923950670267		wk
5.699054302931555	5.993246055585861 	-0.2941917526543065	12.022505004775473	10.075357135154627	6.67916944681424	2.003750833279507	-3.0601752702342244	0	86	136.14407501447604	21	0	1.1	5.040891664650843	-0.5673465513316135		wk
4.930842674414984	5.2219917319828335 	-0.2911490575678499	12.022505004775473	9.812113702877909	4.985134159298312	1.1609222290636303	-3.588539061988157	0	87	119.16203129836211	21	0	1.1	5.013379417091878	-0.4982971778906726		wk
5.0025030935223205	6.208665794145885 	-1.2061627006235645	15.864479695859856	13.453590753058842	5.3236780669819685	0.9791862645614889	-2.4177068763229337	0	87	120.89382476012274	21	0	1.1	5.0112041523779665	-0.639870282437251		wk
5.346518632810866	4.354802172657251 	0.991716460153615	8.936948788957055	5.806402896876334	5.063922281500531	0.968256626864131	-1.8395370562618796	0	12	17.821728776036217	21	0	1.1	5.067089899116783	-0.36793915867210664		wk
4.6521591979925745	6.313352481443424 	-1.6611932834508494	14.824736560438778	12.890887764425942	6.139475594368343	5.068801436843158	-14.250858023352079	0	94	121.47304572536166	14	0	1.1	4.6521591979925745	-1.6611932834508494		wk
2.7386563157943953	5.997533425972131 	-3.258877110177736	20.754634483847855	15.318896096032198	5.929893683611592	2.9649473128421815	-14.824736564210848	0	99	75.31304868434587	12.5	0	1.1	3.695407756893485	-2.4600351968142924		wk
7.253395888847813	10.2620283481264 	-3.0086324592785862	29.919067976406474	25.786068875359376	8.994591587477844	3.2345506347670607	-10.871470029612421	1	73	147.08274996830286	12.5	0	1.1	4.881403800878261	-2.642900950969057		wk
6.015940645985202	9.823652917755194 	-3.807712271769992	79.50658533551656	44.00938420463306	5.158083902337857	79.50658533551656	-48.456262381217385	0	93	155.4118000212844	11	0.3333333333333333	1	5.165038012154996	-2.9341037811692905		wk
4.28034430910467	4.783410891948889 	-0.5030665828442187	10.871482104922308	9.508437711656425	4.503148385723527	1.6471942578642447	-2.3285579653572683	0	88	104.63063866700305	11	0.3333333333333333	1	4.988099271544931	-2.4478963415042765		wk
4.502671383268138	4.565236805676459 	-0.06256542240832097	7.906536203771249	6.954184095906714	4.596814251699183	0.3261449808056328	-0.5188666030934607	0	88	110.06530047988782	11	0.3333333333333333	1	4.907194623498799	-2.050341188321617		wk
3.9281489240087852	5.358545590587396 	-1.430396666578611	13.491914603842348	12.029120185089823	4.952996759261254	1.6019065755838477	-3.2868449679728666	0	89	97.1125706213283	12.5	0.25	1	4.767330952143083	-1.9617776852154734		wk
6.737958410144469	4.99726661262345 	1.740691797521019	7.412384749963292	6.6630221501646	6.6467738990508245	0.4941589828278694	-0.19140271272811682	0	10	18.716551139290193	12.5	0.25	1	5.013659384393256	-1.4989689998734117		wk
5.972312475204053	7.99178121245238 	-2.019468737248327	22.248824042958088	18.01901709701183	6.679169448513716	3.640970184636537	-12.492742836703867	0	92	152.62576325521468	16	0	1.1	5.972312475204053	-2.019468737248327		wk
5.254447421218461	8.197547479455599 	-2.943100058237138	26.04876084665428	20.14083136307195	6.67916944681424	5.009377086066635	-11.688546533836831	0	88	128.44204807422904	20.5	0	1.1	5.613379948211257	-2.4812843977427326		wk
5.661381694876334	6.2826297594128215 	-0.6212480645364877	16.030006673883705	12.022505005625213	6.011252503662345	2.7415201467062147	-4.675418613109864	0	88	138.38933031919927	20.5	0	1.1	5.629380530432949	-1.8612722866739844		wk
5.7592273198676045	7.034309930671938 	-1.2750826108043336	19.087922201860884	14.77345137530097	6.698968872723428	3.5805359063623623	-4.772977249142071	0	88	140.78111226343032	20.5	0	1.1	5.661842227791613	-1.7147248677065716		wk
1.1584372016557205	2.9601493562039014 	-1.801712154548181	6.1913851149361365	5.404306565099059	3.0485529047443083	0.376495380066344	-0.6828892959957119	0	147	47.30285240094192	20.5	0	1.1	4.761161222564434	-1.7321223250748936		wk
1.8824663662390737	3.0708847406526742 	-1.1884183744136005	10.448344660298673	6.9121496243414	2.970758211811787	0.21329920905042177	-2.7476173606137544	0	92	48.107473803887444	25	0	1.1	4.2813787465102076	-1.6415049999646782		wk
1.8801994142477212	2.2799988369603055 	-0.3997994227125843	10.96169104788547	6.608249248416954	1.6521019487260418	2.3543883440262734	-4.739539408989054	0	48	25.06932552330295	24	0	1.1	3.9383531276155668	-1.464118488928665		wk
5.018461453974726	7.026804248099048 	-2.0083427941243226	28.20876278146728	17.564635407643806	6.679169447663978	7.152289713123533	-18.19000860997131	0	92	128.2495704904652	14	0	1.1	5.018461453974726	-2.0083427941243226		wk
5.96250526332659	5.211160441932616 	0.7513448213939737	9.166248992468104	6.948213922576822	8.426395738295641	0.9857086592502308	-0.36992662708623136	0	12	19.875017544421965	14	0	1.1	5.490483358650658	-0.6284989863651744		wk
6.25021311880294	11.171319147705303 	-4.921106028902362	44.50328833000224	25.881485072315172	11.550078510016984	14.280227557755158	-12.268791308957324	0	93	161.4638389024093	27	0.5	0	6.25021311880294	-4.921106028902362		wk
6.144434087701918	5.351233649173326 	0.7932004385285918	9.894271273105222	7.894155624786595	6.894097800627282	0.23519206557235775	-0.19221010734822805	0	87	148.49049045279634	27	0.5	0	6.197323603252429	-2.0639527951868852		wk
5.229393247889995	5.643378108613057 	-0.41398486072306273	19.94050641342832	17.51864618205386	4.985128701874889	14.825195352486782	-14.955379111931187	0	90	130.73483119724986	4	1	0.2857142857142857	5.229393247889995	-0.41398486072306273		wk
5.789488881197163	5.939024270762932 	-0.14953538956576917	16.301919917048192	14.592085155435447	5.930080965785754	13.336876140329434	-11.316787855703062	0	62	99.70786406506224	4	1	0.4	5.509441064543578	-0.28176012514441595		wk
5.70898871900988	6.309194812608903 	-0.6002060935990228	14.825007132185542	14.181589099161123	5.930002852497076	10.440429623302688	-11.860005701221825	0	90	142.724717975247	4	0.6666666666666666	0.5	5.70898871900988	-0.6002060935990228		wk
4.226823346989508	5.863924424833477 	-1.637101077843969	20.255696013905748	17.88311747773563	4.007501669108231	7.3976085799934275	-16.248194347346733	0	89	104.4964660783517	6.5	0.625	0.4	4.967906032999694	-1.1186535857214959		wk
1.1406629472520766	5.333077932898059 	-4.192414985645982	17.091746552708884	13.712252189119424	4.007501669108231	9.076743214492424	-15.087995718154769	0	157	49.745578532937785	7	0.5555555555555556	0.4	3.692158337750488	-2.143240719029658		wk
4.658348223413635	4.945781953716894 	-0.2874337303032588	26.685698898546608	17.030314890992432	4.007501669108231	8.449955002947954	-11.33909861471919	0	90	116.4587055853409	6.5	0.5714285714285714	0.375	3.933705809166275	-1.6792889718480581		wk
6.306737951980618	6.628822129262762 	-0.3220841772821439	16.887879488477886	15.957741191150012	6.011252503662346	9.329253685757124	-12.022505007324693	0	89	155.9165771461875	6	0.6470588235294118	0.2727272727272727	4.4083122377291435	-1.4078480129348754		wk
3.7045677857232335	4.648444563328403 	-0.9438767776051695	12.382723867162762	11.083685911150987	4.985107152789408	6.452725722097674	-8.545846665634405	0	91	93.64324125022618	6	0.7142857142857143	0.2	4.291021495728159	-1.3305194737132577		wk
9.80667452425437	13.991635074569515 	-4.184960550315145	30.714188777509037	18.655513432759353	20.754980341617642	4.369469599726275	-9.959208435891394	0	8	21.792610053898603	6	0.7142857142857143	0.2	5.078971928374761	-1.7382967703706702		wk
