_avgSpeed	_exSpeed	 DiffAvgExpSpeed	 Max Speed	AvgTop3Speed	_speedMedian	_maxAcceleration	_maxDecceleration	Num Of Stops(including end/start point)	duration	distance	stopDurationMedianSoFar(while moving)	ratio Of Short Stop(while moving)	ratio Of Instant Stop(in short stop)	Avg of AvgSpeed	Avg of DiffAvgExp	label
27.730402260824697	26.938105053372567 	0.7922972074521297	56.33495558476544	51.39329281476923	26.685012840950822	14.631985352195883	-10.871313417569656	0	34	261.8982435744555	0	1.1	1.1	27.730402260824697	0.7922972074521297		dr
18.026525617277997	17.74450765795283 	0.2820179593251666	62.77873296066624	47.67943241786048	16.301906907835168	22.98335437402771	-24.233732764474468	1	47	235.3463066700183	5	1	0	22.878463939051347	0.5371575833886482		dr
47.32679117937415	44.96045162040544 	2.366339558968704	56.10502335986757	53.71273398235926	48.090020021651114	8.669248698301168	-7.999708900894291	0	19	249.78028678003022	5	1	0	31.02790635249228	1.146884908582		dr
51.77658143066204	48.90010468451416 	2.8764767461478797	60.18559214558599	57.51739865480338	52.433866806230114	8.351365161637304	-12.095572123934879	0	17	244.50052342257075	5	1	0	36.21507512203472	1.57928286797347		dr
50.28848190320693	47.49467735302877 	2.7938045501781588	58.03026013899178	55.8882746462971	50.13188059488063	7.161408427549098	-7.70743664531831	0	17	237.47338676514383	5	1	0	39.029756478269164	1.8221872044144078		dr
54.59714886248569	51.38555187057476 	3.2115969919109304	59.58907736559972	59.58891353008562	54.964521149486316	7.439674629038393	-7.4397438844682995	0	16	242.65399494438083	5	1	0	41.62432187563858	2.0537555023304948		dr
33.96013223196069	32.702349556702885 	1.2577826752578076	57.25183235926154	55.72680863993205	38.49453851656236	10.521379542413381	-10.95751896330836	0	26	245.26762167527167	5	1	0	40.52943764082745	1.9400450984629682		dr
44.97135097759998	42.72278342871997 	2.248567548880011	62.9265136572746	61.23670724412306	53.17996739708589	8.434788468020404	-8.434522425145246	0	19	237.34879682622213	5	1	0	41.08467680792402	1.9786104047650985		dr
5.845072602862224	11.268520760001875 	-5.423448157139651	34.89422582872009	32.17719697325375	8.545713766800889	5.962252229554406	-9.012956664070291	0	52	84.42882648578768	18	0.5	0	37.16916522958382	1.1561594534423485		dr
