_avgSpeed	_exSpeed	 DiffAvgExpSpeed	 Max Speed	AvgTop3Speed	_speedMedian	_maxAcceleration	_maxDecceleration	Num Of Stops(including end/start point)	duration	distance	stopDurationMedianSoFar(while moving)	ratio Of Short Stop(while moving)	ratio Of Instant Stop(in short stop)	Avg of AvgSpeed	Avg of DiffAvgExp	label
14.592970295975345	17.254503754654408 	-2.661533458679063	32.06001334776741	28.104596879293112	22.15034950043433	8.015003338216463	-3.8512460672064286	0	11	44.58963145992466	0	1.1	1.1	14.592970295975345	-2.661533458679063		dr
2.677033666519206	14.903506715814316 	-12.22647304929511	29.428951633834973	24.576549039596298	18.142846074643337	0.26238214694512996	-7.784747942721636	0	59	43.87360731239809	52	0	1.1	8.635001981247274	-7.444003253987087		dr
37.65745707917009	32.27782035357436 	5.379636725595731	47.53674083292668	43.03279191213684	38.53154630591874	11.469225816051043	-16.28424089010307	0	6	62.762428465283485	52	0	1.1	18.309153680554882	-3.1694565941261477		dr
16.544160552926595	15.832311303740605 	0.71184924918599	28.672394918387766	24.251637758676356	19.03563292571488	4.627384903738385	-10.018754171495967	0	9	41.36040138231649	52	0	1.1	17.86790539864781	-2.1991301332981132		dr
30.109414024006885	25.808069163434464 	4.301344860572421	36.06751501687564	33.441448846191044	30.05626251321329	4.144306495270918	-4.007501671657451	0	6	50.182356706678135	52	0	1.1	20.316207123719625	-0.8990351345240064		dr
20.060271156222118	18.63227239075558 	1.427998765466537	32.06001334776741	26.777378625936407	22.04125917882066	7.832900832374978	-8.015003333118027	0	8	44.57838034716026	52	0	1.1	20.273551129136706	-0.5111961511922493		dr
37.607383940212955	32.23490052018253 	5.372483420030427	44.1821086166067	41.444047328675076	38.31336093651282	8.342951013760949	-4.107091930622829	0	6	62.678973233688254	52	0	1.1	22.74981295929046	0.3293295018395617		dr
45.46166800344891	38.96714400295621 	6.494524000492696	52.18181651023903	50.84831932176368	44.12817098929938	8.106308606631025	-12.106799476453254	0	6	75.76944667241484	52	0	1.1	25.588794839810262	1.0999788141712035		dr
33.442161383245974	28.66470975706798 	4.777451626177996	36.189164420234334	36.108064818844944	34.063764183596135	7.98041727282812	-4.129151069917711	0	6	55.73693563874329	52	0	1.1	26.46139112241423	1.5085869043941804		dr
38.78717456712218	33.24614962896187 	5.541024938160312	44.97083780485864	42.60461093719457	40.78072748667672	12.302564739593024	-7.980418640039183	0	6	64.64529094520363	52	0	1.1	27.69396946688503	1.9118307077707937		dr
35.47276808482104	30.405229786989477 	5.067538297831565	42.72877292587869	41.67763315715988	37.34714770744287	7.372632875179427	-14.982464005894634	0	6	59.1212801413684	52	0	1.1	28.401132977606483	2.1987132159581364		dr
18.767207988606657	17.859977339093195 	0.9072306495134619	31.127220928108763	25.921321068940518	22.449899644923104	7.14342362604296	-0.20304533172388162	0	10	52.13113330168515	52	0	1.1	27.598305895189828	2.0910896687544134		dr
48.36097872894098	41.45226748194941 	6.908711246991565	53.18112932350067	51.277387888696644	49.03192383687687	5.213685789341902	-7.156659578462907	0	6	80.60163121490163	52	0	1.1	29.195434574709147	2.461675944003425		dr
25.270840284063382	21.660720243482903 	3.6101200405804796	28.847458355170577	27.37332422481842	25.812767008074694	5.929337445364194	-8.094777300165909	0	6	42.11806714010564	52	0	1.1	28.915106411091593	2.5437076651875006		dr
36.066964861573695	30.914541309920313 	5.152423551653381	41.71068354418342	39.351493833898154	35.7700249308268	4.803726165176428	-8.493813415469184	0	6	60.111608102622824	52	0	1.1	29.391896974457065	2.7176220576185597		dr
13.118177668832173	14.31726669149188 	-1.1990890226597077	31.762256316998744	25.81232696769381	15.94813867845683	8.015003337579156	-4.941153758315349	0	9	32.79544417208043	52	0	1.1	28.37478951785551	2.472827615101168		dr
47.791140227192784	40.96383448045095 	6.827305746741835	57.25281807297201	52.4937369153884	47.913790687131915	9.578825874636614	-5.2138064000770825	0	6	79.65190037865463	52	0	1.1	29.51692779487535	2.728973387550619		dr
52.061944479424646	44.62452383950684 	7.4374206399178036	57.25757707281621	54.01593711571905	50.343004183658046	4.104225907024826	-7.125640037611717	0	6	86.76990746570775	52	0	1.1	30.769428721794757	2.990553790459907		dr
60.07271934667383	51.49090229714899 	8.581817049524837	64.38958463082072	62.77967528962059	60.853173209553646	7.1323639353378	-2.474434381137172	0	6	100.12119891112305	52	0	1.1	32.31170717573576	3.2848308040949035		dr
59.64938339052921	51.12804290616789 	8.521340484361318	64.3892903037776	63.584301908673375	60.78157791624576	11.622213094426684	-16.422936424711686	0	6	99.41563898421535	52	0	1.1	33.678590986475434	3.546656288108224		dr
27.148523376989065	25.234700710402347 	1.913822666586718	47.966115165535754	37.59580902661986	29.836876139804847	0	-14.192776602939148	0	7	52.78879545525651	52	0	1.1	33.3676353860237	3.46890230613101		dr
30.877503491261344	28.258660926597294 	2.6188425646640496	46.50785655085658	40.24095069441082	31.256349150359	12.764494096612449	-2.6946249854631397	0	7	60.03959012189706	52	0	1.1	33.25444757262541	3.4302632269734206		dr
52.71671748806969	45.18575784691688 	7.530959641152812	58.10362325645965	55.296248645005754	53.20170110676561	5.320210185697512	-5.442466986368224	0	6	87.86119581344948	52	0	1.1	34.10063322112298	3.6085543754160025		dr
62.97486732786818	53.978457709601294 	8.996409618266888	64.80228144272633	64.37573717625158	63.3035592348906	4.969507155727179	-0.4382734229523848	0	6	104.95811221311362	52	0	1.1	35.30372630890404	3.8330483438681227		dr
64.84632140766985	55.58256120657416 	9.263760201095685	68.06565067214719	65.88989531443586	64.80197033201594	4.981435165520573	-3.263609387041427	0	6	108.07720234611641	52	0	1.1	36.48543011285467	4.050276818157226		dr
64.91131542777377	55.63827036666323 	9.273045061110544	68.49348692916124	66.49591816291614	65.12478177059126	5.879734890096067	-3.741028409035465	0	6	108.18552571295629	52	0	1.1	37.57873339419771	4.251152519809276		dr
64.98195283428798	55.69881671510398 	9.283136119184	66.95403929178946	66.22009642500011	64.75221856797305	2.5677850626007057	-2.6588999658347987	0	6	108.30325472381331	52	0	1.1	38.593667447534386	4.437522282749081		dr
64.9663544058406	55.68544663357766 	9.280907772262943	66.95359362634622	66.95346715325921	65.85263482275238	4.860508746428614	-4.860635219793416	0	6	108.27725734306767	52	0	1.1	39.53554912461675	4.610500335946004		dr
60.96463088297745	52.25539789969497 	8.709232983282483	66.95314795852448	65.36328986407537	64.38514137685024	4.80039836175343	-18.656931582438418	0	6	101.60771813829575	52	0	1.1	40.274482978353326	4.7518359444748475		dr
31.502303626312496	27.00197453683929 	4.500329089473208	40.812167065852194	35.983004829583365	30.994496447534182	0.4063765642022048	-7.446931636504338	0	6	52.5038393771875	52	0	1.1	39.982076999951964	4.74345238264146		dr
5.042237711561413	10.701674045227424 	-5.659436333666011	26.220472756796738	22.3504018480054	10.64800489080562	9.370846202804572	-7.131479679235131	0	20	28.01243173089674	30.5	0.5	0	38.854985410003884	4.407875327276703		dr
38.054726047161225	32.618336611852484 	5.43638943530874	45.727784799631294	42.649843483125515	39.3410300775776	8.343074541874174	-2.345163480793751	0	6	63.424543411935375	30.5	0.5	0	38.829977304915055	4.440016393152704		dr
56.137968836985	48.11825900313 	8.019709833855003	59.58362246353546	58.0276379251874	56.11452082407712	4.601594883031794	-2.2703789871064686	0	6	93.56328139497501	30.5	0.5	0	39.35446189679596	4.548491951961864		dr
58.249477901521665	49.92812391559 	8.321353985931665	59.85770237137922	59.85761496227517	58.77376245208862	2.6055480350699867	-2.167722500159911	0	6	97.08246316920277	30.5	0.5	0	39.91019766164084	4.659458482372741		dr
62.704880657417	53.747040563500285 	8.957840093916715	65.49458858736902	64.17792556030992	63.06529553231497	4.952318026415114	-2.9774461907041427	0	6	104.50813442902833	30.5	0.5	0	40.56147431866302	4.782269385559711		dr
62.1182044034912	53.24417520299246 	8.87402920049874	66.72833345333578	63.688057415379184	62.090438764056245	4.637837162206722	-4.658431246936168	0	6	103.53034067248532	30.5	0.5	0	41.16027237657491	4.895929380419129		dr
60.94089061470453	52.235049098318164 	8.705841516386364	65.33325385739126	63.31786425786333	60.83133365096592	6.051232036129122	-8.340842300226896	0	6	101.56815102450756	30.5	0.5	0	41.694883680308145	4.998899978688513		dr
62.235696482488365	53.344882699275736 	8.890813783212629	67.39607992145669	64.47753103656675	60.54200405189184	4.952414737808887	-7.539122297444273	0	6	103.72616080414727	30.5	0.5	0	42.23543138562868	5.101318763018095		dr
56.79893373180879	48.684800341550385 	8.114133390258402	59.724883774169534	59.63026395083208	57.34242008745932	1.6562011796763656	-4.622970658564725	0	6	94.66488955301465	30.5	0.5	0	42.60885452271022	5.178570420126821		dr
37.66272010750677	32.28233152072009 	5.38038858678668	52.879131937894776	47.33626613327805	39.031699973730696	2.9641740530595726	-11.06626651447798	0	6	62.77120017917795	30.5	0.5	0	42.485201162330135	5.183615874293318		dr
3.7569279595606466	14.976654567952185 	-11.219726608391538	29.911409741576527	24.91915867677028	19.681819073596856	6.198021086574283	-7.664620077384518	0	43	44.87441729475216	37	0.3333333333333333	0	41.54060913299429	4.783534350325395		dr
42.72656252453291	36.622767878171075 	6.103794646361834	50.54776796738834	49.5331389997886	43.660086275808105	12.166113450132933	-3.5638624374594414	0	6	71.21093754088818	37	0.3333333333333333	0	41.56884611850712	4.814969119278643		dr
49.5235402608474	42.44874879501206 	7.0747914658353395	50.547649959327444	50.54757750533263	49.65813976765156	2.5865404169732074	-2.5866149378525236	0	6	82.53923376807899	37	0.3333333333333333	0	41.75383900553829	4.867523127338101		dr
48.01520298044445	41.155888268952374 	6.859314711492075	50.54740153633241	50.54736427144555	49.25403275873367	0	-6.838133557812618	0	6	80.02533830074074	37	0.3333333333333333	0	41.8961427322407	4.912791117887054		dr
22.202058352117042	20.731072200825317 	1.4709861512917257	33.36418535813458	29.52451132665625	25.315774789205093	3.7880276361377767	-14.125086494319028	0	8	49.33790744914898	37	0.3333333333333333	0	41.45849641268239	4.836306563073825		dr
28.87680723677554	24.751549060093318 	4.125258176682223	34.182135368324865	32.04152037443669	28.672054867733173	0.9117658452890183	-8.416497867538823	0	6	48.128012061292566	37	0.3333333333333333	0	41.18498143059746	4.820848989456616		dr
15.513395179431424	14.658115287379985 	0.8552798920514384	23.712575245715126	21.86435246947899	17.42641966128053	4.335294018088798	-1.828156574927422	0	9	38.78348794857855	37	0.3333333333333333	0	40.6387774678067	4.736475178873528		dr
15.806855169913762	14.423329496415892 	1.3835256734978696	21.13197881578726	19.888305473532885	16.9072204676973	2.790992588080595	-3.347544554276368	0	9	39.51713792478441	37	0.3333333333333333	0	40.12144575326726	4.666622064178202		dr
25.40687011293676	21.77731723966008 	3.6295528732766797	28.208668950560728	26.768730214623094	24.045010012100164	4.163658938460564	-4.163658938460564	0	6	42.34478352156126	37	0.3333333333333333	0	39.82114829121969	4.645457386812864		dr
14.867892465992194	12.826915985699843 	2.0409764802923505	20.092240333607478	17.474661169976944	14.684069800718719	4.062233659723773	-2.784200065394457	0	11	45.42967142386503	37	0.3333333333333333	0	39.32208317471515	4.593367768682454		dr
2.2358934888029	4.038614285798027 	-1.802720796995127	10.018754171495967	9.012629210566697	4.420043348610136	10.018754171495967	-4.861175491069053	0	37	22.980016412696468	28	0.25	0	38.5949029847953	4.467954267394658		dr
20.42096573363819	18.245603281949702 	2.175362451688489	25.636534910956495	23.66508196528873	20.939960267382233	4.888314951089896	-10.408997749137068	0	7	39.707433370963145	28	0.25	0	38.245404191503816	4.423865963246463		dr
30.915623667911568	26.499106001067055 	4.416517666844513	36.06751501687564	33.62257835020087	30.202705380319763	4.394810460993643	-7.858845123189052	0	6	51.526039446519285	28	0.25	0	38.10710644577566	4.423727316144539		dr
20.53848122346788	17.604412477258176 	2.9340687462097037	24.045010009550946	22.103001080293627	20.319544054961668	1.6249018907460275	-5.71381899205776	0	6	34.23080203911313	28	0.25	0	37.781761534251444	4.396141046330931		dr
28.127366356194518	24.109171162452444 	4.0181951937420735	38.99373784625311	32.364645326210315	27.740642593339985	9.565592246615097	0	0	6	46.878943926990864	28	0.25	0	37.60622707646859	4.389269303556588		dr
12.706650014661856	16.65254211711014 	-3.945892102448285	32.603497827467194	30.486605301775636	21.123231483362034	3.1753419912815772	-16.609855111135637	0	13	45.88512505294559	28	0.25	0	37.161591771793475	4.240427135592215		dr
36.101128906050576	30.94382477661478 	5.157304129435797	50.547277320936914	45.818193848137376	34.72399256154379	17.45931910038762	-5.257002010523436	0	6	60.16854817675096	28	0.25	0	37.142987160113776	4.256512696887717		dr
45.51773206446948	39.01519891240241 	6.502533152067066	55.101666788123524	49.49429965570706	44.426348240345845	9.681230144065417	-11.669406951489947	0	6	75.8628867741158	28	0.25	0	37.287379313637146	4.295237187494258		dr
41.42486704352715	35.507028894451835 	5.917838149075315	43.43235756194999	42.47760606478432	41.73528493490991	2.720201625641586	-4.41728555604341	0	6	69.04144507254524	28	0.25	0	37.35750622431325	4.322738898707495		dr
8.211664282796521	16.328336137395002 	-8.116671854598481	39.015175001811045	26.965650056082207	20.749155764573757	0.3834636335169854	-18.266019239122826	1	18	41.05832141398261	28	0.25	0	36.87174219195463	4.115415386152396		dr
43.82935378063961	37.56801752626252 	6.261336254377085	54.692724487526796	51.03629212032916	43.076949780682725	9.491142117969204	0	0	6	73.04892296773268	28	0.25	0	36.985801398326515	4.150594416779031		dr
66.09448420257425	56.652415030777924 	9.442069171796327	68.27644360978387	67.54146363181324	66.26823973817702	4.302515374100743	-3.0134474789264942	0	6	110.15747367095707	28	0.25	0	37.455296282266	4.235940783795438		dr
66.20661827921293	56.748529953611104 	9.458088325601828	67.5416744940452	67.14788805507479	66.95089244559966	4.9096107603336065	-4.983071604898271	0	6	110.34436379868822	28	0.25	0	37.911666472693724	4.318832014617762		dr
64.67789541327295	55.43819606851968 	9.23969934475327	67.15145732615419	65.8572051195318	64.74353311978544	2.964094497478989	-2.964094497478989	0	6	107.79649235545492	28	0.25	0	38.32988879989027	4.3957205666511285		dr
65.25711991010589	55.93467420866218 	9.322445701443705	69.20922647475926	66.7626015081865	64.94768780348318	4.808099132157096	-3.71497821039506	0	6	108.76186651684313	28	0.25	0	38.74415389389358	4.47151633795563		dr
65.87677345436293	56.46580581802537 	9.41096763633756	67.54202353588798	66.91735784950224	66.04972088369476	4.022384280507623	-3.0854617104001107	0	6	109.79462242393822	28	0.25	0	39.15525419026434	4.5463565091432345		dr
64.85763832524205	55.59226142163605 	9.265376903605997	66.95178080855499	66.09576187860243	64.3838449597666	4.860545552658742	-2.5678775407462666	0	6	108.09606387540342	28	0.25	0	39.53887186392072	4.616789649359097		dr
66.02202079850237	56.59030354157346 	9.431717256928906	66.9522204677968	66.87805088072668	66.72982727666616	2.5679915228910914	-2.5678599982321515	0	6	110.03670133083729	28	0.25	0	39.9283299364881	4.687597408293946		dr
66.52459539365707	57.02108176599177 	9.5035136276653	66.95267819271105	66.95261194391693	66.95251256881534	0.00006625100859025679	-2.5678343014002536	0	6	110.87432565609511	28	0.25	0	40.313783059055766	4.757393295531213		dr
64.48689954777876	55.27448532666751 	9.212414221111253	66.95306363769986	66.9529572405561	65.66899205405575	2.5679504449138904	-4.86049064995867	0	6	107.4781659129646	28	0.25	0	40.65911329460895	4.821036451610928		dr
62.68825169484147	53.732787167006975 	8.955464527834494	66.95337079042481	64.77272545396613	62.352855216015286	4.8926016540563495	-4.892491523512689	0	6	104.48041949140244	28	0.25	0	40.969382849541795	4.879267832966189		dr
63.091917776211766	54.078786665324365 	9.0131311108874	64.75223787567258	63.917204653251225	62.613406084323785	2.6588940576702527	-2.2926667602264743	0	6	105.15319629368626	28	0.25	0	41.276640279078876	4.936682600715095		dr
64.70048018484023	55.457554444148776 	9.242925740691454	70.45413360887423	68.83076720680286	65.07907747596383	11.901830775568705	-9.909518746087812	0	6	107.83413364140037	28	0.25	0	41.59751479833588	4.995672232769566		dr
64.78736762127032	55.53202938966027 	9.255338231610047	69.78664715245272	67.00692101634864	64.80195941467957	3.266898617370444	-6.614828679265202	0	6	107.97894603545052	28	0.25	0	41.910891187835	5.053235286807951		dr
61.942612340923716	53.09366772079177 	8.848944620131945	63.522661504067486	62.25867727093066	61.62661628376999	1.8960222641933484	-1.8959304352171387	0	6	103.23768723487287	28	0.25	0	42.177980803209515	5.103844744585603		dr
52.39728087118446	44.91195503244382 	7.485325838740643	58.55324919818685	56.62646955939433	53.97818624540901	3.690735670476734	-12.648174773389727	0	6	87.3288014519741	28	0.25	0	42.312445277788136	5.1351800221402755		dr
5.768875745185074	14.075910535031612 	-8.307034789846538	31.72782376946768	25.19097239775591	20.70992268340432	1.9400472106593816	-20.498266869803853	0	26	41.664102604114426	19	0.2	0	41.83785346567641	4.9606058038027845		dr
42.9256902096571	36.79344875113467 	6.132241458522429	50.13111392011981	48.97127550989393	45.77558972258833	11.366743156787479	-1.8239158159010884	0	6	71.54281701609517	19	0.2	0	41.85180009059924	4.9756267737350885		dr
60.44237444353239	51.80774952302776 	8.634624920504628	64.4084272085477	63.63132308727065	59.676478935483324	4.844394295761241	-0.019099332793729218	0	6	100.73729073922064	19	0.2	0	42.08712381658574	5.021943205972677		dr
64.00706612138532	54.86319953261599 	9.143866588769335	66.88577299026339	65.23436120520988	64.39909165440977	4.91086694537529	-2.414712092864491	0	6	106.6784435356422	19	0.2	0	42.36112309539573	5.073467248257636		dr
65.57261470077405	56.205098314949176 	9.367516385824878	66.73615096773334	66.73606290734718	65.5726154877263	2.326811425334924	-2.326678075791989	0	6	109.28769116795675	19	0.2	0	42.647684720153485	5.126480200573281		dr
65.84268025022817	56.436583071624135 	9.406097178604035	69.40153227920312	67.72486897538313	65.85007573283963	4.632420885714836	-4.6322928717450935	0	6	109.73780041704694	19	0.2	0	42.93055051930074	5.178670651524876		dr
61.906845266243614	53.063010228208796 	8.843835038034818	69.40219971763398	66.26151601387001	61.13233981687055	7.426207147960994	-14.292664009600578	0	6	103.17807544373935	19	0.2	0	43.15918057649282	5.22282925859126		dr
51.71213224589429	44.32468478219511 	7.387447463699175	54.82253502658496	53.32727081204008	51.338341693633595	4.725568638658579	-2.482510432649697	0	6	86.18688707649048	19	0.2	0	43.26100142969998	5.248598522937783		dr
46.29557987535378	39.6819256074461 	6.613654267907684	54.82287859560617	50.0210916102724	45.35574504326595	7.550678425287963	-7.136544340123066	0	6	77.15929979225629	19	0.2	0	43.296702352590025	5.26465800229037		dr
40.756406512192704	34.934062724736606 	5.822343787456099	52.579984988351896	47.99598335393343	39.67902570207845	7.5209735341471315	-12.049913669291485	0	6	67.92734418698784	19	0.2	0	43.26716402886448	5.27114272072253		dr
7.489388604817274	22.506796702974494 	-15.017408098157219	38.54215556836962	38.54215556711234	34.09498376969873	8.894343593569943	-4.4317745347339415	1	27	56.170414536129556	20	0.16666666666666666	0	42.855925230886925	5.037940987172188		dr
52.399240967079905	44.91363511463991 	7.4856058524399955	59.295633357749075	57.36655301704687	54.923571480387764	14.823908338490696	-12.023081228695148	0	6	87.33206827846651	20	0.16666666666666666	0	42.964372000616386	5.06575536064114		dr
35.17536361797002	30.150311672545733 	5.025051945424288	47.43646151418959	40.59363955255637	33.78251684591241	3.9019115016033084	-11.634123228749239	0	6	58.625606029950035	20	0.16666666666666666	0	42.876855052496765	5.065298018897131		dr
42.512059693766155	36.438908308942416 	6.073151384823738	52.85132670351955	49.70755730945777	44.08251835381749	8.015003340765674	0	0	6	70.85343282294359	20	0.16666666666666666	0	42.8728017707331	5.076496389629649		dr
34.76653309595223	29.799885510816193 	4.966647585136034	44.18210757196826	41.48055451239553	38.07126585142976	4.107090885984391	-8.01500333821646	0	6	57.94422182658704	20	0.16666666666666666	0	42.783721895186055	5.0752892599099395		dr
7.510556893084683	17.894418748379362 	-10.383861855294679	33.270982842239846	31.127835956222146	24.15409010483949	11.804344816747612	-4.207876752011312	1	21	43.81158187632732	19	0.14285714285714285	0	42.40031792777191	4.907255008657715		dr
47.544101769647426	40.75208723112637 	6.792014538521059	52.18182006610444	50.93929019318094	46.318170904370355	7.999708704697646	-4.371712439613532	0	6	79.24016961607904	19	0.14285714285714285	0	42.455627431447994	4.927521240161622		dr
55.45115636666256	47.52956259999648 	7.921593766666078	60.11252503152502	58.776691138423324	54.14342238025254	8.015003335667238	-8.015003340765674	0	6	92.41859394443759	19	0.14285714285714285	0	42.59387773926942	4.959373075549967		dr
55.72817983949405	47.7670112909949 	7.9611685484991455	60.1125250289758	57.77860081861436	56.41753263373813	7.930699561510018	-4.37182492873702	0	6	92.88029973249007	19	0.14285714285714285	0	42.73213355085073	4.990970922633643		dr
32.24404129014415	27.637749677266417 	4.606291612877737	44.0825183550921	37.56476212176906	30.366226516282914	4.00750166910823	-8.49924297869007	0	6	53.74006881690692	19	0.14285714285714285	0	42.62288258980171	4.986963846490352		dr
2.2945321389661397	12.632779735898326 	-10.338247596932186	44.18212165594096	27.210862926440317	9.195291087929828	20.137111643840797	-4.509214646045318	0	48	30.593761852881862	20	0.125	0	42.20712639958691	4.828971975939604		dr
48.68443518665616	41.52504891735014 	7.159386269306019	56.10502335986757	52.772749646106085	49.102861954671226	7.9054649178107965	-8.015003340765674	0	7	94.6641795296092	20	0.125	0	42.273221387210064	4.852751713627017		dr
17.988078111852595	17.288766884188647 	0.6993112276639479	36.06751501942485	26.71667779065591	19.035632924440268	4.007501668470926	-12.022505007324689	0	9	44.97019527963148	20	0.125	0	42.027916909681196	4.810797769324359		dr
49.51203750473186	42.43888928977016 	7.073148214961698	64.18854953609969	56.15596798893657	50.27590469146115	12.091027845340342	-16.114317723075025	0	6	82.52006250788644	20	0.125	0	42.1027581156317	4.833421273780733		dr
62.17709373420729	53.29465177217768 	8.88244196202961	68.12752836464304	65.45586058693704	62.26218555500314	4.007501666559008	-7.723183952720781	0	6	103.62848955701214	20	0.125	0	42.30151391383542	4.873510587525771		dr
54.167418426108924	46.42921579380765 	7.738202632301274	56.417581002167225	56.20920924148387	54.143431405275436	0.08431775992394819	-4.00750166910823	0	6	90.27903071018153	20	0.125	0	42.41784631101458	4.901595803651021		dr
44.11317459193959	37.811292507376784 	6.301882084562806	52.18184046667826	48.151332497895304	44.13232767767511	4.007501671657444	-8.099322114135376	0	6	73.52195765323265	20	0.125	0	42.43430580888763	4.915190816087057		dr
14.572733340126021	13.453755601735294 	1.1189777383907273	22.041259176271442	19.369591398565433	16.030006673883705	4.007501669745533	-4.007501668683361	0	11	44.52779631705173	20	0.125	0	42.16640607361108	4.878688767263055		dr
30.10942927432646	25.808082235136965 	4.301347039189494	36.06751501687564	33.44146151470531	30.0562625144879	0.13684283170547218	-4.144344500813702	0	6	50.182382123877424	20	0.125	0	42.051577723141705	4.8731902746147355		dr
10.063563661251548	7.06837888163249 	2.9951847796190583	13.297591628434665	10.602568322448734	10.602568322448734	0	-2.695023305985931	0	5	13.97717175173826	20	0.125	0	41.7498040055767	4.855473241643078		dr
