_avgSpeed	_exSpeed	 DiffAvgExpSpeed	 Max Speed	AvgTop3Speed	_speedMedian	_maxAcceleration	_maxDecceleration	Num Of Stops(including end/start point)	duration	distance	stopDurationMedianSoFar(while moving)	ratio Of Short Stop(while moving)	ratio Of Instant Stop(in short stop)	Avg of AvgSpeed	Avg of DiffAvgExp	label
6.8327831355206134	6.73862905618892 	0.09415407933169373	14.419658035130523	11.13639602984094	7.917881191581445	2.219841926575987	-1.7528790542492754	0	17	32.26592036218067	8	1	0	6.8327831355206134	0.09415407933169373		dr
14.71295407734168	13.755929743059351 	0.9570243342823286	26.807398044885947	20.742476959933352	15.743454663863819	8.477697782911154	-17.267598932497258	0	11	44.95624856965513	8	1	0	10.772868606431146	0.5255892068070112		dr
5.395346942349311	9.1734340848113 	-3.778087142461989	18.982473791316703	16.43676127250046	11.020629589410328	3.655823484366748	-4.103085757117594	0	27	40.46510206761983	11.5	0.5	0	8.980361385070534	-0.9089695762826556		dr
44.084718129314936	37.786901253698524 	6.297816875616412	62.22324332690329	57.28489067658759	42.96366800650207	14.815057928333616	-2.963011594712711	0	6	73.4745302155249	11.5	0.5	0	17.756450571131634	0.8927270366921114		dr
65.70266695330922	56.316571674265035 	9.386095279044184	71.11230068957737	69.13695900229096	65.18627562960296	5.926025058089607	-2.8276573327746988	0	6	109.50444492218202	11.5	0.5	0	27.34569384756715	2.591400685162526		dr
77.5650060926939	66.48429093659477 	11.080715156099131	83.0611031444733	80.06702812877745	77.03832574578115	3.063329750296745	-3.769613954318629e-9	0	6	129.27501015448985	11.5	0.5	0	35.71557922175494	4.006286430318627		dr
80.59541466939247	69.08178400233639 	11.513630667056077	82.96440355054699	82.1102293400443	80.25181289772313	3.363519387798533	-5.926028829342414	0	6	134.3256911156541	11.5	0.5	0	42.12698428570316	5.0787641784239765		dr
80.62724617460579	69.10906814966211 	11.51817802494368	83.35077820086369	83.12549418223806	81.53313892353742	5.821876891200532	-2.959426498775656	0	6	134.37874362434297	11.5	0.5	0	46.93951702181599	5.88369090923894		dr
75.24366962809884	64.49457396694187 	10.749095661156971	80.00160529302225	77.21328129141742	74.1838551563715	8.438823506067962	-5.926044833583802	0	6	125.40611604683141	11.5	0.5	0	50.084422866958526	6.424291437229832		dr
79.01391859648007	67.72621593984007 	11.287702656639993	85.92763647328898	81.97694054673562	77.03857063383165	5.9260438992545375	-2.9630219590517157	0	6	131.68986432746678	11.5	0.5	0	52.977372439910674	6.910632559170848		dr
78.58938184813196	67.36232729839882 	11.22705454973314	80.00159257780463	80.00159257780463	78.72798233652924	2.9630219477425896	-2.9630219477425896	0	6	130.98230308021994	11.5	0.5	0	55.30573693156716	7.303034558312874		dr
79.06408517949525	67.76921586813879 	11.294869311356464	83.06130070695858	81.0549173161936	80.00156078974712	5.926040128011749	-2.959429327920901	0	6	131.77347529915875	11.5	0.5	0	57.28559928556117	7.63568745439984		dr
77.71256300219999	66.6107682876 	11.10179471459999	86.30065864430493	83.25118063902032	77.14291312168191	12.116779975745985	-12.125505008716829	0	6	129.52093833699996	11.5	0.5	0	58.85690418684108	7.902311089799852		dr
52.892210710575924	45.336180609065075 	7.556030101510849	56.2974885815445	54.372252712859506	53.3344628663307	2.9630257152139805	-2.9630257152139805	0	6	88.15368451762654	11.5	0.5	0	58.430854652822134	7.877576733493494		dr
4.464018307509327	16.080093888149054 	-11.616075580639727	35.556319881211294	29.720201444722907	19.259685747926145	0.7041031626254797	-15.084912957105145	0	40	49.6002034167703	15	0.3333333333333333	0	54.83306556313462	6.577999912551279		dr
49.43263249031357	42.3708278488402 	7.061804641473373	56.440028890840026	55.407496571080515	51.928195985617265	12.002470013649997	-3.113373563532697	0	6	82.38772081718929	15	0.3333333333333333	0	54.495538496083306	6.60823770810891		dr
66.68870397836635	57.16174626717116 	9.526957711195188	68.14971058839933	68.14971058714279	68.14970517079236	5.926061787178398	-2.8399670340358796	0	6	111.14783996394391	15	0.3333333333333333	0	55.212783524452895	6.779927120055161		dr
60.80874137896819	52.12177832482989 	8.686963054138303	65.18666932864384	62.31174061417706	59.39597176669169	2.956608980503944	-5.79070695725423	0	6	101.34790229828032	15	0.3333333333333333	0	55.52367007192597	6.885873560837558		dr
61.46448158788416	52.68384136104357 	8.780640226840589	66.28612157753271	64.60850145473951	60.80665249202739	7.025475415855233	-7.025447167479896	0	6	102.4408026464736	15	0.3333333333333333	0	55.83634436223955	6.985598122206139		dr
65.7499224899727	56.357076419976615 	9.39284606999609	77.45472527207517	69.27609728931559	65.18678329605095	2.9630356085624214	-15.230977582701811	0	6	109.58320414995451	15	0.3333333333333333	0	56.33202326862621	7.105960519595636		dr
56.40594164404509	48.347949980610075 	8.057991663435018	62.73784756017747	60.46488766511749	56.29769814450998	3.4771260569697304	-6.061419146155032	0	6	94.00990274007515	15	0.3333333333333333	0	56.3355431912652	7.151295335968941		dr
61.77106217970958	52.946624725465355 	8.824437454244226	68.26760582708864	67.20143799450015	63.76977231174955	9.018034737320413	-2.963037955678871	0	6	102.95177029951597	15	0.3333333333333333	0	56.58261223619449	7.227347250435998		dr
75.10063610463284	64.37197380397099 	10.728662300661853	80.00206303923387	78.06141831505214	77.03901142467956	8.771394786894064	-5.926077806388889	0	6	125.16772684105473	15	0.3333333333333333	0	57.38774370873529	7.379578339576253		dr
87.68738788543645	75.16061818751696 	12.526769697919491	90.32516732639759	89.9088363110849	88.55563921622479	3.05645422776432	-6.735408045608494	0	6	146.1456464757274	15	0.3333333333333333	0	58.65022888276451	7.594044646173888		dr
88.03959143798073	75.4625069468406 	12.577084491140127	89.25214371394556	89.13192650496472	88.8915060974119	3.3236733463565713	-2.9630497402317957	0	6	146.73265239663453	15	0.3333333333333333	0	59.82580338497316	7.7933662399725385		dr
90.21856402705225	77.33019773747336 	12.888366289578897	97.78076549271216	94.32191484245696	90.46195167870317	8.879819832778054	-11.479209382397784	0	6	150.36427337842042	15	0.3333333333333333	0	60.99475571736082	7.9893277803420135		dr
89.30005130909417	76.5429011220807 	12.757150187013465	92.20391247366096	91.2533056520361	89.47675443637465	2.951501412240532	-5.832717066795894	0	6	148.83341884849028	15	0.3333333333333333	0	62.04309999853613	8.16591379540392		dr
90.11800057289598	77.24400049105371 	12.874000081842269	92.20402882149025	92.02965998697927	91.898789666035	8.879863674814004	-6.638703214849542	0	6	150.1966676214933	15	0.3333333333333333	0	63.045775019048975	8.334059734205288		dr
87.96511681767173	75.39867155800434 	12.56644525966739	91.9425412031659	89.93898374245795	87.45721859439683	2.960174133038308	-2.9630681026130787	0	6	146.60852802945288	15	0.3333333333333333	0	63.90506266727735	8.480004062669499		dr
84.1529219272551	72.13107593764721 	12.021845989607883	91.85525703582151	88.83873086816975	83.44528474770262	16.809182519163215	-11.11957175169455	0	6	140.25486987875848	15	0.3333333333333333	0	64.57999130927661	8.598065460234112		dr
76.98704099506342	65.98889228148292 	10.998148713580505	80.10349686977318	80.07005433389193	78.26208448811457	2.4439549085014107	-6.026464763167027	0	6	128.31173499177237	15	0.3333333333333333	0	64.98021871849554	8.67548750066464		dr
36.203132309532265	31.031256265313367 	5.171876044218898	56.298642824816646	46.48606137998488	38.520121212010345	0.7203738823489729	-14.81543232053059	0	6	60.33855384922044	15	0.3333333333333333	0	64.08093476821543	8.565999642650711		dr
6.966291158470373	26.7591515478176 	-19.792860389347226	59.26176696716469	45.43402133936001	29.63088348358741	14.815441750268526	0	0	29	56.11734544323356	19.5	0.25	0	62.35018799216255	7.706640247741682		dr
77.63278748384353	66.54238927186587 	11.090398211977657	89.2532130848563	84.07434014364026	77.09444224112337	8.7661903529836	-8.874529709268941	0	6	129.3879791397392	19.5	0.25	0	62.79967621250611	7.806162540807446		dr
93.84475650484518	80.43836271843874 	13.40639378640644	97.86394856598902	97.8092235881727	94.81876686420159	8.889259398338822	-2.963086468626429	0	6	156.4079275080753	19.5	0.25	0	63.68667850657293	7.966169147824561		dr
99.30536132217041	85.11888113328892 	14.18648018888149	103.7080262549992	102.74689179189619	100.78479733925059	8.881542022961284	-8.801890970082098	0	6	165.5089355369507	19.5	0.25	0	64.67608636256176	8.138955565631697		dr
96.54791234331208	82.15577122533726 	14.392141117974816	100.74498782582376	97.83747413469466	94.90344743159264	6.008255425587578	-2.963087877620964	0	7	187.73205177866237	19.5	0.25	0	65.5374870647442	8.30796058055989		dr
95.8215420204143	82.13275030321225 	13.68879171720205	112.5973214396029	100.7449718153227	93.337253297948	20.741611846889512	-23.614403948511935	0	6	159.70257003402384	19.5	0.25	0	66.33443587936709	8.44956139994521		dr
98.78372918675727	84.67176787436337 	14.111961312393902	103.70810866625125	101.73271078534839	99.26345966307986	5.841518773293515	-5.926177638926163	0	6	164.63954864459544	19.5	0.25	0	67.16646904109504	8.594751141290049		dr
90.86804267617157	77.88689372243277 	12.981148953738796	100.74500383923555	94.81882714215146	88.89265044318206	5.926176700854683	-11.852353397938344	0	6	151.4467377936193	19.5	0.25	0	67.75900838197195	8.704411086601267		dr
91.41824251837319	78.35849358717701 	13.059748931196182	103.70810866625125	95.91924063899103	88.89263631742641	8.551131732955838	-3.76969921944692e-9	0	6	152.363737530622	19.5	0.25	0	68.33606287310369	8.81063883890846		dr
92.42188814779288	79.21876126953677 	13.203126878256114	94.9035302416861	94.84707155498349	93.51181364401484	5.926177642697212	-5.926177642697212	0	6	154.03648024632147	19.5	0.25	0	68.90953490345343	8.915221887464357		dr
98.38538154683096	84.33032704014083 	14.055054506690126	100.82483084820126	100.7982858959398	99.42762547236158	8.881588171654073	-2.96066489533618	0	6	163.97563591138493	19.5	0.25	0	69.59501970911337	9.034752878609142		dr
96.3412944822763	82.57825241337969 	13.76304206889661	103.78574778692482	99.81071849998416	96.34292222712455	6.008286750174165	-11.929775420475949	0	6	160.56882413712717	19.5	0.25	0	70.20288959032162	9.14221399657022		dr
96.5067845746696	82.72010106400252 	13.786683510667075	100.74529203503747	99.12469617816954	97.98726525740447	5.835913701300711	-11.762092274554334	0	6	160.84464095778264	19.5	0.25	0	70.78742058997379	9.245424430216817		dr
96.39535113399634	82.62458668628257 	13.770764447713773	101.06383781019088	98.93091473953977	96.38419109518193	6.159901060504794	-6.008284218586809	0	6	160.65891855666055	19.5	0.25	0	71.34411473223516	9.343801387118924		dr
96.94869878031388	83.09888466884045 	13.849814111473421	100.82523081707566	98.9334295713714	97.82357667247109	5.905162105919175	-8.61995126646515	0	6	161.58116463385645	19.5	0.25	0	71.88889311623683	9.439673998275401		dr
94.38211704442587	80.89895746665073 	13.48315957777514	97.86469388049086	96.84961076386087	93.3816204793842	5.920941209892092	-5.920912979560441	0	6	157.30352840737643	19.5	0.25	0	72.3575019480741	9.523913281181647		dr
96.88093930917405	83.0408051221492 	13.840134187024859	100.74578838667543	98.79774563204388	97.78270804737616	5.8415806265457775	-8.54030523526859	0	6	161.46823218195675	19.5	0.25	0	72.85798026156594	9.611999422117222		dr
97.3162260815708	83.41390806991784 	13.902318011652966	100.74583641641382	98.82515236188603	97.82375530916971	3.0452068889982655	-2.9631123654111633	0	6	162.19371013595133	19.5	0.25	0	73.34714517796603	9.697805793907937		dr
97.38966324384259	83.47685420900793 	13.912809034834666	100.8255987796188	99.8121107952935	97.86484138721185	11.571555528857019	-8.528726950055656	0	6	162.31610540640432	19.5	0.25	0	73.81856710082636	9.78045291627905		dr
91.89938088134886	78.77089789829903 	13.128482983049835	94.90437337486168	93.91757241405357	91.900285301888	5.926232265485368	-6.013602661649529	0	6	153.1656348022481	19.5	0.25	0	74.1662750581441	9.844838109870794		dr
92.91192309385902	79.63879122330773 	13.273131870551282	101.06426874680137	94.95496590543087	91.85660740300011	9.20768324516196	-9.120269077901213	0	6	154.8532051564317	19.5	0.25	0	74.51996653051609	9.909522897808163		dr
88.67162188289326	76.00424732819421 	12.667374554699052	94.90434325935179	93.88932842423894	90.5990277201584	19.82007370051798	-5.920578974507848	0	6	147.78603647148876	19.5	0.25	0	74.78203422222677	9.960594224787622		dr
87.81418220838052	75.26929903575471 	12.544883172625802	102.01345973035995	92.4035382919742	84.82853014515226	15.709986340306685	-13.119777974850592	0	6	146.35697034730086	19.5	0.25	0	75.01898236742957	10.007581296566498		dr
89.18824088500956	76.44706361572248 	12.741177269287078	97.78295668724354	92.90365477715943	88.93874414687599	11.852479596499492	-8.889359692661984	0	6	148.6470681416826	19.5	0.25	0	75.27200484095779	10.056395510365078		dr
87.45982160959956	74.96556137965676 	12.494260229942796	94.819791579299	90.86898105825765	87.45870450194977	8.795951307520639	-5.829516343090106	0	6	145.7663693493326	19.5	0.25	0	75.48582618777606	10.099165066848899		dr
93.84709477123243	80.44036694677065 	13.406727824461782	97.78286344596896	95.80746211037918	94.81975390793224	2.9631170783437426	-5.835954816428767	0	6	156.41182461872071	19.5	0.25	0	75.80239978404254	10.156192010945672		dr
92.91631332250192	79.64255427643022 	13.273759046071703	94.90444864663729	94.90442857589035	93.42421616048983	2.9604047600541037	-5.9205855661844	0	6	154.86052220416985	19.5	0.25	0	76.09246611520287	10.209032130185097		dr
92.06422786386335	78.91219531188288 	13.152032551980469	101.46101108428024	95.20365326035704	91.90048228092787	12.56732932500114	-6.181838257523552	0	6	153.44037977310558	19.5	0.25	0	76.3586621443472	10.25808213721502		dr
94.55830479670293	81.0499755400311 	13.508329256671828	101.06463584595798	99.12242545808209	96.47065370252959	18.097094060518614	-14.815632468130858	0	6	157.59717466117155	19.5	0.25	0	76.65701694192681	10.311364876878246		dr
98.08980781470952	84.11783813507452 	13.971969679634995	101.46117006676913	100.43202861943071	98.4461533680635	5.926258644247056	-4.183663817491492	0	7	190.73018186193516	19.5	0.25	0	77.00270711729428	10.370406889825935		dr
99.41181338211693	85.21012575610021 	14.20168762601672	104.01889261269149	100.98548493231608	97.98844390539784	6.153453435950382	-3.1926858962181797	0	6	165.68635563686155	19.5	0.25	0	77.3584072167359	10.431220869765472		dr
91.60641866667959	78.5197874285825 	13.086631238097084	95.57957394439231	94.19847597777209	91.85730082167353	3.3237238203546866	-5.92627840749509	0	6	152.67736444446598	19.5	0.25	0	77.58103239564127	10.472711656770652		dr
94.55879003177013	80.98581843289938 	13.572971598870751	98.1115877898236	96.09367255017084	94.9579335668846	6.2542285770117445	-3.301269455781693	0	7	183.86431395066415	19.5	0.25	0	77.84222866696634	10.520407963572191		dr
92.56422596432978	79.34076511228265 	13.223460852047126	95.579708493401	95.13009232961234	93.55587440287775	3.3121687275122724	-6.685405136857881	0	6	154.27370994054962	19.5	0.25	0	78.06528923207792	10.561363310367266		dr
98.46898314221737	84.40198555047205 	14.06699759174532	104.01946775621748	101.86361805037888	96.47135543580355	8.860583822348616	-8.628675523312026	0	6	164.11497190369562	19.5	0.25	0	78.36982197700536	10.613686210089327		dr
97.5696863152545	83.63115969878956 	13.93852661646494	103.78767474400948	99.83999904070602	96.72307297820333	2.7071193383162893	-8.207682211348612	0	6	162.61614385875748	19.5	0.25	0	78.65217292315609	10.662580921947793		dr
97.96165714876655	83.96713469894277 	13.994522449823776	100.82697463881317	99.07126103761443	97.8663086969774	2.9606108920505108	-3.042821360961341	0	6	163.2694285812776	19.5	0.25	0	78.9320205206287	10.710869929598168		dr
98.37230634451036	84.31911972386602 	14.05318662064434	101.0657850008318	100.88015639500007	99.30695947691686	6.160011446499524	-3.1993676154919513	0	6	163.95384390751727	19.5	0.25	0	79.2097388895413	10.758617310898828		dr
100.2536412641193	85.93169251210225 	14.32194875201705	106.67382518705686	102.72294277342495	100.74750156472408	11.852647240897142	-5.926323622332788	0	6	167.0894021068655	19.5	0.25	0	79.50613188073254	10.80880507767514		dr
98.82600595840997	84.70800510720855 	14.118000851201415	100.82721461215453	99.84029224022127	97.8664639659379	3.042843778726521	-2.960735119319793	0	6	164.71000993068327	19.5	0.25	0	79.77446346514472	10.854766130085228		dr
97.31879849607866	83.41611299663883 	13.902685499439826	100.74759763351231	98.77216490238591	97.78444076497831	2.87852442641028	-2.963164640378423	0	6	162.1979974934644	19.5	0.25	0	80.01479682173286	10.896518450213373		dr
92.4107738069394	79.20923469166235 	13.201539115277058	97.78454177627434	93.89188252830957	91.94553831822215	8.799225065558076	-2.9602434857212074	0	6	154.017956344899	19.5	0.25	0	80.18231002423566	10.927667378119638		dr
93.38309926864842	80.04265651598436 	13.34044275266406	97.8666502847209	96.8241936552562	93.38348913859156	3.04526137240795	-8.971584052950504	0	6	155.6384987810807	19.5	0.25	0	80.35832054749449	10.959837716446897		dr
63.930818185786656	54.79784415924569 	9.132974026540964	82.96875485673073	75.10993756257183	61.413013724528156	0	-17.65011224177998	0	6	106.55136364297775	19.5	0.25	0	80.14216920062991	10.935800036316556		dr
8.290068862396598	14.546702266404306 	-6.256633404007708	35.558015191734526	27.979893662465	12.593465361360881	1.4695592882095172	-23.194735072938716	1	19	43.75314121820427	19.5	0.25	0	79.20902504039312	10.712521679948708		dr
39.58851350570699	33.93301157632028 	5.655501929386709	50.37385485275399	45.43523943485269	40.10671058946015	8.88950238992593	-2.755267751010372	0	6	65.98085584284499	19.5	0.25	0	78.7010697643074	10.64768809340304		dr
64.71543696760841	55.47037454366436 	9.245062423944049	68.27056844179533	68.19208333855038	68.152840785043	9.007219208291687	-0.11772765675233643	0	6	107.85906161268069	19.5	0.25	0	78.52403643776691	10.629933338093434		dr
87.44410104248615	74.95208660784529 	12.492014434640865	91.94554561598314	90.89957264075186	88.89499559397115	8.889499560708686	-3.059900670280399	0	6	145.7401684041436	19.5	0.25	0	78.63553724532589	10.653209351800276		dr
96.92172979709491	83.07576839750993 	13.84596139958498	101.06605633136111	99.89347226978515	96.344011831368	6.2446674265877675	-5.926336815258381	0	6	161.53621632849152	19.5	0.25	0	78.86129270892798	10.692626043748236		dr
88.49623759897835	75.85391794198145 	12.642319656996904	91.85829349507216	90.9006530618803	88.94025500058024	2.87289210342837	-8.503262904085048	0	6	147.4937293316306	19.5	0.25	0	78.97879203685541	10.716402795129317		dr
83.47880294085343	71.55325966358865 	11.92554327726478	88.89516511816693	85.96423321479499	83.01718118132602	8.88951650954695	-8.88951650954695	0	6	139.1313382347557	19.5	0.25	0	79.03300903569877	10.730970752745407		dr
76.75410628395723	65.78923395767762 	10.964872326279604	83.83529091640594	79.9297125781733	76.74120093724306	7.25845395988469	-9.323738861783909	0	6	127.92351047326204	19.5	0.25	0	79.00587924103517	10.73375529528748		dr
87.30725373052783	74.834788911881 	12.472464818646827	92.92665642982547	90.89827109670098	86.34531762840908	9.256761574410902	-5.211821019168639	0	6	145.51208955087972	19.5	0.25	0	79.10354247032333	10.754210701444649		dr
106.092922081109	90.9367903552363 	15.156131725872697	111.44551146580123	110.84605580830039	106.48001432235358	8.178210303379103	-1.8437329964666986	0	6	176.8215368018483	19.5	0.25	0	79.41737246579758	10.805395829635673		dr
109.04622727845052	93.46819481010043 	15.578032468350088	115.73204259468507	112.67171946068773	108.64426162685686	1.8442994297356563	-6.838891963400073	0	6	181.74371213075085	19.5	0.25	0	79.7579340153683	10.86025372203469		dr
101.82589779280154	87.27934096525847 	14.546556827543071	105.11371603530064	103.67665513813068	100.85131941583359	5.046478217946628	-4.785976644077039	0	6	169.70982965466925	19.5	0.25	0	80.00870633102096	10.90214353005183		dr
97.43222081826718	83.5133321299433 	13.91888868832389	101.7204228299406	99.22773198987169	96.66156702903672	5.682002255914796	-2.33938840288576	0	6	162.38703469711197	19.5	0.25	0	80.20447615672036	10.936039543066125		dr
101.29528646802834	86.82453125830999 	14.470755209718348	103.56776849116744	103.12080407674803	102.30855982782094	4.021824344910954	-5.083517356255058	0	6	168.82547744671388	19.5	0.25	0	80.43881849351267	10.975314161584482		dr
110.11514943731028	94.38441380340882 	15.73073563390146	117.90413399040447	114.08638258944625	109.31333590668908	5.1763332503984	-0.00012206559000560446	0	6	183.5252490621838	19.5	0.25	0	80.7649320203676	11.027571540401151		dr
114.87211531076325	98.46181312351135 	16.4103021872519	116.92297432734182	116.04797900355645	114.47187912765274	4.6617947112443545	-2.393189964945975	0	6	191.45352551793874	19.5	0.25	0	81.13566227352406	11.086079482214746		dr
104.2908958458036	89.39219643926023 	14.898699406543372	109.59752904320781	108.02822380020153	104.50734073549798	3.835849083005897	-6.225279875626896	0	6	173.818159743006	19.5	0.25	0	81.38464327967762	11.12707539537957		dr
106.10693414291053	90.9488006939233 	15.158133448987229	109.78994658197014	108.37468758242262	105.32017157083382	5.9254994618163295	-6.896612175621328	0	6	176.8448902381842	19.5	0.25	0	81.64764637396732	11.169958991694545		dr
104.27548235475834	89.37898487550714 	14.896497479251195	109.65268472689951	107.54721297051714	102.9566740396129	4.553673709741517	-7.131372496954668	0	6	173.7924705912639	19.5	0.25	0	81.88583412113354	11.209185712616193		dr
104.86705397739439	89.88604626633806 	14.981007711056336	114.30740378991375	111.34574613166467	105.74439023643413	14.097553954869497	-9.56031543301016	0	6	174.77842329565732	19.5	0.25	0	82.1252218279696	11.248475525099943		dr
98.6741749617633	84.57786425293997 	14.096310708823324	104.39443445649529	103.18204138169801	101.25358386403224	12.205682461150829	-9.254349212272587	0	6	164.45695826960548	19.5	0.25	0	82.2958295922355	11.277834650705339		dr
119.87535240235573	102.28886201551583 	17.5864903868399	123.1054327078793	121.05484287940823	118.54811987848913	4.523439870734052	-2.8951102560548634	0	7	233.09096300458057	19.5	0.25	0	82.67929411070612	11.34220868882916		dr
127.10045471760546	108.94324690080465 	18.157207816800806	130.3659202791868	128.5585623759533	127.52892033139932	2.711016645037077	0	0	6	211.83409119600907	19.5	0.25	0	83.12799270269501	11.411047063859176		dr
130.40679513783746	111.7772529752893 	18.629542162548162	133.38904878384295	132.38181571407483	130.42758470455135	5.98731650938538	-8.888586883971357	0	6	217.34465856306247	19.5	0.25	0	83.60078072704644	11.483232014846067		dr
129.90305580481163	111.34547640412426 	18.557579400687374	133.38915470296814	133.3690658301411	130.36603448807003	8.82409134929749	-2.8983417963651306	0	6	216.50509300801937	19.5	0.25	0	84.05921909415302	11.55327505827024		dr
129.3889680365288	110.90482974559616 	18.48413829093265	133.328951651304	131.3537079228618	128.91616478675252	2.96286558889436	-2.962865592663775	0	6	215.64828006088135	19.5	0.25	0	84.50362839750964	11.621224697806145		dr
130.46629813375912	111.82825554322211 	18.63804259053701	136.52741540878517	133.50828037567538	128.94703226492305	9.124093685597543	-3.1419456197244813	0	6	217.44383022293187	19.5	0.25	0	84.94986790951205	11.689349143366638		dr
128.4536226593662	110.10310513659957 	18.350517522766637	130.42790575399854	129.4407656578386	127.4665167720081	2.9614598287895575	-2.961419345997612	0	6	214.08937109894364	19.5	0.25	0	85.36817324364527	11.753398839322408		dr
129.4101015969557	110.92294422596204 	18.48715737099367	133.32931193440504	131.39513089938714	130.39723418425183	8.824118385219336	-3.0244450341164963	0	6	215.68350266159285	19.5	0.25	0	85.78762018034347	11.817529872957373		dr
124.94559192794989	107.09622165252847 	17.84937027542142	130.3665005061634	127.40363883942155	124.44077026083706	2.962875486657694	-8.822530499283516	0	6	208.2426532132498	19.5	0.25	0	86.15703500815107	11.8744340276976		dr
127.12000474181984	108.96000406441699 	18.16000067740285	127.96969358943849	127.76035237978483	127.56124098645996	3.150260207126223	-2.9613582949313297	0	6	211.86667456969974	19.5	0.25	0	86.5398665009891	11.933177641246248		dr
128.6416246962549	110.26424973964706 	18.377374956607838	137.2321058244396	131.83362033113414	127.5613319825279	6.619123381697278	-0.06300248082995097	0	6	214.4027078270915	19.5	0.25	0	86.92969759538971	11.992846134907003		dr
129.89347043491114	111.33726037278097 	18.556210062130162	134.8272210255593	134.22942429440215	130.5189995005153	9.784383391606951	-9.590939329913255	0	6	216.48911739151853	19.5	0.25	0	87.32386064896329	12.053060482863177		dr
126.36393367771724	108.31194315232905 	18.05199052538819	131.89883131657263	129.75972466704567	128.4092738611132	11.749575455767513	-4.573365969756921	0	6	210.6065561295287	19.5	0.25	0	87.67877040377014	12.107596210522496		dr
126.38154954365098	108.32704246598654 	18.05450707766444	137.7593457775487	129.991456353385	124.29578976715779	15.68625528592105	-11.014897441478894	0	6	210.63591590608493	19.5	0.25	0	88.02744408971502	12.161171984100351		dr
129.1843944018187	110.7294809158446 	18.454913485974103	137.2340422365079	131.72603301798827	128.69128416366772	0.574761907068492	-8.262063838481225	0	6	215.30732400303117	19.5	0.25	0	88.39491686035879	12.217366104652797		dr
128.68174602755172	110.08977228438832 	18.591973743163408	130.14381620214382	129.59074364558805	128.69178507537896	2.5008170046403535	-2.335806487029231	0	7	250.21450616468388	19.5	0.25	0	88.75143747245785	12.273778561630767		dr
128.44727449046724	110.09766384897193 	18.349610641495303	130.37010613258482	129.46639951775444	127.56456816232804	2.9629569579807082	-2.9629569579807082	0	6	214.0787908174454	19.5	0.25	0	89.09964656910705	12.327075334261156		dr
128.52015826608334	110.16013565664285 	18.36002260944049	130.43157181961573	129.50733571723217	127.65889533575135	2.772646167712736	-2.9615418100675015	0	6	214.20026377680557	19.5	0.25	0	89.44243362734163	12.379535745349672		dr
126.53663022652897	108.45996876559626 	18.076661460932712	127.46988690725763	127.46983968010181	127.43833580627557	2.768088387336306	-2.7681470950513614	0	6	210.8943837108816	19.5	0.25	0	89.76221118423118	12.428648898070215		dr
129.06392185104397	110.62621872946627 	18.437703121577698	130.61579531677128	130.61574705715907	130.49268144023165	6.107493331086161	-6.107555379175906	0	6	215.10653641840662	19.5	0.25	0	90.09812324121248	12.48000833587797		dr
129.0124211518352	110.58207527300159 	18.43034587883362	130.61548507592897	130.49244819019128	129.0445833631215	2.9614895526692635	-3.1461041847188653	0	6	215.02070191972533	19.5	0.25	0	90.42790542689573	12.530434925225054		dr
127.55317537263394	109.33129317654335 	18.22188219609059	127.9724153962587	127.70001160046968	127.43787013783485	0.5030142679001841	-0.18881714843331565	0	6	212.58862562105656	19.5	0.25	0	90.73988248526327	12.578262213215519		dr
126.88947111713054	108.76240381468332 	18.127067302447216	128.4113936254345	128.26506103283813	127.00966180577723	2.9495889769311106	-2.5006677091695906	0	6	211.48245186188421	19.5	0.25	0	91.0411290571955	12.624502255625782		dr
127.52841156872307	109.31006705890549 	18.218344509817584	129.65643296287308	129.20102347105515	127.5102945484864	3.6093149938204476	-2.926048353319601	0	6	212.54735261453845	19.5	0.25	0	91.34267684654696	12.670732356900094		dr
127.99872230871154	109.71319055032416 	18.28553175838738	128.97435896685025	128.97422560525777	128.97395887802026	2.926262216358282	-2.9260621701048706	0	6	213.33120384785255	19.5	0.25	0	91.64313623558111	12.716755302813924		dr
127.0242967325314	108.87796862788407 	18.146328104647324	131.90247697087173	128.00004343942277	126.04872903066887	5.854089675680086	-5.853894396109709	0	6	211.70716122088567	19.5	0.25	0	91.93078794693842	12.760898171121514		dr
128.11393948933085	109.81194813371216 	18.301991355618682	129.65870147267535	129.2033333274845	128.9754392090648	2.9262927084286474	-2.926092664579855	0	6	213.52323248221808	19.5	0.25	0	92.22258755615127	12.805584406480362		dr
123.6616923226159	105.99573627652794 	17.66595604608797	126.74877909360625	126.09135063595555	124.30046200463482	7.442248951624293	-8.715509471332808	0	6	206.10282053769316	19.5	0.25	0	92.47410039428298	12.844467379597223		dr
117.61941363181025	100.81664025583734 	16.802773375972905	122.07800947019152	120.15702160323637	117.48738673697788	0.000054810247888781305	-3.3018058072615446	0	6	196.03235605301705	19.5	0.25	0	92.6736663723586	12.875882506552585		dr
115.57365018230607	99.06312872769091 	16.51052145461516	122.0786435400853	118.14802052051562	116.00963949540181	5.895888860192727	-0.3460476923342384	0	6	192.62275030384342	19.5	0.25	0	92.8539812055078	12.90450171086804		dr
118.31716792882449	101.3250155275363 	16.992152401288195	122.07879725320963	120.6535973449809	118.86900791615226	5.622451391945262	-9.48746985142607	0	7	230.0611598616032	19.5	0.25	0	93.0529123517837	12.936436481886947		dr
112.07030294956142	95.94154696971142 	16.12875597985	115.31387917562947	113.82887697317517	112.44902138456338	6.346558183738523	-3.317128265452652	0	7	217.91447795748056	19.5	0.25	0	93.20033398432462	12.961183144661854		dr
114.34746820559711	98.01211560479753 	16.33535260079958	116.84829360271394	115.97228001657953	114.25980821474604	4.698608430084462	-3.583204147391797	0	6	190.5791136759952	19.5	0.25	0	93.36300424756517	12.98713829432445		dr
123.99439551662745	106.28091044282355 	17.713485073803895	129.09315251999905	127.55885483409912	124.67347142643504	4.179177677477895	0	0	6	206.65732586104576	19.5	0.25	0	93.59683166183282	13.023217277373913		dr
127.40512939547476	109.20439662469265 	18.20073277078211	129.9069076636977	129.14602556879157	127.4561601565529	1.9636781436958586	-3.9544381354436524	0	6	212.34188232579126	19.5	0.25	0	93.85295512951193	13.062440879596704		dr
129.02299756896076	110.59114077339494 	18.43185679556582	132.75713231130445	131.17408042467878	128.77477035724718	4.808717352734703	-4.882211533335791	0	6	215.03832928160128	19.5	0.25	0	94.11739153883109	13.102812427837073		dr
126.26157909332932	108.22421065142514 	18.037368441904178	130.3542446311006	128.64937499577064	126.54659288806576	2.6119203308301167	-6.057945025264615	0	6	210.43596515554887	19.5	0.25	0	94.35727353550644	13.13963747271817		dr
129.10287547681202	110.65960755155318 	18.443267925258837	132.28075957522748	132.2586232327108	130.67044769262392	3.870593239287132	-11.909678560997747	0	6	215.17145912802002	19.5	0.25	0	94.6146483647013	13.178923624218472		dr
121.1266973297481	103.82288342549838 	17.303813904249722	128.24005339616807	125.87373816254905	122.41064163175272	4.559877827973622	-10.42551457180555	0	6	201.8778288829135	19.5	0.25	0	94.809589901209	13.209253699806936		dr
114.73428447649987	98.34367240842846 	16.390612068071405	119.358934327174	116.52537837715693	114.47887727923282	4.894350803192154	-5.852131471279833	0	6	191.22380746083311	19.5	0.25	0	94.95502562803594	13.232475293735876		dr
97.19149225039061	83.30699335747765 	13.884498892912958	112.14441250619703	106.4859888296459	97.65597458772325	1.4005793004894542	-13.402184107783626	0	6	161.98582041731768	19.5	0.25	0	94.97123190790808	13.237200102425563		dr
65.0026342724528	55.7165436621024 	9.286090610350392	71.93326188917595	68.90750870102919	64.4080043472636	4.637731459391176	-7.145549662538542	0	6	108.33772378742133	19.5	0.25	0	94.75563048607026	13.208774854281138		dr
53.04737980162569	45.469182687107725 	7.5781971145179625	60.11252502642658	55.45817574972372	51.88018214154849	8.015003333118024	-2.8044216115563074	0	6	88.41229966937614	19.5	0.25	0	94.45771440975281	13.168556441854257		dr
62.337750359777964	53.43235745123825 	8.90539290853971	67.02313056639922	65.12265708224132	62.181962313417145	6.11282725073896	-3.569509255225192	0	6	103.89625059962994	19.5	0.25	0	94.22991324627782	13.138321239490324		dr
70.94827395190765	60.81280624449227 	10.13546770741538	72.1364865316669	71.82440897659767	71.30996765744786	1.5550896039490567	-2.065582797492084	0	6	118.24712325317941	19.5	0.25	0	94.06595803997944	13.11717438363064		dr
79.59947234035361	68.22811914887453 	11.371353191479088	84.36608864948903	81.70135416564962	80.25950943400574	4.22645379573342	-4.007501666559008	0	6	132.66578723392269	19.5	0.25	0	93.96479380431771	13.104965843825385		dr
84.3477906808938	72.29810629790897 	12.049684382984822	88.36413888222023	86.14763878175883	84.62608082680552	6.855260366523666	-2.9114438018908118	0	6	140.579651134823	19.5	0.25	0	93.89800906040504	13.097637500347325		dr
89.03257466004712	76.29421962486357 	12.738355035183545	89.40221842368211	89.1765044329976	88.95880686883223	0.4434087946561647	-0.2780319360826411	0	7	173.11889517231384	19.5	0.25	0	93.86445434040257	13.095159690242747		dr
82.19877499256737	70.45609285077204 	11.742682141795328	88.95884777323849	87.37089176431277	82.81534670019352	8.31694518491635	-12.022505007324682	0	6	136.9979583209456	19.5	0.25	0	93.78455242706123	13.085896145390368		dr
80.37845066701716	68.92648807242398 	11.451962594593184	84.20973089273633	81.68550027789688	80.20483796395874	4.00489397374281	-3.5815903398989235	0	7	156.29143185253338	19.5	0.25	0	93.69335445590445	13.074780951167257		dr
54.327896405340596	45.15810750542858 	9.169788899912014	76.14253170285951	66.8145263437398	53.310209538740764	4.075997270408287	-16.03000667388371	0	7	105.63757634371783	19.5	0.25	0	93.42737163123849	13.048395869739858		dr
6.569721107028442	17.966761807396466 	-11.397040700368024	36.55161999394749	29.996375739801227	23.625307437230852	7.879358021903634	-12.651706963808522	0	28	51.097830832443435	21	0.2	0	92.84443437939815	12.884332537054568		dr
51.859420231108	44.450931626663994 	7.408488604444003	54.165268126098795	53.48219996802441	52.851224775565356	5.315249673222844	-5.3152439734968056	0	6	86.43236705184667	21	0.2	0	92.5712009517429	12.847826910837165		dr
56.35997079966026	48.30854639970879 	8.051424399951472	59.820117519571795	59.49917661673027	58.85731486432127	1.7438298329269273	-10.28953642086664	0	6	93.93328466610043	21	0.2	0	92.33139148053705	12.816062655798188		dr
42.2968633359337	36.38306465072447 	5.91379868520923	50.32280270088367	47.083336583634974	41.22335105552746	7.987729986535314	-17.333815502036224	0	7	82.24390093098219	21	0.2	0	92.00221695326992	12.770653024412734		dr
31.39209640376578	26.907511203227806 	4.484585200537975	36.06751501687564	34.731681128022636	32.060013349042016	8.015003338216463	-8.015003340765677	0	6	52.32016067294296	21	0.2	0	91.606072374515	12.716495718374338		dr
5.763823073346467	8.53881995907855 	-2.774996885732083	24.045010012100164	16.29538727700523	8.51594104558038	1.6323746460919366	-12.02250500732469	0	22	35.223363226006185	18	0.16666666666666666	0	91.04865517126065	12.615901610555465		dr
31.93599417671325	27.373709294325643 	4.562284882387608	41.05016148286722	37.94614697519119	30.638042318205777	20.153723473685897	-12.841416358267008	0	6	53.22665696118875	18	0.16666666666666666	0	90.6672831648442	12.563942792954382		dr
31.898090640480035	27.341220548982893 	4.556870091497142	36.06751501687564	34.149144343318554	32.12841145058868	3.988061265880823	-5.510759282042045	0	6	53.16348440080006	18	0.16666666666666666	0	90.29055757173931	12.512615403842476		dr
40.76320921807957	34.93989361549677 	5.823315602582795	44.082518352542884	42.74668446453961	40.075016687258476	4.00750166910823	-7.893349807102858	0	6	67.93868203013261	18	0.16666666666666666	0	89.97509675420008	12.470008398738912		dr
19.262054451556633	11.429078742852983 	7.83297570870365	24.22711027196314	21.232276714052873	19.734859935097738	2.4153315814633736	-5.894774622506688	0	5	26.752853404939767	18	0.16666666666666666	0	89.52754585355042	12.44066009057413		dr
9.727704998557122	14.727231235151638 	-4.999526236594516	29.64858844695208	25.823231933638596	17.725616312357648	6.823522879452176	-12.36987472924841	1	13	35.127823605900716	18	0.16666666666666666	0	89.02566006200959	12.330973384113951		dr
18.73495184555183	17.252525246778653 	1.482426598773177	32.858684259687145	24.937483113097006	18.01202887113414	15.069562251451146	-5.9297073373356035	0	7	36.429073033017445	18	0.16666666666666666	0	88.58634313565673	12.263169966705572		dr
37.5548071707141	32.18983471775495 	5.364972452959151	41.507944769417335	40.51966036879856	37.06066497229074	5.929706399940791	-5.929706399940791	0	6	62.591345284523506	18	0.16666666666666666	0	88.26937707376267	12.220324019415221		dr
24.900410709147415	21.343209179269216 	3.557201529878199	32.19681505645599	29.44656734780671	22.890002338720407	11.300323281660056	-3.501594010614582	0	6	41.500684515245695	18	0.16666666666666666	0	87.87821061472184	12.166847954664993		dr
36.209545888155176	31.036753618418718 	5.172792269736458	40.184543371112724	38.937090857643106	36.370442306782685	7.878199372933011	-7.987726060611081	0	6	60.34924314692529	18	0.16666666666666666	0	87.56122494155272	12.123939637579541		dr
32.28940983808087	27.676637004069317 	4.612772834011555	40.07501668598387	37.40334890657838	30.74445198542829	12.022505007324689	-10.646126062894698	0	6	53.81568306346812	18	0.16666666666666666	0	87.22420167872667	12.07813983999681		dr
6.396088490686083	8.9087717172866 	-2.512683226600517	23.98528806346194	16.493382219248428	9.196979873769536	5.436568356846311	-3.1857273707444946	0	23	40.863898690494416	15	0.14285714285714285	0	86.73433432607189	11.98971060929016		dr
27.65146578473559	23.701256386916217 	3.9502093978193713	37.555695014011285	33.447932457061114	25.519750673801852	0	-8.82056958438966	0	6	46.085776307892644	15	0.14285714285714285	0	86.37841343124455	11.941279879100577		dr
5.713320137365642	10.82281419599886 	-5.109494058633219	24.05572753281748	20.9944608924154	11.859781721858107	3.348309977439719	-0.8827212039299853	0	22	34.914734172790034	14.5	0.125	0	85.89538892050277	11.839179436359656		dr
40.825651975344144	34.9934159788664 	5.832235996477742	51.818100771226185	47.96681099081042	40.02678589620467	12.028760408795755	-3.1339128234943416	0	6	68.04275329224023	14.5	0.125	0	85.62711667678158	11.803423820646074		dr
51.93670422048126	44.517175046126795 	7.419529174354466	56.334052580797156	54.45758068617652	53.444217245045145	5.929899327555006	-9.045095534482194	0	6	86.5611737008021	14.5	0.125	0	85.42776512378572	11.777483615638431		dr
50.626161902364764	43.39385305916979 	7.232308843194971	53.519424979386635	52.32483706973556	50.48375317696113	3.1240201118219346	-6.0801550423121355	0	6	84.37693650394127	14.5	0.125	0	85.22304981071854	11.750747293447587		dr
44.33222227489106	37.99904766419235 	6.333174610698713	63.98859996984727	51.039124939083	41.61324873762952	19.5142844040749	-19.334140688217914	0	6	73.88703712481843	14.5	0.125	0	84.98392216431019	11.719065581852565		dr
18.94480157983444	18.964184816810377 	-0.019383236975937024	38.752139314557226	31.061835792366395	22.237143664094926	0	-8.038391160634582	0	8	42.09955906629875	14.5	0.125	0	84.59997378881906	11.65081878639426		dr
24.345455605362954	23.286542825991997 	1.0589127793709565	39.368994221758754	34.524114263419456	27.42308770327982	9.785730346302955	-1.9466327603162838	0	7	47.338385899316854	14.5	0.125	0	84.25168177619791	11.58959389618025		dr
57.5926168081907	49.36510012130632 	8.227516686884378	62.77791948888132	59.83930732640622	56.61791081997144	9.408639171398214	-2.964960018055862	0	6	95.98769468031783	14.5	0.125	0	84.0984687591404	11.570271613368206		dr
20.258778491177132	26.56914336333855 	-6.3103648721614185	53.36931419795673	43.809573967573584	31.617294394112157	0	-16.603781372173547	0	10	56.27438469771426	14.5	0.125	0	83.73367052903777	11.468096547736609		dr
25.752360702245962	22.073452030496544 	3.6789086717494186	32.61457572341139	28.66129522877252	25.370251448903822	5.929922859487299	-2.628807065098531	0	6	42.92060117040994	14.5	0.125	0	83.40423126865826	11.423839798441227		dr
23.31523012981425	19.984482968412213 	3.330747161402037	29.649614293667796	26.15696583856786	23.670068459492555	8.463527053956998	-6.982380750906319	0	6	38.858716883023746	14.5	0.125	0	83.0647453865179	11.378116111226316		dr
11.95585034272345	11.998993814802487 	-0.04314347207903779	20.092274915772972	18.15533222627567	13.870814555131963	2.649347181120283	-7.654788703984325	0	13	43.173904015390235	14.5	0.125	0	82.66525721211457	11.313951731544826		dr
20.8466949576177	19.34626359894181 	1.5004313586758897	29.649971918212398	27.773052322209235	23.719974241815123	7.355812505911589	-10.273607164054493	0	8	46.325988794706	14.5	0.125	0	82.31990211572072	11.259127595383548		dr
