_avgSpeed	_exSpeed	 DiffAvgExpSpeed	 Max Speed	AvgTop3Speed	_speedMedian	_maxAcceleration	_maxDecceleration	Num Of Stops(including end/start point)	duration	distance	stopDurationMedianSoFar(while moving)	ratio Of Short Stop(while moving)	ratio Of Instant Stop(in short stop)	Avg of AvgSpeed	Avg of DiffAvgExp	label
26.748708646284246	23.132550209315184 	3.6161584369690623	38.789588888103246	32.41780006988523	25.05900502611597	3.601974463178422	-1.8084488534161451	0	19	141.17374007761128	0	1.1	1.1	26.748708646284246	3.6161584369690623		dr
51.467621018462104	44.11510373011037 	7.352517288351734	54.80485167619423	52.580009770777174	50.80016456822203	1.3348959344418982	-1.334896255872953	0	18	257.3381050923105	0	1.1	1.1	39.10816483237318	5.484337862660398		dr
24.671659876913214	23.524485015023238 	1.147174861889976	38.85249042733442	37.03848314306817	28.102758383678378	3.538474154135708	-4.900150152341211	0	21	143.9180159486604	0	1.1	1.1	34.29599651388652	4.0386168624035905		dr
13.37652073972369	16.196508391121203 	-2.819987651397513	32.12089204009455	27.650712269231658	18.71827492533399	3.1372386392323777	-4.921243249958349	1	27	100.32390554792767	12	0	1.1	29.066127570345813	2.323965733953315		dr
33.412224649409374	28.639049699493743 	4.7731749499156315	45.59007909795323	40.65460287472851	33.907640225815136	3.1336327640780013	-6.344005253366615	0	18	167.06112324704685	12	0	1.1	29.935346986158528	2.813807577145778		dr
20.591924809820487	20.088639279723775 	0.5032855300967114	38.752127146356266	35.035045218526676	27.416434877106077	3.538166949975589	-2.1200524763299495	0	21	120.1195613906195	12	0	1.1	28.378109956768853	2.428720569304267		dr
40.2199952116067	34.4742816099486 	5.745713601658103	46.45093706516002	43.49282005909	39.5442844581261	1.9755584670283188	-1.9766356192727343	0	18	201.0999760580335	12	0	1.1	30.069807850317115	2.9025767167833862		dr
36.92409608441154	31.64922521520989 	5.274870869201649	52.18182135133632	49.05406935328955	39.8099623985872	5.244651525518702	-1.1785264498320427	0	18	184.62048042205768	12	0	1.1	30.926593879578917	3.199113485835669		dr
49.239603996045425	42.20537485375322 	7.0342291422922045	49.51469605910624	49.481805156717314	49.45054648309642	0.4317442705817432	-0.46135831954929074	0	18	246.19801998022712	12	0	1.1	32.96137278140853	3.625237447664173		dr
51.88101007856204	44.46943721019604 	7.411572868366001	56.01216551597851	53.88795801932029	51.615602130337514	1.276785051796556	-1.6542572052974407	0	18	259.4050503928102	12	0	1.1	34.853336511123885	4.003870989734356		dr
52.44771813525471	44.955186973075456 	7.4925311621792545	55.6258007958986	54.037822920842565	52.4367650606414	1.0629481366315758	-1.322010182133847	0	18	262.23859067627353	12	0	1.1	36.45282574968123	4.321021914502074		dr
44.25053844514462	37.92903295298111 	6.32150549216351	53.17134306277657	49.01925065253483	45.308863402337636	2.512281479778229	0	0	18	221.2526922257231	12	0	1.1	37.102635140969845	4.487728879307194		dr
56.58475518175043	48.50121872721466 	8.083536454535768	57.246024137823355	57.04843094017446	56.69530904415355	0.525521906648874	-0.18652131047571885	0	18	282.92377590875213	12	0	1.1	38.601259759491434	4.764329462017084		dr
51.950272767954246	44.751888756844316 	7.19838401110993	58.23225420510825	57.11909332090156	54.18405077368804	0.7986136832999335	-1.872618877318916	0	17	245.3207325153395	12	0	1.1	39.55476068866734	4.938190501238002		dr
32.90776691623231	28.206657356770553 	4.701109559461759	42.1545997048357	37.66463055211398	32.24110843388617	2.083359621420822	-2.119025027911301	0	18	164.53883458116155	12	0	1.1	39.11162777050501	4.922385105119585		dr
54.51039333268765	46.723194285160844 	7.787199047526805	58.62573100350308	56.69622757139734	54.98569460720587	1.3297010915510938	-0.4971874987590586	0	18	272.55196666343824	12	0	1.1	40.07405061814142	5.101435976520037		dr
56.0661003048856	48.05665740418767 	8.009442900697934	62.24614268185289	58.59779706470142	55.13628963476691	2.305412692237527	-2.200477422302742	0	18	280.33050152442803	12	0	1.1	41.014759423244016	5.272495207354031		dr
64.43207161443722	55.22748995523189 	9.204581659205331	65.22317475135532	65.15286856268686	64.98999572304545	0.7255686979660704	-0.541922725685121	0	18	322.16035807218606	12	0	1.1	42.31572121164364	5.490944454679103		dr
56.94487865069744	48.80989598631209 	8.134982664385348	61.15569769026594	59.99106853787941	57.03941534964821	1.3740042476470435	-1.105776022916923	0	18	284.7243932534872	12	0	1.1	43.08567686633068	5.630104360453116		dr
64.51922046390915	55.30218896906497 	9.217031494844178	65.82386340683958	65.49175094478669	64.7141176110919	0.6418483868275496	-0.40771806844556596	0	18	322.59610231954576	12	0	1.1	44.157354046209605	5.809450717172669		dr
64.28561500336879	55.101955717173254 	9.183659286195535	66.20856533076737	65.01782020205242	64.39255551026675	1.0718499343118708	-0.589187835805987	0	18	321.42807501684393	12	0	1.1	45.11584266321719	5.970127315697567		dr
19.358086540657272	28.47844131416834 	-9.120354773511067	63.23108361289125	49.077285319374596	36.56646837744627	3.6226118634466737	-7.911225354482773	0	33	177.44912662269167	12	0	1.1	43.94503556673719	5.28419631164263		dr
53.960090678898055	46.25150629619832 	7.708584382699733	72.23399547434893	62.378824228467785	50.04348775554591	4.521036269035084	-1.5925818752636403	0	18	269.80045339449026	12	0	1.1	44.38047274552679	5.389604488645112		dr
77.83322547487549	66.71419326417899 	11.119032210696503	80.19667377467694	79.27345085168788	78.01053365537916	1.0685018936685065	-1.390583576289534	0	18	389.1661273743774	12	0	1.1	45.77433744258298	5.628330643730586		dr
63.66344286724213	54.56866531477896 	9.09477755246317	80.63147286873053	78.15270704012495	72.52016137433935	0	-7.405838325983068	0	18	318.3172143362106	12	0	1.1	46.48990165956935	5.76698852007989		dr
39.94713894532933	33.73502439074554 	6.212114554583792	48.100167609126615	47.65150704158581	45.11949400786719	6.649071642771692	-0.44866041611171187	0	21	233.02497718108776	12	0	1.1	46.23825693979089	5.784108752176194		dr
57.47248007342353	49.26212577722017 	8.210354296203363	65.45586058693704	62.34973776363987	57.47490910777175	1.3358338897027409	-1.780056452254674	0	18	287.3624003671177	12	0	1.1	46.65433927807358	5.8739696982512735		dr
31.935723496412113	27.37347728263895 	4.562246213773161	48.34310092136018	39.13507398226694	31.631619779923614	3.9188571404038477	-4.895245473606177	0	18	159.67861748206056	12	0	1.1	46.12867442872852	5.827122430948484		dr
5.893871027455755	9.426260077228362 	-3.5323890497726067	36.55776348643976	21.59938753112697	6.558625371910825	0	-6.74965239203421	0	36	58.93871027455754	12	0	1.1	44.74126741489153	5.504380655751205		dr
12.589045028285069	17.17930489774 	-4.590259869454931	28.777608133173363	26.764837605959627	22.814939484319822	2.9456343663679987	-5.734086144298793	1	30	104.90870856904223	13.5	0	1.1	43.66952666867132	5.167892638244334		dr
