_avgSpeed	_exSpeed	 DiffAvgExpSpeed	 Max Speed	AvgTop3Speed	_speedMedian	_maxAcceleration	_maxDecceleration	Num Of Stops(including end/start point)	duration	distance	stopDurationMedianSoFar(while moving)	ratio Of Short Stop(while moving)	ratio Of Instant Stop(in short stop)	Avg of AvgSpeed	Avg of DiffAvgExp	label
68.2662764588916	58.513951250478506 	9.75232520841309	73.75907550072478	72.00004713416014	69.53969021239139	8.09338157749604	-10.089794070828859	0	6	113.777127431486	0	1.1	1.1	68.2662764588916	9.75232520841309		dr
67.11287109304544	57.525318079753234 	9.587553013292208	70.05096232727658	69.30016781684172	67.53713618845993	3.2867204972136506	-6.044808875265858	0	6	111.85478515507575	0	1.1	1.1	67.68957377596851	9.66993911085265		dr
71.82912295181107	61.56781967298094 	10.261303278830134	77.16324894944584	74.18798074545732	71.3754548516676	7.112752111871558	-2.6497835835909456	0	6	119.71520491968514	0	1.1	1.1	69.06942350124937	9.867060500178477		dr
75.14950243330743	64.41385922854921 	10.735643204758219	77.16308635619788	76.76965539892787	75.56342937579646	2.089441187532813	-4.600573683224113	0	6	125.24917072217906	0	1.1	1.1	70.58944323426388	10.084206176323413		dr
71.70172568611513	61.458622016670105 	10.24310366944502	74.06136458617956	72.53960737378016	71.58538616983908	2.4760524723052697	-4.640230743318725	0	6	119.50287614352521	0	1.1	1.1	70.81189972463413	10.115985674947733		dr
70.74558649698237	60.63907414027061 	10.106512356711761	73.90268064011461	72.3439007883805	70.34580841265901	2.437477731808343	-2.4376234073725698	0	6	117.90931082830394	0	1.1	1.1	70.8008475200255	10.114406788575073		dr
74.16846062014365	63.57296624583743 	10.59549437430622	78.94587059245175	75.87272460622152	74.08042304027165	4.865325177783163	-9.713800442688665	0	6	123.61410103357275	0	1.1	1.1	71.28193510575667	10.183133586536664		dr
65.81526686552232	56.41308588473343 	9.402180980788891	72.49864859099694	70.61593796783781	68.61700822698778	2.8239588804075453	-9.799820361176117	0	6	109.69211144253721	0	1.1	1.1	70.59860157572737	10.085514510818193		dr
35.458353237602914	30.39287420365964 	5.065479033943273	43.673538661618956	38.779475675750724	34.852135796813606	4.92700564353202	-7.748852465853858	0	6	59.097255396004854	0	1.1	1.1	66.69412953815798	9.527732791165425		dr
45.356581701769116	38.87707003008781 	6.479511671681308	53.59571513895499	49.640766189537764	45.183946501014276	4.963674524268512	0	0	6	75.59430283628186	0	1.1	1.1	64.56037475451909	9.222910679217012		dr
54.49818312455534	46.712728392476 	7.785454732079337	58.56304174028641	57.92687074811852	55.747446091623786	1.8142539045994326	-4.980673618458532	0	6	90.83030520759223	0	1.1	1.1	63.64563006088602	9.092232865840861		dr
29.824976611544955	25.564265667038534 	4.260710944506421	33.77910432285548	32.4373483471927	30.83963078438743	4.968784976197263	-4.985476844422898	0	6	49.708294352574924	0	1.1	1.1	60.82724227344093	8.689606039062992		dr
52.60322969354539	45.088482594467465 	7.514747099077923	63.091794776079404	58.682174703052425	52.331131064441095	11.558951244431348	-3.2664840402356816	0	6	87.67204948924231	0	1.1	1.1	60.194625921141274	8.599232274448756		dr
72.53778487277843	62.17524417666721 	10.362540696111218	78.03903872762379	76.41466096822954	74.81731459787014	6.743576638229314	-0.0000504220876251793	0	6	120.89630812129738	0	1.1	1.1	61.076280131972496	8.725182875996074		dr
84.52602092399285	72.45087507770815 	12.075145846284698	89.71592396335143	87.59411178405189	84.7849364722647	6.944559833643325	-6.48687364869852	0	6	140.8767015399881	0	1.1	1.1	62.63959618477385	8.948513740681983		dr
93.84188861431966	80.4359045265597 	13.405984087759961	99.65779555343244	96.36528498914167	92.22970822053941	8.339098737366939	-8.339275349304089	0	6	156.40314769053276	0	1.1	1.1	64.58973946162047	9.227105637374358		dr
85.91244025451199	73.63923450386743 	12.273205750644564	91.6652090767723	89.30900629135056	85.64670966867314	9.934886798400868	-5.118351872603199	0	6	143.18740042418665	0	1.1	1.1	65.84401597884937	9.406287996978488		dr
84.23630297103946	72.2025454037481 	12.03375756729136	86.54649681751071	85.75276921809667	85.05290518170008	1.796544668585625	-4.966752855673704	0	6	140.39383828506575	0	1.1	1.1	66.86580970063773	9.552258528662536		dr
85.05186635141378	72.90159972978323 	12.15026662163055	88.19687630148894	86.39706981900086	84.13024902491458	4.711623673785439	-2.7338351056845056	0	6	141.75311058568963	0	1.1	1.1	67.82297057699435	9.688995796713485		dr
67.08304687486097	57.49975446416654 	9.583292410694426	78.73280189699928	76.47541295106971	68.39146977512185	0	-7.138519251209146	0	6	111.80507812476829	0	1.1	1.1	67.78597439188768	9.683710627412532		dr
55.31370460449874	47.411746803856055 	7.901957800642684	63.992829750306754	60.365754072856454	54.51885184385456	5.405789595205576	0	0	6	92.18950767416456	0	1.1	1.1	67.1920567829644	9.598865254709207		dr
80.12238979237529	68.67633410775025 	11.446055684625037	86.43633440438335	85.55884826305014	81.38168998530321	6.90056493656455	-1.0280964732017992	0	6	133.53731632062548	0	1.1	1.1	67.77979919248308	9.682828456069016		dr
94.70360566199906	81.17451913885634 	13.529086523142723	100.81508799803879	97.2271081430839	95.09608354949873	5.845700171621857	-0.7961182746558961	0	6	157.83934276999844	0	1.1	1.1	68.95039947376638	9.850057067680916		dr
108.57369891357897	93.0631704973534 	15.510528416225569	113.81011930442666	112.27862216059687	108.37819432825893	6.269358520846083	-2.6646852235368073	0	6	180.95616485596494	0	1.1	1.1	70.60137028375857	10.085910040536945		dr
122.81766483686361	105.27228414588309 	17.545380690980522	126.5324231199441	124.63046937357637	122.55050510521174	5.398090806576008	-2.3964553707274234	0	6	204.69610806143936	0	1.1	1.1	72.69002206588277	10.384288866554689		dr
129.138363811343	110.6900261240083 	18.4483376873347	131.20390994933607	130.02141630905848	128.53044713413857	2.6738260430221032	-2.674288330826556	0	6	215.2306063522383	0	1.1	1.1	74.86111213301585	10.694444590430843		dr
130.8637731882379	112.16894844706101 	18.694824741176888	133.8887358250401	132.86187192469092	130.3710700861512	5.360055302401349	-4.349535802522269	0	6	218.10628864706314	0	1.1	1.1	76.93528476469073	10.990754966384399		dr
135.64591154547097	116.26792418183224 	19.377987363638724	139.2447977642135	137.67779130250975	135.23782792220544	3.670571929832164	-5.715689923654367	0	6	226.0765192424516	0	1.1	1.1	79.03209286400431	11.290298980572055		dr
137.8676182764269	117.71549741404336 	20.15212086238354	141.06484603668488	139.2684068047132	136.85888240361652	3.7364974943428706	-3.0226095702217037	0	7	268.07592442638565	0	1.1	1.1	81.06090408512233	11.595879045462105		dr
123.05797148026984	105.47826126880273 	17.579710211467116	124.52946702662297	124.52945385102356	123.07997758166039	2.9649873105111766	-2.8989393631269564	0	6	205.09661913378307	0	1.1	1.1	82.46080633162725	11.795340084328938		dr
126.06649838680062	108.05699861725768 	18.00949976954294	128.49795627803755	128.2059586025275	126.80833987255102	6.42948870504712	-6.429569283468325	0	6	210.1108306446677	0	1.1	1.1	83.86744155921349	11.9957968483681		dr
128.12941113030496	109.82520954026138 	18.304201590043576	133.4913402650504	129.7130967448904	127.64947639374327	8.304985860753561	-5.492934168588306	0	6	213.54901855050826	0	1.1	1.1	85.2506281083101	12.192934496545458		dr
129.86714286561607	111.31469388481379 	18.552448980802282	132.22020202611426	132.03421143490007	130.59946320517514	6.356201504879721	-4.519905425210553	0	6	216.44523810936013	0	1.1	1.1	86.60264370701634	12.385647056674454		dr
130.0861597160124	111.5024226137249 	18.583737102287486	131.66102670111525	130.53893290658203	129.6338372219621	2.0280442513593755	-0.6888280155837094	0	6	216.81026619335398	0	1.1	1.1	87.8815706484574	12.567943822721896		dr
129.8863444493975	111.33115238519785 	18.55519206419966	131.66000145953132	130.3080441534728	129.63168473186056	2.0280602915781287	-2.028573163763383	0	6	216.47724074899583	0	1.1	1.1	89.08170704276998	12.73900805819269		dr
129.56965269006992	111.05970230577421 	18.509950384295706	134.20451011179026	133.5409873556898	129.41811127024246	7.582229414794256	-9.117005791874703	0	6	215.9494211501165	0	1.1	1.1	90.20637219963942	12.899312011695551		dr
130.40874626469537	111.7789253697389 	18.629820894956467	134.20273907811077	132.69064573925138	130.64234806322804	2.5845020131872616	-4.596768877278123	0	6	217.34791044115897	0	1.1	1.1	91.29292285004634	13.054190630162063		dr
131.7157825566135	112.89924219138301 	18.816540365230495	135.602541863113	133.58850902997054	132.21125390233726	4.519257578392811	-2.651187743659875	0	6	219.52630426102252	0	1.1	1.1	92.35668231600863	13.205831412663864		dr
129.49255414530342	110.9936178388315 	18.49893630647192	133.87228619199166	132.7862211680564	131.27815915195305	12.47393858665859	-10.543879578387163	0	6	215.82092357550567	0	1.1	1.1	93.30888415778543	13.341552050966634		dr
128.86643624058132	110.45694534906973 	18.409490891511595	132.08463269162814	131.17174978241223	129.3494470892639	8.347943432513716	-4.2262063553224465	0	6	214.7773937343022	0	1.1	1.1	94.19782295985532	13.468250521980258		dr
132.86026879038823	113.88023039176137 	18.98003839862686	139.02247515901647	136.44223969472353	133.72482330583546	8.549587439113736	-6.398815415567498	0	6	221.4337813173137	0	1.1	1.1	95.14080944352685	13.602684372630176		dr
130.04280433438387	111.46526085804337 	18.57754347634051	134.3204922270478	131.78925218435683	130.07588091329353	4.6922933855297515	-6.690288323912199	0	6	216.73800722397314	0	1.1	1.1	95.9718093218806	13.721133398908993		dr
127.01155576019701	108.86704779445458 	18.144507965742434	131.96730009265036	128.29568110920187	126.11057506619008	6.43130011361383	-6.431476564449881	0	6	211.685926266995	0	1.1	1.1	96.69366389021353	13.824002574881861		dr
131.20387463713152	112.46046397468415 	18.743410662447374	131.4182640930136	131.41812020858126	131.20380279683354	0.42834746223724096	-0.42849093906306734	0	6	218.6731243952192	0	1.1	1.1	97.47798686173441	13.935807304144713		dr
130.18701624757048	111.58887106934613 	18.598145178224357	133.94148432036096	131.80955833198314	130.49786058270405	3.2655778361756376	-3.443613388065529	0	6	216.97836041261746	0	1.1	1.1	98.20485418141965	14.039414812457595		dr
128.53133514037492	110.16971583460709 	18.36161930576783	133.64123051356648	132.53332074437796	128.98480969947428	12.032321179897679	-5.990480123501612	0	6	214.2188919006249	0	1.1	1.1	98.86412550661433	14.133375779703469		dr
128.51289003335387	110.15390574287474 	18.35898429047913	133.46085984549987	132.43258589309457	128.95398915760973	8.635687776869716	-5.928919518564371	0	6	214.18815005558974	0	1.1	1.1	99.494950283779	14.223282343762527		dr
128.49088953165082	110.13504816998643 	18.35584136166439	130.49774674090935	130.47721334723266	128.985422576782	5.990456637276566	-3.0260175869654375	0	6	214.15148255275136	0	1.1	1.1	100.099032351443	14.309377323302149		dr
130.97119613333814	112.261025257147 	18.710170876191142	136.42383852404757	133.44066025929888	130.46682242091663	3.023318812039605	-8.889282007379066	0	6	218.2853268888969	0	1.1	1.1	100.72907651025719	14.399189436626413		dr
129.56295049227347	111.05395756480581 	18.50899292746766	136.36478085301064	131.52848468401677	127.72321674990019	5.867344604307107	-0.00004040087189594033	0	6	215.93825082045578	0	1.1	1.1	101.30575398989751	14.481385506443239		dr
127.98624872222841	109.70249890476722 	18.283749817461185	130.49741554935923	129.48922245044787	127.5029000219532	2.964451758078013	-2.964451754307021	0	6	213.31041453704736	0	1.1	1.1	101.8289009454334	14.555941669404374		dr
124.53890525882737	106.74763307899488 	17.79127217983249	127.53431377634604	125.55903293448318	124.53915846284245	3.0289184614349125	-3.0289382152407427	0	6	207.5648420980456	0	1.1	1.1	102.26563179761405	14.618159563835686		dr
125.99959791731058	107.99965535769479 	17.99994255961579	130.43577379163952	127.49232085128027	124.50687498585522	5.9288988057843	-2.9014600152934804	0	6	209.9993298621843	0	1.1	1.1	102.71344247911777	14.681966790171158		dr
123.02466981460933	105.44971698395086 	17.57495283065846	127.47134462525284	124.50689475232866	121.54244487814717	5.928899750877093	-5.928899747105675	0	6	205.0411163576822	0	1.1	1.1	103.0895763186639	14.73554060573574		dr
124.0340198659417	106.31487417080719 	17.719145695134515	127.53427331946453	126.52563344913806	123.05687470094196	5.991867039233455	-3.02893683387893	0	6	206.72336644323616	0	1.1	1.1	103.47038438315987	14.789787970997535		dr
129.95166203669064	111.38713888859195 	18.564523148098687	133.46033058872302	132.43206040045854	128.95347731541588	5.9288959855922485	-3.0246396333282632	0	6	216.58610339448435	0	1.1	1.1	103.94326434125863	14.857193956302913		dr
129.95212151089603	111.38753272362518 	18.56458878727085	133.40013848130144	131.42385393674175	130.43570130992833	5.9288950480424205	-2.964447525906678	0	6	216.58686918482675	0	1.1	1.1	104.39956008107683	14.922235970881298		dr
130.9297863305564	112.22553114047689 	18.704255190079508	133.4001596572578	132.41201032632583	130.4357116644619	5.928895981820801	-5.928895981820801	0	6	218.21631055092732	0	1.1	1.1	104.85697777503337	14.987443198798509		dr
129.9521419051237	111.38755020439179 	18.564591700731924	136.36460765005324	133.4001596585148	128.9849823814904	5.928895981819892	-5.865906562510332	0	6	216.5869031752062	0	1.1	1.1	105.28231953995015	15.0480728344245		dr
126.30469896769058	108.26117054373479 	18.04352842395579	131.41735969760114	128.35365023251714	125.59768302306603	8.822235212483292	-5.30808247399689	0	6	210.50783161281765	0	1.1	1.1	105.63269253041248	15.09799709425002		dr
132.00970256761843	113.15117362938723 	18.858528938231203	134.31932583975933	133.75748440953484	132.6341828802945	6.690240410463531	-3.796328450529103	0	6	220.0161709460307	0	1.1	1.1	106.06510253102242	15.159645157266105		dr
128.90495258240603	110.48995935634801 	18.414993226058016	131.44315926855603	130.83024661170504	129.54676399936247	3.813360328300817	-3.8304370748721794	0	6	214.84158763734337	0	1.1	1.1	106.43348720927054	15.212150771278878		dr
130.05320063222734	111.47417197048061 	18.579028661746733	134.36319373014246	131.5364371138957	129.380817562608	5.323559806896014	-2.0912766351355145	0	6	216.7553343870456	0	1.1	1.1	106.80840329534922	15.265593277476782		dr
129.81338404793595	111.2686148982308 	18.54476914970516	133.64442283826048	131.71250066216183	129.48976752505723	2.652257362711822	-3.1435091655841063	0	6	216.35564007989325	0	1.1	1.1	107.16785611960839	15.31683040048035		dr
128.17180932153695	109.8615508470317 	18.31025847450526	134.36353017460638	130.759264679886	127.47486604616624	6.888664128440141	-9.853274961922509	0	6	213.6196822025616	0	1.1	1.1	107.49099386117652	15.362883140080735		dr
123.97124906022542	106.26107062305036 	17.71017843717506	129.03975387670633	126.90134243182696	123.18584539609012	6.441683203697664	-5.846199205764094	0	6	206.61874843370902	0	1.1	1.1	107.74069469752574	15.39844822033974		dr
111.18674935421558	95.30292801789906 	15.883821336316515	114.27577051501355	113.61428481519573	110.84444436715293	4.878543796367865	-2.8940055413987267	0	6	185.31124892369263	0	1.1	1.1	107.79212834911813	15.405692595205064		dr
125.03605626759396	107.17376251508054 	17.862293752513423	132.08112953203508	129.89575738438626	127.38089824125947	9.696488608919012	-2.4548483616941894	0	6	208.3934271126566	0	1.1	1.1	108.04571552438983	15.441819082812538		dr
127.9949171288484	109.70992896758435 	18.284988161264053	134.87849919646087	130.42837789017588	126.78063080895944	5.252578780030319	-10.14091562791306	0	6	213.324861881414	0	1.1	1.1	108.33483438822256	15.483024431775602		dr
130.15338978315057	111.56004838555764 	18.593341397592937	137.682439962672	133.2603673306981	129.62420206957864	2.8497452343881093	-8.057981565154876	0	6	216.92231630525094	0	1.1	1.1	108.64652803672153	15.527457531287277		dr
130.54012338120708	111.89153432674892 	18.648589054458157	131.96326768237347	131.63742943258924	130.98582434160477	2.246377608697344	-0.9773100616444879	0	6	217.5668723020118	0	1.1	1.1	108.9548885345312	15.571417130205178		dr
129.08525255908674	110.64450219350292 	18.440750365583824	133.39708855430925	131.58488047570935	129.1994309524771	3.151667409401824	-5.928759492127824	0	6	215.1420875984779	0	1.1	1.1	109.23447692376114	15.611268980696549		dr
127.43174628420769	109.22721110074944 	18.204535183458248	131.41425594395076	129.48431032045463	128.47263748674354	9.281385309731562	-2.941658616822309	0	6	212.3862438070128	0	1.1	1.1	109.483754586233	15.64679317525493		dr
125.87664450497562	107.89426671855054 	17.982377786425076	128.56672482899256	127.61057652783704	125.69835843558798	5.732767955824244	-2.8684410283117785	0	6	209.7944075082927	0	1.1	1.1	109.70528012567547	15.678355129459932		dr
126.20591158925826	108.17649564793562 	18.02941594132264	129.03593527960908	127.54968960668795	125.94593022083339	2.229242347550297	-3.9505154463383008	0	6	210.34318598209708	0	1.1	1.1	109.9252885451899	15.709702606951435		dr
131.11964836069177	112.38827002345009 	18.73137833724168	136.36413134432084	133.7468240146857	130.56751826100697	3.6939660570601944	-5.737355044704984	0	6	218.53274726781962	0	1.1	1.1	110.20416170065702	15.749461498139466		dr
127.20009593161241	109.0286536556678 	18.171442275944614	133.4698410104302	129.01860824153368	126.64245516055817	6.690181445157279	-6.9645902545867955	0	6	212.0001598860207	0	1.1	1.1	110.42488811924085	15.780915793955117		dr
127.21373075932138	109.04034065084691 	18.173390108474464	130.30515097921204	129.43064983587996	127.68189944396221	6.194390588345783	-4.483650842506577	0	6	212.02288459886896	0	1.1	1.1	110.64012969154959	15.81158854157716		dr
128.12993279975808	109.82565668550691 	18.304276114251167	132.19954393554568	130.06106277909723	127.6807159804661	4.519064647330993	-4.460014437993621	0	6	213.5498879995968	0	1.1	1.1	110.86151960431172	15.843141548826198		dr
130.16047743320712	111.56612351417753 	18.594353919029587	133.46491733375996	132.24121145906616	130.1513661400826	5.512297643849351	-6.6905858944210905	0	6	216.93412905534518	0	1.1	1.1	111.10275657717291	15.87753170345374		dr
127.98218713509974	109.69901754437122 	18.28316959072852	131.4085826326056	130.28525938160178	128.0437615760264	5.882072213978972	-3.7299416117364785	0	6	213.30364522516624	0	1.1	1.1	111.31114460875224	15.907230936629972		dr
127.11662932237218	108.95711084774757 	18.159518474624605	130.67294715956817	128.63771131250962	127.5256860141715	5.916206786612236	-0.18879451587778817	0	6	211.86104887062027	0	1.1	1.1	111.50389442233298	15.934697857825027		dr
130.44739005853822	111.81204862160419 	18.635341436934027	139.31960957269393	133.43217209278444	127.49410824983727	5.86829784778368	-11.856988053768532	0	6	217.41231676423035	0	1.1	1.1	111.73212930951618	15.967235732272123		dr
128.47119087254467	110.11816360503829 	18.353027267506377	136.35534090426208	132.44403359656235	127.49336216557927	11.856986163431259	-11.856986167202436	0	6	214.1186514542411	0	1.1	1.1	111.93140385193317	15.995638012453483		dr
127.48352299164539	109.27159113569607 	18.211931855949317	130.4883074873035	130.44728605107255	127.49476649316378	5.863996968807058	-5.990051593356242	0	6	212.47253831940898	0	1.1	1.1	112.11436995945921	16.02171205767108		dr
127.70561148369977	109.46195270031411 	18.243658783385655	130.67271976606438	129.62504436632	127.61981042029917	2.962792492297254	-2.9585725221273975	0	6	212.8426858061663	0	1.1	1.1	112.29566346555502	16.04754864750497		dr
128.20857474692082	109.89306406878927 	18.315510678131545	134.88691389870797	130.31423447721488	128.0277738604474	6.85923072032827	-2.502295280955792	0	6	213.68095791153468	0	1.1	1.1	112.47857049177763	16.07361717659263		dr
128.76985642623734	110.37416265106059 	18.395693775176753	131.95614408772155	131.5899793769415	129.93619228808683	8.821360655351043	-5.879951188421813	0	6	214.61642737706222	0	1.1	1.1	112.66369874103285	16.100004410667452		dr
128.41456460495073	110.0696268042435 	18.34493780070723	131.4066914579014	130.4702948289798	128.74567245076514	8.392872200731546	-6.441275590080409	0	6	214.02427434158454	0	1.1	1.1	112.84067476197575	16.125228381342055		dr
127.69020722026876	109.44874904594467 	18.241458174324094	130.6707352548515	129.78922686646197	127.77483121219686	5.916659351163531	-6.1744527165111975	0	6	212.81701203378128	0	1.1	1.1	113.00566956706788	16.148742045708524		dr
129.01396265673478	110.58339656291555 	18.430566093819223	133.62922148718832	131.51324620344963	128.9738877457866	3.143191131586775	-6.1689883226770945	0	6	215.02327109455797	0	1.1	1.1	113.18158487574554	16.173817035248202		dr
127.09242399525857	108.93636342450735 	18.156060570751222	130.42438321141637	128.65779997476443	127.49165977852526	5.863887529462076	-5.863907292815142	0	6	211.82070665876427	0	1.1	1.1	113.33278964878373	16.195363160634102		dr
128.01678728992266	109.72867481993369 	18.288112469988974	130.4857612324837	128.5735168308138	127.49152825499871	3.025730469602749	-2.9627759664785316	0	6	213.36131214987108	0	1.1	1.1	113.4906820965379	16.217865841379854		dr
128.97333313192271	110.54857125593377 	18.42476187598895	133.4485170017165	132.44082436931876	128.97281388497805	11.79067228756577	-11.850890911813735	0	6	214.9555552198712	0	1.1	1.1	113.65539115010581	16.241343458769315		dr
126.55500112018615	108.47571524587383 	18.07928587431232	130.67003240215786	128.57189982514126	127.52279307546647	5.991339875391574	-5.991360105989031	0	6	210.9250018669769	0	1.1	1.1	113.79117651821193	16.260690221038185		dr
124.5172746131053	106.72909252551884 	17.788182087586463	127.45970690966004	126.49313850351359	124.52776468688111	2.964179227118507	-3.0286725425395815	0	6	207.52879102184215	0	1.1	1.1	113.90290670670039	16.276601594648064		dr
123.1008585334985	105.51502160014157 	17.58583693335693	124.55992264863245	124.53843789473974	123.14539357715859	2.7646236370301693	-2.9626239959595324	0	6	205.16809755583083	0	1.1	1.1	113.99773095233749	16.290098866181143		dr
121.24601845361323	103.92515867452563 	17.3208597790876	125.07459729008079	123.72238276680655	121.56418824140175	5.928349043758615	-2.8981089561741555	0	6	202.0766974226887	0	1.1	1.1	114.07169306969746	16.30061683468019		dr
125.1323068899445	107.25626304852388 	17.876043841420625	129.70827817408545	128.70675919880628	124.69028454425145	7.774451446977793	-7.867271603428719	0	6	208.55384481657416	0	1.1	1.1	114.18341644161913	16.31653023878868		dr
124.08542992612418	106.35893993667787 	17.726489989446307	129.28025121257173	127.24170861291746	124.97218578558727	7.057632052824417	-12.233243073552757	0	6	206.80904987687364	0	1.1	1.1	114.28243657646419	16.330629836295255		dr
125.30792142882814	107.40678979613838 	17.901131632689754	131.38655926826453	128.75747211120944	125.96655140566206	7.77750187026443	-7.929147273548125	0	6	208.84653571471358	0	1.1	1.1	114.39159979282422	16.346179359031833		dr
124.78583581337556	106.95928784003618 	17.826547973339373	131.3875347014658	128.0434030630785	123.00902273444575	11.754128875490224	-9.969268549216636	0	6	207.9763930222926	0	1.1	1.1	114.49350406753553	16.360692776819164		dr
127.38891319870172	109.1904970274586 	18.19841617124311	129.61928953017033	128.78269205694602	127.36789951476864	2.92837133515431	-4.9213589462847125	0	6	212.31485533116953	0	1.1	1.1	114.61870221444005	16.378534751522306		dr
130.7930343731767	112.10831517700858 	18.684719196168132	132.63475311902403	131.83802359174243	130.74073024550665	2.6448569429600184	-4.596430870177159	0	6	217.98839062196117	0	1.1	1.1	114.77422463904328	16.400709601951593		dr
128.16042722508774	109.8517947643609 	18.30863246072684	134.36098578802	133.24051733428277	127.96333412611749	12.22433206227852	-11.805463415985841	0	6	213.60071204181293	0	1.1	1.1	114.9017122827199	16.41888029584469		dr
126.07052343387929	108.06044865761079 	18.010074776268496	128.03793941810127	128.03781852672088	126.56216798619971	2.950997424386429	-5.901532500816771	0	6	210.11753905646546	0	1.1	1.1	115.00707842565537	16.433891564527933		dr
124.76547581950999	106.94183641672285 	17.823639402787137	128.4754487553753	126.3654996275405	124.92560412569826	3.3989000414781287	-2.62905816562845	0	6	207.9424596991833	0	1.1	1.1	115.09827840129886	16.446879862081758		dr
125.67364889308735	107.72027047978916 	17.953378413298182	128.03705287140895	126.36861249744544	125.31007353415453	0.7699045610730195	-2.502542927362015	0	6	209.4560814884789	0	1.1	1.1	115.19619849844504	16.46082892274117		dr
128.54750085845842	110.18357216439294 	18.36392869406548	131.41670195534334	129.16326003149268	128.03647862222948	0.3139186468668953	-3.3801326602981305	0	6	214.24583476409737	0	1.1	1.1	115.31868751092223	16.47828855367075		dr
128.61900224883433	110.24485907042946 	18.37414317840488	131.4162908651064	130.2927410889184	128.25524528533606	3.710624863788098	-3.3801245520529335	0	6	214.36500374805723	0	1.1	1.1	115.43959946308506	16.495523595713788		dr
127.76028194362863	109.50881309453884 	18.25146884908979	134.3586095729309	131.26990824696477	126.78435785472755	5.901302864074367	-8.825334805075912	0	6	212.93380323938106	0	1.1	1.1	115.55059660254942	16.51134292232078		dr
127.29322407695025	109.10847778024306 	18.18474629670719	131.41505758442565	129.2032179455962	126.62690936100205	5.8823710064080075	-3.6940626882265803	0	6	212.15537346158374	0	1.1	1.1	115.6554414907137	16.5262840238778		dr
129.54603544745055	111.0394589549576 	18.506576492492954	134.35730578679912	132.25277432196404	129.51056287037204	9.595085929929311	-6.652467740524017	0	6	215.91005907908422	0	1.1	1.1	115.77836710095032	16.54380873598944		dr
128.19827371067132	109.88423460914683 	18.314039101524486	131.41435871866182	129.45319784364384	128.25336438003103	3.272324808503967	-3.2724255556433803	0	6	213.66378951778552	0	1.1	1.1	115.8873136501584	16.55933707252922		dr
127.84226187163955	109.57908160426247 	18.26318026737708	130.98536033948932	130.88310374093945	130.67862140450745	12.03580235051136	-12.035864362375136	0	6	213.0704364527326	0	1.1	1.1	115.99126972164954	16.574153100310507		dr
128.59410586004384	110.22351930860903 	18.370586551434812	133.9373287037278	132.93586540327297	129.7235116835975	2.043153351938514	-5.441957697933489	0	6	214.32350976673973	0	1.1	1.1	116.09991486077362	16.58963959557882		dr
126.30413013166603	108.26068296999948 	18.04344716166655	130.98476229194975	129.3500939567806	127.78173650159187	8.380080901854129	-7.877467611406161	0	6	210.5068835527767	0	1.1	1.1	116.18713037590946	16.602065301271878		dr
136.83105827127383	117.28376423252044 	19.547294038753392	142.79562266631265	139.74631575382065	135.6220873721531	8.859306518784194	-6.098889966586171	0	6	228.0517637854564	0	1.1	1.1	116.3620789173956	16.627024866843755		dr
136.41961696971697	116.93110025975739 	19.488516709959583	139.32403405963157	138.35552745010338	136.38909298163844	5.868487076211579	-5.8685092057666	0	6	227.3660282828616	0	1.1	1.1	116.53062965733108	16.651071016785902		dr
133.9477655291486	114.81237045355594 	19.135395075592655	139.5542979884362	136.45599081604436	133.39522467274625	9.061788276967405	-3.135848203371154	0	6	223.2462758819143	0	1.1	1.1	116.67577245626289	16.67177371727596		dr
128.03376649723074	109.74322842619777 	18.29053807103297	133.45535548494743	130.53479587382992	127.62384326193252	3.151566245471983	-8.888734518316383	0	6	213.3896108287179	0	1.1	1.1	116.76964017560974	16.685151935075602		dr
131.5093005291044	112.7222575963752 	18.787042932729193	136.59474170468337	133.51405630115568	130.49220955983435	0	-3.139534417751861	0	6	219.18216754850732	0	1.1	1.1	116.89045706375313	16.70238054981047		dr
135.56865335501453	116.20170287572671 	19.366950479287823	139.55383419566402	137.522125614479	136.41804941106926	5.925960758492579	-9.06182129042034	0	6	225.94775559169085	0	1.1	1.1	117.04231231815362	16.724043719968822		dr
136.5819392027974	117.07023360239779 	19.51170560039961	142.79445201798973	140.57510298955597	135.02647105800992	8.877914834658384	-2.7826589300643434	0	6	227.63656533799565	0	1.1	1.1	117.1998899543201	16.746524864165846		dr
140.42940432062954	120.36806084625388 	20.06134347437566	154.97575742644472	145.15354002113995	137.09245991389244	11.788325530597774	-18.08826833978796	0	6	234.04900720104922	0	1.1	1.1	117.38572606925058	16.77304341304752		dr
126.45738021143299	108.39204018122828 	18.06534003020471	131.41094654620622	129.87148613924617	126.52832559153074	5.146860688470781	-8.685339376070957	0	6	210.7623003523883	0	1.1	1.1	117.45772332434727	16.783299735405915		dr
120.04545060567575	102.89610051915065 	17.149350086525104	125.07971353899639	124.9081296350771	120.22511921270451	9.194473574205048	-11.30150216981643	0	6	200.0757510094596	0	1.1	1.1	117.47809912971206	16.7861820216352		dr
123.70242452531824	106.03064959312994 	17.6717749321883	130.98160702115337	127.08912303224913	123.67312382865332	8.393140470752854	-6.223825914247243	0	6	206.17070754219708	0	1.1	1.1	117.52672667186523	16.793100716248894		dr
117.04847052305587	100.3272604483336 	16.721210074722265	124.75758382469814	120.81366648707308	117.5359813408992	11.452564525865526	-17.368365389104937	0	6	195.08078420509312	0	1.1	1.1	117.52301925985896	16.792543424454117		dr
120.01911980742082	102.87353126350357 	17.145588543917256	125.07863128291349	123.92360138028538	119.17918861722029	8.333795623502056	-8.333868661763134	0	6	200.03186634570136	0	1.1	1.1	117.54222003330175	16.795259156142293		dr
116.60752556369474	99.94930762602405 	16.658217937670685	119.17837233514769	119.06591294130756	117.3624261784991	5.559288535601894	-2.602040200885753	0	6	194.3458759394912	0	1.1	1.1	117.53508496101466	16.794213039970753		dr
125.79502936729617	107.82431088625388 	17.970718481042283	130.6731125335102	128.80546503135136	126.23557574270474	5.915616545293645	-0.00003945707308616875	0	6	209.65838227882696	0	1.1	1.1	117.59766029742589	16.80312595997887		dr
132.7979920118127	113.82685029583945 	18.97114171597326	139.54988080152845	135.80444551153752	133.78169577712254	5.917286377103636	-5.618205674784804	0	6	221.32998668635454	0	1.1	1.1	117.71194850580474	16.819426830324694		dr
134.4969477515607	115.2830980727663 	19.213849678794404	139.83702129665514	137.86827241386337	135.40756996104972	8.857497213708143	-5.465203420151994	0	6	224.16157958593448	0	1.1	1.1	117.8372096942059	16.83729565755208		dr
129.05186262590843	110.61588225077867 	18.43598037512976	136.88349895296807	131.27162586577467	128.24662590378483	8.855876223111778	-12.12822335812524	0	6	215.0864377098474	0	1.1	1.1	117.92028119740371	16.849137766571175		dr
127.99407181061922	109.70920440910217 	18.284867401517047	133.93051484202826	131.96264138367576	126.77596939574441	8.405533806574795	-9.175669180086402	0	6	213.32345301769868	0	1.1	1.1	117.99435318720676	16.859694602122246		dr
126.48640703962113	108.41692031967527 	18.069486719945857	130.97793606722507	129.05187843205408	126.39423514505987	6.3391848347821025	-3.151505120503984	0	6	210.81067839936856	0	1.1	1.1	118.05633898174993	16.86852520152242		dr
129.5751773940569	111.06443776633448 	18.51073962772243	133.9297553761284	131.96164897718913	129.72101403427297	5.902126107367607	-8.85421352452515	0	6	215.95862899009484	0	1.1	1.1	118.13980882531737	16.8804253060601		dr
135.54577271422912	116.18209089791068 	19.363681816318433	142.78787813669425	139.97127870963308	135.6103626122648	5.903273982003384	-3.379917378148207	0	6	225.90962119038184	0	1.1	1.1	118.26503158710811	16.898290460810163		dr
136.7514861282957	117.21555953853918 	19.535926589756528	145.46578210183858	140.75839004271484	133.62867174715166	11.837068066875531	-12.203995973005561	0	6	227.91914354715954	0	1.1	1.1	118.39707769097373	16.917130718874066		dr
130.45502357924076	111.81859163934921 	18.63643193989155	136.58719814211912	132.9895106363246	130.97639959118374	5.610705743029882	-5.902181775440809	0	6	217.42503929873456	0	1.1	1.1	118.48259503769903	16.92932434455504		dr
120.84732283534228	103.58341957315052 	17.26390326219176	128.02474112746523	127.8571116427654	123.17945359729129	0.50272725103666	-9.18768660624842	0	6	201.41220472557046	0	1.1	1.1	118.49924805035849	16.931680534115863		dr
108.74898451376151	93.21341529750985 	15.535569216251659	117.32570780882925	114.50576811862307	107.01024736262897	13.502910717984946	-13.271245218924193	0	6	181.24830752293585	0	1.1	1.1	118.4310643892634	16.921917517907023		dr
111.52701732642655	95.59458627979417 	15.932431046632374	122.12317220881981	117.0290098877701	110.14812694350769	11.623683108798701	-11.792863602191815	0	6	185.8783622107109	0	1.1	1.1	118.3831196179937	16.915046084078725		dr
110.28868591216765	94.97749613850851 	15.311189773659137	116.707329236931	113.43814223473812	110.14788419337086	9.323330857828452	-2.9469996350572245	0	7	214.45022260699267	0	1.1	1.1	118.32729593726387	16.903985006075832		dr
112.94531313468899	96.810268401162 	16.135044733526982	116.22446883737894	115.90132235527689	112.96539670262925	6.205760596757926	-0.623516585792899	0	6	188.24218855781498	0	1.1	1.1	118.29043304135581	16.898718291880293		dr
119.75481048505306	102.64698041575977 	17.107830069293286	124.75095492310724	123.70054360028463	120.3142586981796	11.829395567751106	-6.122844642250939	0	6	199.59135080842174	0	1.1	1.1	118.30039479267349	16.90014082097834		dr
119.79589604709243	102.68219661179349 	17.11369943529894	125.07221617845414	120.91428589985522	118.8352831865084	0.2028633322565696	-6.507438204450281	0	6	199.65982674515402	0	1.1	1.1	118.31049953087903	16.901583784588613		dr
117.7124403927382	100.89637747948987 	16.81606291324833	118.8352268247295	118.76756804768199	118.63225980668011	2.962359212469181	-3.165298562466589	0	6	196.18740065456365	0	1.1	1.1	118.30648571115997	16.90100981900915		dr
114.3353362560657	98.00171679091348 	16.333619465152225	118.8351141114988	117.66666426591536	114.26076606353335	2.96411239262882	-6.127529474574729	0	6	190.5588937601095	0	1.1	1.1	118.28001138145933	16.897227216650105		dr
112.10515834076513	96.09013572065581 	16.01502262010932	113.77153922761627	113.10848072894119	111.88286791625944	2.9469807027481636	-2.283557730850262	0	6	186.8419305679419	0	1.1	1.1	118.23911831496467	16.891384802103477		dr
105.80793340454608	90.69251434675378 	15.115419057792295	108.5737653507417	107.38075490036556	105.3191182353504	5.153012650833034	-3.597932235131836	0	6	176.34655567424346	0	1.1	1.1	118.15733420371191	16.879700816943537		dr
106.45507302511014	91.24720545009441 	15.207867575015726	113.77260176405996	110.83945006713655	105.75851125336129	4.296995712502749	-13.924390244106107	0	6	177.4251217085169	0	1.1	1.1	118.08084883653152	16.868773802290413		dr
103.54305843763483	88.75119294654415 	14.791865491090675	109.38563908784816	105.53551774143068	103.18233719369437	6.63128944966995	-5.775049700614801	0	6	172.5717640627247	0	1.1	1.1	117.98644760017504	16.855287384685223		dr
109.9994389311507	94.28523336955776 	15.714205561592948	115.17711996820897	112.11625885803069	109.45373742438551	6.601356055277222	-3.8352984768094416	0	6	183.3323982185845	0	1.1	1.1	117.93491851198777	16.847925566471723		dr
123.34955100408746	105.7281865749321 	17.621364429155363	129.70921299080982	129.29440450778006	123.71185800132193	11.630963531213197	-1.244027640973684	0	6	205.58258500681242	0	1.1	1.1	117.96962769462945	16.85288350789918		dr
133.85397845863986	114.73198153597703 	19.12199692266283	137.29289340968273	136.2561928222983	134.61809421722774	5.322900149635387	-3.9077942055776305	0	6	223.0899640977331	0	1.1	1.1	118.07080190331742	16.867336459585573		dr
134.69875522368082	115.45607590601215 	19.242679317668674	139.54919612634012	136.77085696155518	133.900215788679	3.1357457557480757	-3.370957137347631	0	6	224.49792537280138	0	1.1	1.1	118.1760421142058	16.88237027514306		dr
129.54372360671104	111.03747737718086 	18.506246229530177	136.3546263805849	132.42283263334815	129.0698932021059	0.18873511868065407	-5.928462017353496	0	6	215.90620601118505	0	1.1	1.1	118.24753696635992	16.89258333145996		dr
128.14362958946293	109.83739679096821 	18.30623279849472	130.67193423473236	130.61038723004273	129.10042803575843	6.109973616282929	-6.1100356320012	0	6	213.57271598243818	0	1.1	1.1	118.30938754525432	16.901418640628926		dr
129.69135389873995	111.16401762749136 	18.527336271248586	143.18262730872362	134.84203433701407	129.066516495072	12.510920465549049	-18.6210250961973	0	6	216.15225649789988	0	1.1	1.1	118.38008298844368	16.91151750789986		dr
125.6483485618973	107.69858448162627 	17.949764080271024	136.4128443697595	133.6715773029286	126.13517208136497	23.772602656879386	-12.331543376296324	0	6	209.4139142698288	0	1.1	1.1	118.42494882531683	16.91792643735894		dr
136.16240209939386	116.710630370909 	19.451771728484857	143.18208846820008	141.39009922096037	139.02755996718255	2.9450911535751914	-10.326248755520453	0	6	226.93733683232307	0	1.1	1.1	118.53376755705963	16.93347150049468		dr
130.0841583020414	111.5007071160355 	18.583451186005902	133.62968664982213	131.65712129510095	130.57856907229996	3.147227091376351	-6.106033777252577	0	6	216.80693050340233	0	1.1	1.1	118.60419676891928	16.9435323522356		dr
136.62776353402765	117.10951160059514 	19.51825193343251	142.78830590785103	139.58257168924	136.411881248449	5.4342869980684725	-2.782523075695508	0	6	227.7129392233794	0	1.1	1.1	118.71343050688962	16.959136713333766		dr
138.25756848439426	118.50648727233792 	19.751081212056334	142.78808076166854	142.54410466611216	139.46272523537056	2.239732006359361	-8.439922935134916	0	6	230.42928080732372	0	1.1	1.1	118.83116627783845	16.975955656097153		dr
127.98564747156689	109.70198354705732 	18.28366392450957	133.38823483144657	132.4206744665867	127.5228772197508	8.82805531082741	-8.828075066702766	0	6	213.30941245261147	0	1.1	1.1	118.88598353049551	16.983786244530762		dr
130.3517575089553	111.73007786481881 	18.621679644136492	136.88123422251422	134.81289703430988	130.57566849203673	11.80649918385221	-8.554021287699598	0	6	217.25292918159215	0	1.1	1.1	118.95423218512919	16.993535610004603		dr
130.554770518428	111.9040890157954 	18.650681502632594	133.92846849184872	132.62056678070385	130.48520229051803	3.443286902900752	-6.469085432632426	0	6	217.59128419738	0	1.1	1.1	119.02287442378777	17.003341207002403		dr
132.32268156305463	113.4194413397611 	18.903240223293537	139.8335828510657	135.6364512121381	132.2119558584859	14.759398804566374	-8.8573998113703	0	6	220.53780260509103	0	1.1	1.1	119.10110858343052	17.014517083568823		dr
127.22723878137998	109.05191895546855 	18.17531982591143	130.97593555093545	129.72370357939698	127.61614128243986	5.9020466812753085	-8.888002391794856	0	6	212.04539796896665	0	1.1	1.1	119.14862981265829	17.02130540369948		dr
126.53414454443732	108.45783818094627 	18.076306363491057	133.44714078065573	129.49684290208188	124.55898406096037	5.925360520284869	-8.888186361387497	0	6	210.89024090739554	0	1.1	1.1	119.19156885179653	17.027439130209896		dr
130.1979281552154	111.59822413304175 	18.599704022173654	139.83285546969984	137.76864916874356	130.69296575159916	5.905315227550773	-15.080854888022884	0	6	216.99654692535898	0	1.1	1.1	119.25518942580473	17.03652736657963		dr
128.6548068600734	110.27554873720571 	18.379258122867682	130.66846129488485	130.54543985432701	129.2539974593092	2.6443851593487864	-3.1514455722121966	0	6	214.4246781001223	0	1.1	1.1	119.30921021565686	17.04424421000657		dr
131.17863052935323	112.43882616801703 	18.739804361336198	139.8322603395602	133.72286803171193	130.5759418337492	9.164109138286278	-12.12263803556948	0	6	218.63105088225535	0	1.1	1.1	119.37703547459226	17.053933125157027		dr
126.70075867757664	108.6006502950657 	18.10010838251094	130.48340123546134	128.843441423095	127.77202485663076	8.887877628880148	-6.428008438904499	0	6	211.1679311292944	0	1.1	1.1	119.41864753824558	17.059877302755627		dr
126.60417168410407	108.51786144351779 	18.086310240586286	130.66763438314638	129.6814953670585	126.1335730303623	6.179994563698713	-2.9641283896821733	0	6	211.00695280684013	0	1.1	1.1	119.4592437198606	17.065676358901566		dr
127.60638791164965	109.37690392427115 	18.2294839873785	130.4215043146618	129.51739550040983	127.61477668309048	5.928250196794309	-2.901128824157823	0	6	212.67731318608276	0	1.1	1.1	119.50501419284817	17.072214604005367		dr
130.08251337908746	111.49929718207493 	18.583216197012533	135.53593750849498	132.62059012517068	129.13100879315442	3.034165695764912	-5.8298472271465585	0	6	216.80418896514573	0	1.1	1.1	119.56410636707297	17.08065595368697		dr
128.5384529988261	110.17581685613666 	18.36263614268944	136.441205462514	132.14008697651806	128.91773087919915	7.884761226537165	-11.285045040585373	0	6	214.2307549980435	0	1.1	1.1	119.61396384836047	17.087778065848095		dr
129.1299298679219	110.68279702964735 	18.447132838274555	131.17251446129265	130.32656024984715	129.0041161930746	3.4983511072277196	-2.7079516756225956	0	6	215.21654977986984	0	1.1	1.1	119.66653824625861	17.09528831320957		dr
128.27453855901018	109.94960447915159 	18.324934079858593	132.19758546426652	130.7035519685725	129.05722693716132	7.10620442747998	-3.7718901249281345	0	6	213.79089759835028	0	1.1	1.1	119.71383495127372	17.102044608630717		dr
127.9437653292595	109.66608456793672 	18.277680761322785	130.302870876414	129.70252645842302	128.0911266061623	7.106308438345991	-5.306252376792742	0	6	213.23960888209916	0	1.1	1.1	119.75880724842118	17.10846884990226		dr
129.43215078611806	110.94184353095832 	18.490307255159735	132.94097685317064	131.18323844311055	128.99287017583416	5.26007151685566	-2.636851912997514	0	6	215.72025131019674	0	1.1	1.1	119.8113797676478	17.11597884123518		dr
128.2681881366163	109.94416125995681 	18.324026876659474	131.17933888851235	129.7229461744441	127.683106565245	6.104330744298252	-3.4963506637887463	0	6	213.78031356102713	0	1.1	1.1	119.85709224531789	17.12250883061585		dr
129.71363802197686	111.18311830455161 	18.53051971742525	134.8036202445465	131.8061119108128	129.40772046839547	6.296405747366492	-4.496384643704857	0	6	216.1893967032948	0	1.1	1.1	119.91008442691283	17.130078781620202		dr
127.92491976867004	109.64993123028863 	18.274988538381407	130.30863617503115	129.10951591966204	128.50960900805498	5.307146083840365	-5.306683702120864	0	6	213.20819961445008	0	1.1	1.1	119.95294450895432	17.136201293688444		dr
129.36608084698253	110.88521215455644 	18.480868692426085	134.9702840232803	132.16808341220167	128.6277811344177	2.7830801172877386	-7.008470035857741	0	6	215.61013474497088	0	1.1	1.1	120.00301438309276	17.143353779851942		dr
124.47120457105767	106.68960391804946 	17.781600653008212	127.63346282573694	126.98583998842714	125.62703994541391	6.456152212587654	-4.553523640887491	0	6	207.45200761842946	0	1.1	1.1	120.0266556010185	17.14673074743478		dr
128.37837207434322	110.03860463515134 	18.339767439191874	131.42373136290615	130.5589428286299	129.14988681103807	5.821696838220717	-5.308404186591829	0	6	213.96395345723872	0	1.1	1.1	120.0706120035097	17.15300988791771		dr
126.90172622805082	108.77290819547214 	18.12881803257868	131.42420409195753	129.4628784109373	127.29882766152025	5.308603707753676	-6.669111661884983	0	6	211.50287704675137	0	1.1	1.1	120.10637699944971	17.158118831083478		dr
132.52160801285504	113.58994972530432 	18.931658287550718	136.60773102520963	135.50232147968237	133.4379101873853	5.671558992578895	-0.17649153443264254	0	6	220.86934668809172	0	1.1	1.1	120.17103966097785	17.167356015752578		dr
127.1322081797782	108.97046415409561 	18.161744025682594	130.68906992878954	128.59063918832922	127.50991065056544	3.1476157701399075	-3.2106421052071568	0	6	211.88701363296366	0	1.1	1.1	120.20710789164521	17.17250828523408		dr
123.34568856557846	105.72487591335296 	17.620812652225496	125.09264079472393	124.87834387051133	124.77115595712343	3.279665064277964	-0.3214256570817895	0	6	205.57614760929744	0	1.1	1.1	120.22328614254178	17.174819132486615		dr
123.7204828407846	106.04612814924394 	17.674354691540657	124.77095870409111	124.70656711195812	124.5777937426165	2.7650786966661514	-2.76513645863416	0	6	206.200804734641	0	1.1	1.1	120.24122048458405	17.177380853302278		dr
126.89360435553012	108.76594659045438 	18.12765776507574	128.04350033752252	127.7502393976248	127.477739764205	2.9512530427247015	-2.5025794543332154	0	6	211.48934059255018	0	1.1	1.1	120.27516121861949	17.182229204892955		dr
123.62940848787308	105.96806441817691 	17.66134406969617	127.63469695648068	125.97340754500932	124.3246399611547	5.777402960418257	-5.810808044558954	0	6	206.04901414645514	0	1.1	1.1	120.29218785450402	17.18466126004424		dr
124.03643292534122	106.31694250743531 	17.719490417905902	126.81509678745195	126.34950093132073	125.01092183134591	5.118152724172944	-5.81638062960846	0	6	206.72738820890203	0	1.1	1.1	120.31109818314462	17.18736241740718		dr
127.61201252672805	109.38172502290978 	18.230287503818275	131.97485276229708	130.47692904412617	128.6819925073885	5.777484863434111	-7.8687978659011435	0	6	212.68668754454677	0	1.1	1.1	120.34778619492143	17.192603246987133		dr
116.7700961645008	100.08865385528641 	16.68144230921439	124.74647689850386	122.54338024682345	117.53727925300201	0	-6.694307391241111	0	6	194.61682694083467	0	1.1	1.1	120.32989774476933	17.19004744229827		dr
97.00646075238646	83.14839493061696 	13.8580658217695	104.63026141500806	102.04262225756639	96.98081349461742	1.0926662707857986	-11.27144925484835	0	6	161.67743458731076	0	1.1	1.1	120.21386074480722	17.17347041931056		dr
71.60306663740168	61.374057117772864 	10.229009519628818	77.92053072993569	73.89423671617534	69.71566568383136	0.00007237848868157926	-4.187185424795075	0	6	119.33844439566947	0	1.1	1.1	119.973213249226	17.13909190000521		dr
67.0962806417905	57.51109769296329 	9.58518294882721	70.45793577634824	68.32183348171647	66.78467436649504	3.499078735990949	-2.909228147904372	0	6	111.82713440298417	0	1.1	1.1	119.71273574869679	17.101880525861475		dr
56.30086628842144	48.25788539007551 	8.042980898345931	60.54832752704827	59.88411977221221	55.670974999813176	0.0000496774382625631	-5.769598085297204	0	6	93.83477714736907	0	1.1	1.1	119.40189325134249	17.057474155138358		dr
61.53000325966509	52.74000279399864 	8.790000465666445	68.289239349751	64.50806695015508	60.76967945093067	7.040427012466985	-2.737336826146219	0	6	102.55000543277514	0	1.1	1.1	119.11959134894406	17.017145015189715		dr
69.13092137524005	59.25507546449146 	9.875845910748588	71.0032545142223	71.00316891600062	69.64624192804632	4.2597947740661795	-4.259671136389855	0	6	115.21820229206674	0	1.1	1.1	118.87692790246976	16.982478514682718		dr
67.72149753447903	58.0469978866963 	9.674499647782724	69.5179210444546	68.69919936023061	67.51682624327495	2.774048514890154	-1.546082583369511	0	6	112.86916255746503	0	1.1	1.1	118.62980021953261	16.947174268948903		dr
72.87868267258088	62.467442290783616 	10.411240381797263	75.3528741297909	74.81417714043965	73.02227715701815	4.348862318168003	-5.834475415312497	0	6	121.46447112096814	0	1.1	1.1	118.4098429236338	16.915751509876056		dr
71.98574527008154	61.7020673743556 	10.283677895725937	78.04644616155824	73.7863277927364	71.00451464884378	1.485804071139782	-8.5278354408848	0	6	119.97624211680257	0	1.1	1.1	118.18771805447805	16.884019100238977		dr
69.59601226413793	59.65372479783251 	9.942287466305416	71.00492835321525	70.50962277226026	69.51907211133772	1.4857957408900972	-2.7680887300237487	0	6	115.99335377356321	0	1.1	1.1	117.95632897928596	16.850963235315483		dr
62.2527387186897	53.35949033030545 	8.89324838838425	65.59959423395009	64.06038477673133	61.921965211493955	4.348684984736629	-3.6958405266241385	0	6	103.7545645311495	0	1.1	1.1	117.69233092117886	16.8132489469414		dr
59.94741306791579	51.38349691535639 	8.5639161525594	62.59315491803068	61.698623241015405	60.77213165393576	1.7223016969144709	-5.526468519876303	0	6	99.91235511319297	0	1.1	1.1	117.41994923319177	16.774336999798088		dr
27.677853700225533	29.73274750674702 	-2.0548938065214877	47.27535440522688	45.03052783277581	39.10829398784952	0	-23.27265183268839	0	8	61.50634155605674	0	1.1	1.1	116.99862484101821	16.68593685516748		dr
30.613260902047973	26.23993791604112 	4.373322986006851	45.191290517422615	39.1071439696801	30.284707448886973	6.646424898243957	0	0	6	51.02210150341328	0	1.1	1.1	116.59495491606977	16.628401276339627		dr
44.50703813374636	38.14888982892546 	6.358148304820901	47.43986472470041	45.463203694347925	44.474873175399544	5.736986297720414	-2.9649915530729984	0	6	74.17839688957727	0	1.1	1.1	116.25966227987291	16.580632657867447		dr
54.16505220871257	46.03618156430214 	8.128870644410426	56.902121071011955	56.760446814779804	55.222682710716526	9.462271404114851	-5.9132845825545886	0	7	105.32093485027443	0	1.1	1.1	115.97218723324715	16.54150413002737		dr
59.07353613000928	50.63445954000797 	8.439076590001314	62.77838013465759	60.68405515278787	59.434935838722794	3.3434536856722445	-2.957891710075465	0	6	98.45589355001547	0	1.1	1.1	115.70998146779445	16.50416575426688		dr
59.02263603299866	50.59083088542742 	8.43180514757124	63.414597756069256	61.0307344473693	59.63677544994787	6.512697975610692	-8.707642117795451	0	6	98.37106005499777	0	1.1	1.1	115.44994777313943	16.467136577171946		dr
54.0031664270916	46.28842836607851 	7.714738061013087	60.50583804599889	57.12518646633173	53.9679725227352	3.6040975920790217	-0.000016752682427068066	0	6	90.005277378486	0	1.1	1.1	115.16936886288349	16.42717128714382		dr
70.64228997871162	60.55053426746709 	10.091755711244524	75.09272708005335	72.42695532545103	69.2458038253439	6.429165490440866	-3.6965312456119506	0	6	117.73714996451936	0	1.1	1.1	114.96697304977361	16.398373943617006		dr
68.93186973225984	59.08445977050843 	9.84740996175141	72.16731623589027	70.75755989643345	69.35793661240083	3.7249387820928206	-5.83971197434046	0	6	114.8864495537664	0	1.1	1.1	114.75866941485273	16.36873157265834		dr
67.4917064204513	57.85003407467256 	9.641672345778737	69.24542011980319	69.05132052458164	68.66314775213785	0.5822459496660599	-3.5260614155289005	0	6	112.48617736741883	0	1.1	1.1	114.54575516713021	16.33842950406879		dr
71.34932331575696	61.15656284207739 	10.19276047367957	74.55543939361672	72.59079683129201	71.60844188423805	2.9470199529237107	-4.503247581319272	0	6	118.91553885959493	0	1.1	1.1	114.35204919470253	16.31087045012086		dr
68.98765522986108	59.132275911309485 	9.855379318551591	72.16680399359252	70.29387851156919	68.66273391381392	2.943723167156378	-3.504037834094447	0	6	114.97942538310178	0	1.1	1.1	114.14952957878806	16.282051293283494		dr
68.87984508851339	59.03986721872577 	9.839977869787624	71.60817253829285	70.47632289668826	68.48678188934178	5.929845682928459	-2.8472647903607964	0	6	114.79974181418899	0	1.1	1.1	113.94833098105352	16.253419855845735		dr
70.79710532878978	60.683233138962656 	10.113872189827127	74.12318871850246	72.33414368360734	71.21463181007798	2.964927552811915	-2.960021771913347	0	6	117.99517554798297	0	1.1	1.1	113.7573963542736	16.226253715730607		dr
68.43140985411321	58.65549416066847 	9.775915693444745	77.19224348680491	74.15792477084403	69.73465947352773	9.01244468926182	-13.618154067264634	0	6	114.05234975685535	0	1.1	1.1	113.55772240493368	16.197838129729348		dr
44.139908237962196	37.834207061110455 	6.305701176851741	53.96726892021702	49.67135579077922	44.570479882160285	6.52836791035358	-14.993632291582742	0	6	73.56651372993699	0	1.1	1.1	113.25325830771013	16.154451564146555		dr
17.605717178285527	16.308762061745707 	1.29695511653982	23.719469331410302	22.24079859231453	20.75453566121214	5.194328060251009	-5.929867330967035	0	8	39.12381595174561	0	1.1	1.1	112.83558345561657	16.089571666995433		dr
44.13579646875925	37.83068268750793 	6.305113781251322	56.333748599097014	50.46019990030308	44.85736618373612	8.72583615255607	-7.54410933723193e-9	0	6	73.55966078126542	0	1.1	1.1	112.53688872958675	16.047030545753067		dr
64.82296638198953	55.562542613133886 	9.260423768855645	77.08833648946923	71.19768362926385	65.29300742813315	8.894808057777169	-8.77715052283898	0	6	108.0382773033159	0	1.1	1.1	112.33033495319023	16.01765129563663		dr
72.49049926151743	62.13471365272922 	10.35578560878821	80.15358817357317	78.17956609372399	74.23191100946568	13.7787273914278	-16.739766622127682	0	6	120.8174987691957	0	1.1	1.1	112.15861152348474	15.993246702158832		dr
70.19077585243032	60.16352215922599 	10.02725369320433	77.08847106769437	74.12352987723425	69.6761180846283	2.9649411954897147	-5.929882394751772	0	6	116.98462642071719	0	1.1	1.1	111.97849205708538	15.967641581948728		dr
64.29947712120916	55.11383753246499 	9.185639588744174	71.27138583338161	68.31179119899461	62.328204673482645	8.878761351742256	-11.972524289595881	0	6	107.16579520201526	0	1.1	1.1	111.77473558300044	15.938658667447854		dr
31.852907475702434	30.14244452634039 	1.710462949362043	53.36899233240705	46.0372209935652	33.28252583593925	8.039635517837041	-20.88645573141013	0	7	61.93620898053251	0	1.1	1.1	111.43464269743747	15.878113153753871		dr
32.43529330398275	27.801679974842365 	4.633613329140388	42.729184341621384	38.44947907405984	34.132169542260065	10.532360273976892	-15.918372112024972	0	6	54.05882217330459	0	1.1	1.1	111.09989969153301	15.830466968056356		dr
