_avgSpeed	_exSpeed	 DiffAvgExpSpeed	 Max Speed	AvgTop3Speed	_speedMedian	_maxAcceleration	_maxDecceleration	Num Of Stops(including end/start point)	duration	distance	stopDurationMedianSoFar(while moving)	ratio Of Short Stop(while moving)	ratio Of Instant Stop(in short stop)	Avg of AvgSpeed	Avg of DiffAvgExp	label
23.005951900608206	20.421010161167995 	2.584941739440211	28.67243890369385	26.92332019985054	24.04501001337477	4.007501671657447	-4.007501674206665	0	7	44.73379536229373	0	1.1	1.1	23.005951900608206	2.584941739440211		dr
18.708844546502597	16.71502932174061 	1.9938152247619882	24.22712910337191	22.76988248615467	18.336526394472386	2.003750834554115	-8.197122429488207	0	8	41.5752101033391	0	1.1	1.1	20.8573982235554	2.2893784821010996		dr
31.521457288706973	27.018391961748826 	4.503065326958147	36.06751501687564	36.06751501687564	32.36996810420069	7.8587475363374395	-7.3950938253499	0	6	52.53576214784495	0	1.1	1.1	24.412084578605924	3.0272740970534486		dr
14.811989325877132	14.891931793878404 	-0.07994246800127236	32.196823631772034	23.020192561140263	12.600728176130936	8.151813617122652	-20.0832621900787	0	11	45.25885627351346	0	1.1	1.1	22.012060765423726	2.2504699557897685		dr
28.672107105722414	24.576091804904927 	4.096015300817488	38.54424165498695	33.957417577865435	27.875383357507996	5.929883332115871	0	0	6	47.786845176204025	0	1.1	1.1	23.344070033483465	2.6195790247953123		dr
5.124246697024889	15.263298608649214 	-10.139051911624325	29.64941665681297	25.79590535717163	19.495018483881843	8.748262446938227	-10.377295833091098	0	26	37.00844836740197	20	0	1.1	20.30743281074037	0.4931405353920395		dr
54.394152593396015	46.62355936576801 	7.770593227628005	62.39247655963551	61.36337034424532	56.70066538145541	9.57001440087938	-2.8296783132450685	0	6	90.65692098899336	20	0	1.1	25.176964208262604	1.5327766342828917		dr
64.28124803343502	55.09821260008716 	9.183035433347861	71.15843057012336	67.2871778725016	65.29005385613908	9.01779021700392	-8.894803815131006	0	6	107.13541338905836	20	0	1.1	30.064999686409156	2.4890589841660127		dr
63.2948666008402	54.25274280072018 	9.042123800120024	65.22855100629968	64.28317954622442	62.39244204788222	2.8360936752633634	-2.964934140763418	0	6	105.49144433473367	20	0	1.1	33.75720712134594	3.217177297049792		dr
64.81829413081931	55.55853782641655 	9.259756304402764	68.19344185108427	66.29880696497456	65.28999179960596	5.8010244608276125	-2.8419471625829544	0	6	108.03049021803218	20	0	1.1	36.86331582229327	3.821435197785089		dr
63.83090547531271	54.71220469312518 	9.118700782187531	68.19337690516802	65.31240273652647	62.39236808266104	5.929858851311671	-5.801028537864859	0	6	106.38484245885451	20	0	1.1	39.31491488165868	4.303004796367129		dr
64.81604401914815	55.556609159269854 	9.259434859878297	68.19336608209873	66.38027021782034	65.22843713078328	5.92985792903589	-5.92985792526386	0	6	108.02674003191359	20	0	1.1	41.44000897644947	4.7160406349930595		dr
64.30458685070123	55.11821730060107 	9.18636955010016	71.15821599486485	67.24599413528738	63.81034738557152	11.724435111020348	-5.917589812051666	0	6	107.17431141783538	20	0	1.1	43.19882265908422	5.059912090001299		dr
63.33789143900316	54.28962123343128 	9.048270205571875	68.31090504391172	66.29880485925456	62.32782462975443	8.877152326186703	-8.75951739715402	0	6	105.5631523983386	20	0	1.1	44.63732757193558	5.344794812542054		dr
50.67315458904532	43.43413250489598 	7.23902208414934	56.47589415608309	52.638842140327434	50.403664330395756	2.2925904301628464	-6.0722138263168475	0	6	84.45525764840886	20	0	1.1	45.03971603974289	5.471076630649207		dr
44.753758610864594	38.36036452359823 	6.3933940872663655	50.40360833633652	48.926910730153814	46.04632140571772	2.784722527679783	-5.9298353379373765	0	6	74.58959768477432	20	0	1.1	45.021843700438	5.5287214716877795		dr
10.125023831572022	14.769684864725056 	-4.644661033153033	26.684263235112148	25.695951542381227	17.873545970087378	7.32824972592839	-14.824590684496838	1	14	39.37509267833564	14.5	0.5	0	42.9690895905047	4.930287206697144		dr
34.53186568422122	29.59874201504676 	4.9331236691744635	41.701763671659265	39.87748733495122	35.56990356216545	10.456622262172068	-3.665731053308569	0	6	57.55310947370204	14.5	0.5	0	42.500354929044505	4.930444787945884		dr
52.63518482333182	45.115872705712995 	7.519312117618824	58.56943579387336	55.592150072657546	53.42889397171466	5.678447696254132	-1.349226480669941	0	6	87.72530803888637	14.5	0.5	0	43.03376702874384	5.066700963191828		dr
59.968965425959276	51.40197036510795 	8.566995060851326	61.426315214262196	61.06020179849716	60.17063644744915	1.459470984043577	-3.4986441311775422	0	6	99.94827570993212	14.5	0.5	0	43.88052694860461	5.241715668074803		dr
59.34905388460161	50.87061761537281 	8.478436269228801	65.40734887814328	62.61192680442048	59.2029393687906	8.62521086825302	-11.441009735229315	0	6	98.91508980766935	14.5	0.5	0	44.61712346936637	5.395845220510707		dr
62.012584744994584	53.15364406713822 	8.858940677856367	65.40712310924668	64.09702830144244	62.00853016978613	1.7012540873689943	-5.723834311020475	0	6	103.3543079083243	14.5	0.5	0	45.4078262546222	5.553258650390055		dr
61.65348637544039	52.845845464663185 	8.807640910777202	65.40680326585027	63.14112321937561	61.425479351626436	4.903178914912189	-2.8570344596755035	0	6	102.75581062573397	14.5	0.5	0	46.114159303353425	5.694753531276453		dr
59.75061475614655	51.21481264812561 	8.535802108020938	62.59083670331121	61.813798545647124	60.60734543842056	5.0849529111047005	-6.720784621272081	0	6	99.58435792691091	14.5	0.5	0	46.6823449472198	5.813130555307473		dr
60.35818941973724	51.735590931203355 	8.622598488533889	62.59058705020379	61.65677557317738	59.78926531164267	4.990181520763933	-2.8013006800570395	0	6	100.59698236622874	14.5	0.5	0	47.2293787261205	5.925509272636529		dr
64.2482125554608	55.06989647610926 	9.17831607935154	68.23403896532486	66.34862878847068	65.40584844066855	5.616863019913765	-4.157392112207049	0	6	107.08035425910131	14.5	0.5	0	47.88394925801821	6.050617226740953		dr
61.472499330951365	52.69071371224403 	8.781785618707332	68.23394989603453	64.92168576590288	59.16081785037878	2.7846318164246	-9.738430104071135	0	6	102.4541655515856	14.5	0.5	0	48.38722889034907	6.151771611628596		dr
50.395096909014015	43.19579735058344 	7.199299558430575	58.53284985162625	55.219993425396666	51.48029940844886	1.3492100154185778	-7.905849502178626	0	6	83.99182818169002	14.5	0.5	0	48.458938462444245	6.1891833240143805		dr
7.35398146579318	14.945509441479347 	-7.591527975686167	29.266322596170713	25.12046800051549	18.011493277184687	1.1482438954552856	-9.62625113646708	1	21	42.898225217126885	14	0.3333333333333333	0	47.0415261522149	5.713986382645396		dr
34.90872097971284	29.921760839753855 	4.986960139958985	42.72883006366666	40.959621145211464	38.07126585015514	20.89521877119231	-14.056493930374064	0	6	58.18120163285472	14	0.3333333333333333	0	46.63709931313149	5.689752174555849		dr
38.11181595465378	32.667270818274666 	5.444545136379112	44.0825183550921	41.45140078814517	36.18916532654771	8.01500333821646	-7.893353356247978	0	6	63.519693257756295	14	0.3333333333333333	0	46.362090172535446	5.681842270098535		dr
32.80135531792939	28.115447415368042 	4.68590790256135	40.075016683434654	37.44389974789143	34.13216358515848	0	-4.144300472232935	0	6	54.66892552988232	14	0.3333333333333333	0	45.938317208329	5.650719321112998		dr
2.970465646512044	13.309800576191025 	-10.33933492967898	26.68372960187997	21.498625502144588	14.843996317921068	5.559745522326478	-6.7517691151854455	0	54	44.556984697680655	17	0.25	0	44.63626110039516	5.16617222260415		dr
17.54574934013042	16.150251366932306 	1.3954979731981147	23.718878286114034	22.7305916919595	19.424301706326638	3.679595999620882	-10.018625593889341	0	9	43.86437335032605	17	0.25	0	43.839481342740314	5.05527003879809		dr
22.775885564088572	19.522187626361635 	3.253697937726937	24.22710819876713	24.10570940765582	24.045010010825557	3.789343200529853	-4.00750166910823	0	6	37.95980927348095	17	0.25	0	43.237664320493124	5.003796550196057		dr
4.150761535986874	2.917768880257729 	1.2329926557291446	4.941382781385895	4.376653320386594	4.376653320386594	0.1613512745712288	0	0	10	11.529893155519094	17	0.25	0	42.151917020923506	4.899051997571976		dr
