_avgSpeed	_exSpeed	 DiffAvgExpSpeed	 Max Speed	AvgTop3Speed	_speedMedian	_maxAcceleration	_maxDecceleration	Num Of Stops(including end/start point)	duration	distance	stopDurationMedianSoFar(while moving)	ratio Of Short Stop(while moving)	ratio Of Instant Stop(in short stop)	Avg of AvgSpeed	Avg of DiffAvgExp	label
5.135273037801705	6.365610111929185 	-1.2303370741274806	40.65161254261373	18.472838945677342	4.154298174422148	5.869605997455064	-10.878869734799089	0	73	104.13192548875679	12	0.5	0	5.135273037801705	-1.2303370741274806		wk
4.8959875711958425	5.1418480138703275 	-0.24586044267448504	8.346118345824195	8.082827666964151	5.6893973842416745	0.674133224265502	-1.3371307713912228	0	67	91.11976868614485	12	0.5	0	5.015630304498774	-0.7380987584009828		wk
4.397955770813618	4.6588581180355755 	-0.2609023472219576	10.68667111592247	8.682920281934846	4.40150179092124	1.1311895291740588	-1.5315686160067374	0	81	98.95400484330641	15	0.3333333333333333	0	4.809738793270388	-0.5790332880079744		wk
4.764908765724147	4.819993601187848 	-0.0550848354637008	9.350837225369988	7.81936242808663	4.743401564882693	0.5565974537595636	-1.5240288359898055	0	68	90.00383224145611	15	0.3333333333333333	0	4.798531286383828	-0.448046174871906		wk
5.061378462811354	5.296380427223297 	-0.23500196441194277	9.350837226219728	8.540341515878138	5.061045164993799	0.5937039508531101	-1.5765639249208905	0	72	101.22756925622707	15	0.3333333333333333	0	4.851100721669334	-0.40543733277991334		wk
4.261827312106307	4.368669116901261 	-0.10684180479495353	8.01500333821646	6.918934845891148	4.35663922207368	0.5565974542552442	-0.6548267465211127	0	81	95.8911145223919	15	0.3333333333333333	0	4.752888486742163	-0.3556714114490867		wk
2.716783178292706	4.044699316540727 	-1.3279161382480207	8.545948047628428	7.488217574201998	3.802612956103495	1.5517190641195968	-1.76455159419711	0	127	95.8420732342149	15	0.3333333333333333	0	4.462016299820812	-0.49456351527750586		wk
2.425027558532699	4.603995946069357 	-2.1789683875366586	12.022505005625213	8.290706287663326	3.953727340534058	0.247654461974799	-1.647386392098883	0	65	43.785219806840395	15	0.25	0	4.207392707159798	-0.7051141243099		wk
0.09913313533332978	3.668849874324206 	-3.5697167389908766	10.732285536868252	8.486511998322394	3.2836407087861725	0.9902059528957242	-1.3510386964014247	0	1839	50.64050996610929	15	0.2	0	3.7509194214013015	-1.0234033037188974		wk
