_avgSpeed	_exSpeed	 DiffAvgExpSpeed	 Max Speed	AvgTop3Speed	_speedMedian	_maxAcceleration	_maxDecceleration	Num Of Stops(including end/start point)	duration	distance	stopDurationMedianSoFar(while moving)	ratio Of Short Stop(while moving)	ratio Of Instant Stop(in short stop)	Avg of AvgSpeed	Avg of DiffAvgExp	label
5.490139319436559	5.369317029457101 	0.12082228997945776	19.51200797033593	12.213103285103488	4.447460498376173	19.51200797033593	-16.54703524712874	0	13	19.825503097965353	2	1	1	5.490139319436559	0.12082228997945776		wk
5.468206655246532	5.342972228166563 	0.12523442707996946	12.022505007324693	10.179511201054217	4.985096237741878	9.970187155835614	-8.01500333821646	0	16	24.303140689984588	2.5	1	1	5.479172987341546	0.12302835852971361		wk
7.3175910973591645	7.5517964230927594 	-0.23420532573359498	23.946688941126673	15.774103768042176	7.5860751402718485	13.97648331160222	-7.157143041574899	1	14	28.457298711952305	3	1	0.6666666666666666	6.091979024014084	0.003950463775277413		wk
6.749109346138153	11.372620860683057 	-4.623511514544904	47.44001529864343	25.164175659100874	8.01500333821646	8.015003335667245	-15.529068965245175	0	14	26.246536346092817	3	1	0.6666666666666666	6.256261604545101	-1.152915030804768		wk
3.2943886591671827	3.7612490526853044 	-0.4668603935181217	8.545849931914148	7.298126547393333	4.007501668470926	4.007501669108231	-7.1571672137728655	0	27	24.70791494375387	4	1	0.4	5.663887015469518	-1.0157041033474388		wk
8.475065698194062	7.302876107571745 	1.1721895906223168	19.94045939485353	15.623065203905803	8.01500333821646	11.973381178145688	-11.92545605663707	1	11	25.89603407781519	3.5	1	0.5	6.132416795923608	-0.6510551543524795		wk
12.120071595045198	10.402570879895185 	1.7175007151500132	23.94681269143303	18.100632625345142	10.284180080595615	13.347458474474676	-15.400957536291886	0	7	23.566805879254552	3.5	1	0.5	6.987796052940978	-0.31269003013783764		wk
9.22986202635376	8.460706857490948 	0.7691551688628131	27.862994496645026	22.39247441283293	5.930071554839326	23.284422067970052	-16.030006673883705	2	11	28.202356191636486	3	1	0.5714285714285714	7.268054299617576	-0.17745938026275632		wk
4.854324287756645	4.982344557174018 	-0.1280202694173731	9.7561732311479	9.065711438545064	4.985127724377127	4.538357727146325	-8.89510168568352	0	18	24.271621438783225	3.5	1	0.5	6.9998620760774735	-0.1719661457243804		wk
5.109261001194247	5.757714975638765 	-0.6484539744445179	23.720312566241876	14.879311597031439	5.355117194054614	23.720312566241876	-14.82519534871413	0	19	26.96554417296964	4	1	0.45454545454545453	6.810801968589151	-0.21961492859639414		wk
5.929380856925036	6.2563605239732745 	-0.32697966704823855	14.955419695354529	12.777056709950818	8.01500333821646	6.940416357138069	-8.545864623097026	0	16	26.352803808555713	4.5	1	0.4166666666666667	6.730672776619685	-0.22937535936474365		wk
4.463138251252979	4.821128581949557 	-0.3579903306965777	16.301922912500714	12.11314375353036	4.629039988524225	8.015003340765675	-14.819392791495945	0	21	26.034973132309045	4.5	1	0.42857142857142855	6.54171156617246	-0.2400932736423965		wk
9.580185752377949	8.622167177140152 	0.9580185752377961	21.83465126630891	16.215213474752847	8.545871641918497	17.82714959720068	-13.288779624390413	0	9	23.950464380944872	4.5	1	0.42857142857142855	6.775440349726728	-0.14793082372853553		wk
4.908326547436402	4.672591155210895 	0.23573539222550632	11.860318148115546	9.473731968679113	4.007501668470926	8.015003335667245	-8.895238610143576	0	17	23.17820869622745	4	1	0.4	6.642075078134562	-0.12052609401753253		wk
2.5725159284246373	4.248349579172675 	-1.675833650748038	8.015003340765675	8.015003337366721	4.007501671657446	2.576780315723412	-6.0112525023877375	0	36	25.725159284246374	4.5	1	0.375	6.370771134820568	-0.22421326446623288		wk
5.06752939835068	6.659420459104918 	-1.5918910607542385	16.30193112926446	13.569061558524476	8.01500333821646	4.007501664009801	-6.0112525036623445	0	20	28.15294110194822	4.5	1	0.375	6.2893185262912	-0.3096931267342332		wk
5.841428845321869	5.585961935856924 	0.2554669094649453	12.022505004775477	10.863631570222552	4.98517397112953	6.011252503662346	-8.015003333118031	0	15	24.339286855507787	4	1	0.4117647058823529	6.262972074469475	-0.27644841872251685		wk
4.434161075866889	4.788888261610284 	-0.35472718574339446	9.970354518095059	9.020711077117044	4.272945289932743	4.007501667833623	-4.985176836174236	0	20	24.63422819926049	4	1	0.3888888888888889	6.161371463435998	-0.2807972391125656		wk
5.678465016969041	5.864482299174788 	-0.18601728220574643	12.022505007324693	9.527800676616666	6.50009456709895	7.037319211343253	-4.007501671657445	0	16	25.237622297640183	4	1	0.3888888888888889	6.13595533467458	-0.27580882032799614		wk
5.463640823648205	5.480752028620865 	-0.017111204972660055	12.022505007324693	9.350837227919204	6.191379227034288	4.0075016640098	-5.049864042472491	0	16	24.28284810510313	4	1	0.3888888888888889	6.102339609123261	-0.26287393956022936		wk
2.4363335363661034	4.723740740567247 	-2.2874072042011435	12.022505007324693	10.686671117621948	4.007501667833623	7.037308580765506	-10.686671115072734	0	40	27.070372626290037	4	1	0.3684210526315789	5.92776789137292	-0.35928028549551094		wk
7.845303013532051	7.191527762404381 	0.6537752511276702	16.30194122746546	12.410202575857896	8.015003335667245	4.538401649769397	-12.294439560906444	0	11	23.9717592080146	4	1	0.3684210526315789	6.014928578743789	-0.31323230655809364		wk
4.304723887976757	4.533997921766744 	-0.229274033789987	8.015003340765675	7.729153870001579	4.140227765022482	4.007501674206661	-6.679169449363455	0	20	23.915132710981982	4.5	1	0.35	5.940571853058266	-0.30958194687252377		wk
5.101645513046877	5.2475313589053645 	-0.14588584585848707	12.022505004775477	9.70477560597466	4.496360105865282	12.022505004775477	-8.545911315911182	0	17	24.091103811610253	4	1	0.38095238095238093	5.905616588891125	-0.3027612759969389		wk
4.9487875253376785	4.951172961700059 	-0.002385436362380311	9.970447994776798	8.66681822458631	5.0093770857479845	7.005252236334886	-6.679169451912671	0	18	24.743937626688393	4.5	1	0.36363636363636365	5.867343426348988	-0.29074624241155655		wk
3.9129660708393383	3.9433111398201457 	-0.030345068980807355	8.01500333821646	6.719243389502324	4.007501669108231	3.0056262518311723	-5.522388891755595	0	23	24.999505452584664	4.5	1	0.36363636363636365	5.792175066521693	-0.28073081266422006		wk
4.1992658025440885	4.480913162107478 	-0.28164735956338927	8.545920131754121	8.191975602729014	4.007501668470926	4.007501671657445	-6.679169448513716	0	21	24.495717181507185	5	1	0.34782608695652173	5.733178427115115	-0.28076475884567076		wk
5.234805516483619	5.322845811680672 	-0.08804029519705292	12.022505007324693	10.68667111677221	4.272961941471419	8.015003340765677	-7.0372626764745405	0	17	24.71991493895042	5	1	0.34782608695652173	5.715379394592562	-0.2738817422867916		wk
3.7246176976103533	3.8605116883556576 	-0.13589399074530428	8.545929927105911	7.182060114801619	4.00750166910823	4.538428257997681	-6.5421790938264035	0	23	23.7961686236217	5	1	0.34782608695652173	5.646732439524209	-0.26912354395777477		wk
5.218781422928607	5.332507698571228 	-0.11372627564262139	12.022505007324693	9.350837227919204	4.272966759363592	8.015003340765677	-8.015003338216463	0	17	24.644245608273977	5	1	0.34782608695652173	5.632467405637689	-0.2639436350139363		wk
2.840790932078497	3.3952680022606057 	-0.5544770701821085	5.930499734613832	5.615417127978947	4.007501670382838	4.2729661056873045	-4.985253522698513	0	23	18.14949762161262	5	1	0.34782608695652173	5.542413325845457	-0.2733156813096838		wk
