_avgSpeed	_exSpeed	 DiffAvgExpSpeed	 Max Speed	AvgTop3Speed	_speedMedian	_maxAcceleration	_maxDecceleration	Num Of Stops(including end/start point)	duration	distance	stopDurationMedianSoFar(while moving)	ratio Of Short Stop(while moving)	ratio Of Instant Stop(in short stop)	Avg of AvgSpeed	Avg of DiffAvgExp	label
6.061818844866864	6.6678370506758196 	-0.6060182058089554	14.104383664812076	10.103598139284303	8.103205376520418	2.675272170574805	-5.5379964146429455	0	15	25.2575785202786	0	1.1	1.1	6.061818844866864	-0.6060182058089554		wk
5.630516341844984	5.0919193987039515 	0.5385969431410329	10.018754170221358	7.347086392232104	6.0112525032374755	1.1131949075191268	-2.3377093057051925	0	13	20.33242012332911	0	1.1	1.1	5.846167593355924	-0.03371063133396124		wk
5.2598459400672475	4.34146014103257 	0.9183857990346773	7.013127920302098	5.899933012358102	5.343335558386103	0.7514065627984672	-0.8905559265251446	0	16	23.377093066965543	0	1.1	1.1	5.650727042259699	0.28365484545558495		wk
6.445883885237105	5.703270470095225 	0.7426134151418804	12.46279166793045	8.169616893789298	6.023029506718721	0.6738054465919947	-4.22764499941111	0	13	23.27680291891177	0	1.1	1.1	5.84951625300405	0.3983944878771588		wk
5.4750067320053954	4.857775831255703 	0.6172309007496928	8.015003336516983	6.916985207203017	6.367976142546034	0.4452779626677558	-1.492359933949175	0	17	25.854198456692146	0	1.1	1.1	5.7746143488043185	0.4421617704516656		wk
6.026429477673441	5.855655997851606 	0.17077347982183433	14.026255840604197	7.807541330468808	6.05678342697024	1.781111852795368	-3.9847362068169785	0	12	20.08809825891147	0	1.1	1.1	5.816583536949172	0.39693038868002706		wk
5.343335558131182	4.515118546668434 	0.8282170114627476	8.01500333736672	6.456530466188476	5.677294030599355	0.9618004005179959	-0.7124447413447442	0	15	22.263898158879925	0	1.1	1.1	5.748976682832316	0.4585427633632729		wk
4.758616999087197	3.96185200827088 	0.796764990816317	6.110878552727195	5.273714361997519	4.8551322666326815	0.19528131653142128	-0.7075871991217846	0	16	21.149408884831985	0	1.1	1.1	5.625181722364176	0.5008205417949034		wk
12.142437606264332	8.563794349739894 	3.5786432565244386	14.955453279646365	12.84569152460984	12.84569152460984	0	-4.219523510073051	0	3	10.118698005220276	0	1.1	1.1	6.349321265019749	0.8428008434315184		wk
