_avgSpeed	_exSpeed	 DiffAvgExpSpeed	 Max Speed	AvgTop3Speed	_speedMedian	_maxAcceleration	_maxDecceleration	Num Of Stops(including end/start point)	duration	distance	stopDurationMedianSoFar(while moving)	ratio Of Short Stop(while moving)	ratio Of Instant Stop(in short stop)	Avg of AvgSpeed	Avg of DiffAvgExp	label
23.744162030414756	28.241942752476824 	-4.497780722062068	49.53025432995025	47.013891263101385	32.196765092040486	13.462739313074614	-17.333489237909767	0	24	158.29441353609838	0	1.1	1.1	23.744162030414756	-4.497780722062068		dr
53.246367550368134	48.405788682152846 	4.840578868215289	56.46422758831633	56.36930116701105	53.73197257493429	5.911919747936011	-3.5629360159566943	0	10	147.90657652880037	0	1.1	1.1	38.495264790391445	0.17139907307661062		dr
9.872476468432286	27.567359365533704 	-17.69488289710142	48.10130169163806	47.76565505651754	29.912650514885136	7.63371659278954	-16.868498052051763	1	50	137.11772872822618	36	0	1.1	28.95433534973839	-5.784028250316066		dr
55.30580799967585	50.27800727243259 	5.02780072724326	70.41077627845208	63.78769072186759	54.76740310609037	9.644046969489281	-4.080543218320315	0	10	153.62724444354401	36	0	1.1	35.542203512222756	-3.0810710059262343		dr
68.55320915368331	59.9840580094729 	8.569151144210409	72.68107770425557	71.06074556971102	68.36452675844525	6.140221651395805	-5.595735700187234	0	7	133.29790668771756	36	0	1.1	42.14440464051487	-0.7510265758989056		dr
67.55502812692735	59.11064961106143 	8.444378515865921	72.13503003375128	69.46336225519552	68.12752836464304	4.007501669108223	-8.015003335667245	0	7	131.35699913569206	36	0	1.1	46.37950855491695	0.7815409393952321		dr
63.15350886414918	55.38013953070963 	7.773369333439554	68.12752836719226	66.81451835862956	62.18695466751652	8.01500333821646	-8.015003340765674	0	8	140.3411308092204	36	0	1.1	48.7757943133787	1.7803735671158496		dr
5.94484474994609	27.82359695980787 	-21.87875220986178	60.4041139837293	58.17948098015722	28.208660940449878	20.999649461495544	-20.037508340442717	0	90	148.62111874865224	56.5	0	1.1	43.42192561794962	-1.1770171550063542		dr
34.71851166025264	33.270842962134935 	1.4476686981177025	44.639503484232286	44.51933432606015	35.567405445899475	10.537810887778399	-5.927899962994211	0	15	144.66046525105264	56.5	0	1.1	42.454879622649955	-0.8853853935481256		dr
13.741937047607408	21.259322194003364 	-7.517385146395956	32.19672777967972	30.821799750343924	24.01357842039036	9.877643845077515	-6.264169736460939	1	40	152.6881894178601	36	0	1.1	39.5835853651457	-1.5485853688329088		dr
1.5178019460679018	13.659497002515419 	-12.141695056447517	24.76492794908367	23.295957419807106	13.68190840066835	1.8579505755553027	-7.603438835586996	0	345	145.45601983150726	36	0	1.1	36.12305959977499	-2.5115953404342366		dr
1.1566972257575154	4.254112312248012 	-3.0974150864904963	25.68749716195309	18.770995717343656	1.4089002039794507	3.95191260161432	-2.3052823487421117	0	507	162.9015259608501	50.5	0.125	0	33.209196068606865	-2.560413652605592		dr
20.90707731170223	15.035573653434014 	5.871503658268217	46.97202926614571	26.69160326908252	11.090081277789588	8.684350707845063	-0.987980660172035	0	24	139.3805154113482	50.5	0.125	0	32.26287924115266	-1.9118046286922217		dr
62.73855646444918	41.82570430963279 	20.91285215481639	64.40385762566058	62.73855646444918	62.73855646444918	1.1102007741409305	0	0	6	104.56426077408196	50.5	0.125	0	34.439713328530985	-0.2814720012987494		dr
69.90394717167823	46.602631447785484 	23.301315723892742	71.44346777536876	69.90394717167823	69.90394717167823	1.0263470691270271	0	0	6	116.5065786194637	50.5	0.125	0	36.803995584740804	1.29071384704735		dr
64.79843639379703	43.19895759586469 	21.599478797932342	66.48056246205986	64.79843639379703	64.79843639379703	0	-1.1214173788418857	0	6	107.99739398966173	50.5	0.125	0	38.553648135306815	2.560011656477662		dr
67.24198313675691	44.82798875783794 	22.41399437891897	68.54967096343242	67.24198313675691	67.24198313675691	0.8717918844503316	0	0	6	112.06997189459486	50.5	0.125	0	40.241197253039175	3.7278929930918565		dr
68.53250181831596	45.688334545543974 	22.84416727277199	70.89763140310451	68.53250181831596	68.53250181831596	0	-1.5767530565256986	0	6	114.22083636385993	50.5	0.125	0	41.81293639555455	4.789908230851864		dr
12.826240097300984	19.28544162286575 	-6.459201525564767	42.16529918701669	34.73681089045375	24.04954994966161	0	-5.019094376997135	0	30	106.88533414417486	50.5	0.125	0	40.28732080090963	4.1978498226194105		dr
44.546283331479	35.6370266651832 	8.909256666295803	48.61572203797729	45.56227393268881	44.03554988004457	2.3724701700425705	-1.683093998413142	0	12	148.48761110493	50.5	0.125	0	40.5002689274381	4.43342016480323		dr
63.17542707211239	42.11695138140826 	21.058475690704128	64.38303389554022	63.1754270721124	63.1754270721124	0	-0.8050712156185469	0	6	105.29237845352066	50.5	0.125	0	41.580038362898776	5.225089475560416		dr
64.71610437927582	43.14406958618387 	21.57203479309195	66.19815257071892	64.7161043792758	64.7161043792758	0	-0.988032127628737	0	6	107.8601739654597	50.5	0.125	0	42.63167772727956	5.968132444539122		dr
68.93794691170271	45.95863127446847 	22.979315637234237	69.13651461686429	68.93794691170271	68.93794691170271	0.13237847010771495	0	0	6	114.89657818617118	50.5	0.125	0	43.77542856138491	6.707749105091083		dr
64.14881435425748	42.76587623617166 	21.382938118085825	66.38401260709934	64.14881435425748	64.14881435425748	1.490132168561234	0	0	6	106.91469059042913	50.5	0.125	0	44.62431963608793	7.319215313965864		dr
64.38426144310336	42.9228409620689 	21.46142048103445	64.38435538638821	64.38426144310336	64.38426144310336	0.00006262885657311774	0	0	6	107.30710240517224	50.5	0.125	0	45.414717308368544	7.884903520648607		dr
7.895171858746707	21.44378671016574 	-13.548614851419032	54.81687143153739	42.178409372774766	29.56406536639111	4.220860037047198	-0.010088686157588149	1	54	118.4275778812006	50	0.1111111111111111	0	43.97165786799847	7.060537429415236		dr
67.13833916900974	44.758892779339824 	22.379446389669916	68.94559506842603	67.13833916900974	67.13833916900974	0	-1.2048372662775269	0	6	111.89723194834957	50	0.1111111111111111	0	44.829683101369255	7.627904427943187		dr
61.05185978503954	40.70123985669303 	20.35061992834651	61.341699428336725	61.05185978503954	61.05185978503954	0	-0.19322642886479002	0	6	101.75309964173258	50	0.1111111111111111	0	45.40904655435748	8.082287124386163		dr
61.68922880019515	41.12615253346343 	20.56307626673172	62.51656237239819	61.68922880019515	61.68922880019515	0	-0.5515557148020255	0	6	102.81538133365859	50	0.1111111111111111	0	45.97043214904154	8.51265916377739		dr
61.73174751955863	41.154498346372414 	20.577249173186217	65.3076798098311	61.731747519558624	61.731747519558624	0	-2.383954860181651	0	6	102.88624586593104	50	0.1111111111111111	0	46.495809328058776	8.914812164091016		dr
26.64748634103162	22.206238617526353 	4.441247723505267	40.36362009353355	31.909570078905773	27.118484650439356	3.0051734574439593	-4.415045147698064	0	15	111.03119308763175	50	0.1111111111111111	0	45.855540844606296	8.77050363374954		dr
45.75043655645568	36.600349245164544 	9.150087311291138	48.425554995936906	46.687667657378796	45.818723988099734	0	-0.79306060805866	0	12	152.5014551881856	50	0.1111111111111111	0	45.85225633560159	8.782365623672716		dr
53.23309160545733	39.924818704093006 	13.308272901364326	57.99556378211694	53.23309160545734	50.85561295501638	2.3799836090335185	0	0	9	133.08272901364333	50	0.1111111111111111	0	46.0759180104457	8.919514329057309		dr
54.84755393837309	41.13566545377982 	13.711888484593267	55.62601309383864	54.847553938373096	55.6133039058828	0	-0.7699863634949864	0	9	137.1188848459327	50	0.1111111111111111	0	46.33390730244356	9.060466510102485		dr
56.617777183076214	42.46333288730715 	14.15444429576906	58.342020356295386	56.61777718307621	56.64352799296885	0	-0.5919149310014878	0	9	141.54444295769053	50	0.1111111111111111	0	46.627732156175924	9.206008732550101		dr
55.58484330672888	41.68863248004666 	13.896210826682221	57.34854395296444	55.58484330672888	54.96415434257913	0.968904109440461	-0.7947965367951042	0	9	138.96210826682218	50	0.1111111111111111	0	46.87654079924684	9.336292124053772		dr
36.81664022316242	29.453312178529938 	7.363328044632485	53.418421782620264	41.39790036671158	35.38763965875724	0	-5.5835729416484865	0	12	122.72213407720807	50	0.1111111111111111	0	46.6046515944878	9.2829687705559		dr
17.54924132226076	18.959320012895834 	-1.4100786906350748	33.52719399295968	32.147577504322506	25.380843901802905	3.4738783464642137e-7	-2.6716677794054853	0	27	131.61930991695567	50	0.1111111111111111	0	45.840035534692355	9.001572784735083		dr
39.422270645739	31.537816516591203 	7.8844541291477945	41.45799662627859	40.53600999941545	40.075016685983876	1.7765993303256546	-0.9062712766658194	0	12	131.40756881912998	50	0.1111111111111111	0	45.67547746061663	8.972928716643102		dr
28.326682884662848	24.280013901139586 	4.046668983523261	30.866908526546343	30.369783132689957	28.094848118204006	0.4513694055391018	-0.9065974091513193	0	18	141.63341442331424	50	0.1111111111111111	0	45.24175759621778	8.849772223315107		dr
8.559019425735473	13.584020322734297 	-5.025000896998824	25.400079560129907	24.496699861160167	18.14309698819544	1.7486904030074715	-3.5622237053074897	1	60	142.65032376225787	47.5	0.1	0	44.347056665230404	8.511363122819644		dr
28.64814927613537	25.067130616618453 	3.581018659516918	56.24414489669613	40.566668494261144	22.70917612239742	5.7886135211954866	-1.7887251750035666	0	21	167.11420411078967	47.5	0.1	0	43.97327315596624	8.393973968931485		dr
56.553135697913895	42.414851773435416 	14.138283924478479	57.44936037315677	56.55313569791389	57.44085724957032	0.8933903007140694	-0.002834374528816852	0	9	141.38283924478472	47.5	0.1	0	44.26582809880223	8.527562572548856		dr
49.06391519554607	36.79793639665955 	12.265978798886522	52.10689715482311	49.063915195546066	49.907783829095195	0	-1.5769064087917617	0	9	122.65978798886518	47.5	0.1	0	44.37487553281914	8.612526577692893		dr
43.837945516890336	32.87845913766776 	10.959486379222575	50.4045230786831	43.83794551689035	46.281371530234885	0	-3.817809862827277	0	9	109.59486379222585	47.5	0.1	0	44.362943754687386	8.66468123994911		dr
28.291512212309293	24.249867610550826 	4.041644601758467	36.57269744221734	33.018613209851644	30.705583313372877	4.826112930731668	-5.160443414563002	0	18	141.45756106154647	47.5	0.1	0	44.01356480811395	8.564180443466705		dr
