_avgSpeed	_exSpeed	 DiffAvgExpSpeed	 Max Speed	AvgTop3Speed	_speedMedian	_maxAcceleration	_maxDecceleration	Num Of Stops(including end/start point)	duration	distance	stopDurationMedianSoFar(while moving)	ratio Of Short Stop(while moving)	ratio Of Instant Stop(in short stop)	Avg of AvgSpeed	Avg of DiffAvgExp	label
22.52124845293771	20.47386222994337 	2.047386222994337	29.90944977818544	28.870937139418444	23.115073054171752	9.729107873745292	-5.925845608467515	0	10	62.55902348038252	0	1.1	1.1	22.52124845293771	2.047386222994337		bus
21.941122453968138	19.74701020857133 	2.194112245396809	31.7281678720189	30.567786523276755	25.637214772617735	3.4811286561791484	-9.33536173411596	0	9	54.85280613492035	0	1.1	1.1	22.231185453452923	2.120749234195573		bus
1.7267907684526063	2.770490838283783 	-1.0437000698311767	8.01500333821646	5.540981676567566	0.5929383558189928	4.007501667833623	-8.01500333821646	0	11	5.276305125827408	0	1.1	1.1	15.396387225119485	1.0659327995199899		bus
10.765782633303369	12.431622672651446 	-1.665840039348078	37.14795593543115	16.575496896868597	11.242700865471894	6.476313767489813	0	1	8	23.92396140734082	7	1	0	14.238736077165456	0.38298958980297293		bus
39.232319021554886	35.30908711939939 	3.923231902155493	48.723290959216655	44.7599302533325	38.19082005269148	13.402136893703869	-8.524380405115657	0	9	98.08079755388722	7	1	0	19.237452666043342	1.0910380522734768		bus
24.214274099692194	21.792846689722975 	2.421427409969219	36.73535819141619	35.61314114160035	23.984142213562443	2.810141833687389	-9.384581847471338	0	9	60.53568524923048	7	1	0	20.066922904984818	1.3127696118894339		bus
3.6620081100013593	3.9344616812692945 	-0.27245357126793524	8.894284298157059	8.661937413729413	4.007501669108231	4.538262058052088	-7.063384187302435	0	9	9.155020275003398	6	1	0	17.723363648558607	1.086309157152667		bus
14.52818246092024	10.896136845690181 	3.6320456152300586	26.6828613615043	24.883744718205495	18.251021364758884	12.517860610904956	0	1	6	24.213637434867067	5	1	0	17.323966000103812	1.404526214412341		bus
10.887992954384437	10.665353972767312 	0.22263898161712525	20.896437208266793	19.5123283636644	12.662953499573904	17.931672481346983	-12.391204206923234	1	9	27.219982385961092	5	1	0	16.60885788391277	1.273205410768428		bus
8.573300909158556	3.322832377069559 	5.2504685320889966	8.96662171393162	4.9842485656043385	4.9842485656043385	1.9911865741636405	0	1	81	192.89927045606748	5	1	0	15.805302186437348	1.670931722900485		bus
35.07145060870951	31.564305547838565 	3.507145060870947	45.18824090871746	43.310995733480496	34.89489000008814	13.656409880700409	-14.823920103402784	0	9	87.67862652177378	5	1	0	17.556770224825726	1.8378602081705269		bus
22.337250651993276	20.10352558679395 	2.2337250651993266	38.99510019879317	34.19987975701215	24.045010009550946	12.022505002226254	-19.060005851544606	0	9	55.84312662998319	5	1	0	17.955143593756357	1.8708489462562603		bus
7.372074953503572	6.634867458153215 	0.7372074953503569	16.03000667643292	13.59845794665331	8.545790174783503	8.545790174783503	-12.022505007324693	1	9	18.43018738375893	5	1	0	17.14106139065999	1.7836457577250369		bus
9.08571751745766	8.169102378977929 	0.916615138479731	20.896475937210084	16.678137655395528	8.54579017347489	20.896475937210084	-14.966810007556791	1	10	25.238104215160163	4.5	1	0.25	16.565679685431252	1.7217149992075151		bus
12.800322504093899	11.520290253684509 	1.2800322504093895	24.925073965225582	22.772894790673664	14.824204814507462	17.463190575633305	-12.022505002226259	1	9	32.00080626023475	4	1	0.4	16.314655873342094	1.6922694826209734		bus
30.870300748116392	27.783270673304752 	3.08703007481164	38.995222742073324	36.95612463914667	29.910139974782236	8.53885101407354	-13.357810092510814	0	9	77.17575187029098	4	1	0.4	17.22438367801549	1.7794420196328902		bus
14.679555522416035	13.211599970174433 	1.4679555522416017	25.637416565463326	21.964253121415734	12.382697832892788	4.367693596664246	-10.317372038713184	0	9	36.69888880604009	4	1	0.4	17.074687904156697	1.761119286256932		bus
18.60804834425133	16.7472435098262 	1.8608048344251316	32.60378968134593	28.753262775588027	17.091632924788417	20.219613607988357	-16.573783007462225	0	9	46.520120860628325	4	1	0.4	17.159874595273063	1.7666573722662764		bus
33.86216391914247	30.475947527228225 	3.3862163919142425	41.05025753593617	39.95040156109917	35.78527074790268	6.8034319630220566	-16.417681719020656	0	9	84.65540979785617	4	1	0.4	18.038942454424085	1.8518973206688012		bus
32.35797426548944	29.122176838940504 	3.2357974265489347	47.43905912033357	43.61512306773226	29.919012017729443	5.929880504949081	-14.82470126803023	0	9	80.8949356637236	4	1	0.4	18.754894044977352	1.9210923259628079		bus
11.280699311485018	10.152629380336515 	1.1280699311485023	36.66493020981491	20.20379649489155	7.157069747706632	29.50786046210828	-6.043344113043653	0	9	28.201748278712543	4	1	0.4	18.398980010049144	1.8833293547811742		bus
33.395061231408434	30.055555108267594 	3.33950612314084	41.70240630213059	38.78250065249604	35.57949762214459	9.551438011585645	-14.222522901400794	0	9	83.48765307852109	4	1	0.4	19.080620065565476	1.949519207888432		bus
6.270088716181196	5.643079844563077 	0.6270088716181181	18.235489367892665	14.857001807400252	2.964949198872574	12.305593797306766	-15.270541113921128	0	9	15.675221790452989	4	1	0.4	18.523640441679202	1.8920187584853747		bus
2.48101734218086	2.131064596992433 	0.349952745188427	4.77138424883657	4.262129193984866	4.007501666559015	2.0037508332795073	-4.007501666559015	0	9	6.20254335545215	4	1	0.4	17.855197812533437	1.8277660079313351		bus
7.05484654480117	5.623064431255487 	1.4317821135456832	10.018754171495967	8.43459664688323	8.43459664688323	0	-1.5841575246127362	0	31	60.750067469121184	4	1	0.4	17.42318376182415	1.8119266521559092		bus
29.02773261741459	26.124959355673134 	2.902773261741455	48.090020021651114	38.9204519582209	28.052511681208394	27.834334064093127	-20.03750834044272	0	9	72.56933154353646	4	1	0.4	17.869512563962243	1.8538822909861226		bus
13.779157709450876	12.401241938505791 	1.3779157709450853	20.03750834554115	19.055572508324673	14.955351682308587	6.409499141711763	-15.052393358380122	0	9	34.44789427362719	4	1	0.4	17.71801793972108	1.8362539013549732		bus
1.4372502708457942	1.3548886756794654 	0.0823615951663288	4.985117505812158	2.7097773513589307	1.4825087129939156	4.985117505812158	-0.5539019450902397	0	9	3.593125677114485	4	1	0.4	17.136561951546962	1.7736148904196642		bus
30.330439862317256	27.297395876085524 	3.033043986231732	44.18212213215694	38.772384055302744	28.052511681208394	16.129610450948547	-8.114607115281302	0	9	75.82609965579313	4	1	0.4	17.591523258814902	1.8170434799304254		bus
32.09257832841628	28.883320495574658 	3.2092578328416224	44.082518352542884	38.78478928734193	32.06001334776741	8.15182281394809	-12.02250500222626	0	9	80.23144582104071	4	1	0.4	18.07489176113495	1.8634506250274652		bus
4.567638785162513	4.402911281301715 	0.16472750386079849	20.255703450291556	10.390352421562376	3.486298366140561	4.007501666559015	-14.325513322619608	0	9	11.419096962906282	4	1	0.4	17.639173923200357	1.8086531049898307		bus
13.559583664943275	12.669027738616405 	0.8905559263268703	28.20878009308891	24.18774099530347	10.710259158685343	20.03750834044272	-11.75058046449686	0	9	33.89895916235819	4	1	0.4	17.511686727629822	1.7799625681566131		bus
20.54084359927304	18.486759239345737 	2.0540843599273018	28.208781131731886	26.061519737291913	20.03750834554115	8.171272788739952	-9.40400240573067	0	9	51.3521089981826	4	1	0.4	17.603479360103858	1.7882692891193612		bus
34.83876172543685	31.354885552893165 	3.483876172543681	41.51187108031535	39.87918776365132	35.58160379282872	6.754732393046069	-6.138024717877265	0	9	87.09690431359212	4	1	0.4	18.110399429672473	1.8381400798083118		bus
19.60446836009491	17.644021524085414 	1.9604468360094955	29.920937863860445	27.876501476124286	18.23658006016363	5.930270114432933	-12.306310014086705	0	9	49.01117090023727	4	1	0.4	18.15308711339883	1.841634558556917		bus
3.845826945903525	3.6606833950432347 	0.18514355086029033	12.382756425986157	9.91690035135697	2.8486312272532106	12.382756425986157	-12.382756313314866	0	11	11.75113789026077	4.5	1	0.3333333333333333	17.75566321985729	1.7956209194542327		bus
6.599995592998406	6.323040779910749 	0.2769548130876567	17.790801896415466	13.8372903613639	4.968884483956748	8.8954009519799	-2.965133653174794	0	9	16.499988982496014	5	1	0.2857142857142857	17.454158689401645	1.7545758895524335		bus
27.254335557074338	24.5289020013669 	2.7254335557074363	33.586823908037026	31.355716130200538	26.68621131037033	5.9302673025765635	-6.900612597666697	0	9	68.13583889268584	5	1	0.2857142857142857	17.712058080656192	1.780124775503881		bus
9.749789470857051	8.774810523771347 	0.9749789470857042	15.357758715226348	14.014656675199198	8.895403771381249	5.930269180920819	-8.200373175323563	0	9	24.37447367714263	5	1	0.2857142857142857	17.507897347071598	1.7594800106726456		bus
13.127427753415287	15.907461204892996 	-2.78003345147771	23.947297191468493	23.01128346669974	19.51285226624876	8.589557516928163	-10.415835717236371	0	14	51.05110792994834	5	1	0.2857142857142857	17.39838560723019	1.6459921741188868		bus
11.784760876880561	10.606284789192504 	1.1784760876880576	44.9710550408604	26.98425285382632	7.157352787198706	18.745748694493887	-35.21465786660835	1	9	29.4619021922014	5	1	0.2857142857142857	17.2614679308802	1.634589342742525		bus
3.2209070287489254	3.4289982398554284 	-0.20809121110650297	7.157352790324235	6.339270699745221	4.211408755413389	2.965114826284786	-3.437641798084649	0	9	8.052267571872314	4.5	1	0.25	16.927168861781837	1.59071599622231		bus
15.525038661826422	13.972534795643778 	1.5525038661826436	21.92323662231464	19.115901979771884	16.888174252924543	8.375249458772883	-1.5305502828935023	0	9	38.81259665456606	4.5	1	0.25	16.894561182713105	1.589827342035341		bus
14.193971323134448	12.774574190821003 	1.4193971323134456	23.720805693445403	20.183201580389635	14.95549021793572	14.955485740054486	-9.970327373252704	0	9	35.48492830783612	4.5	1	0.25	16.833184140449955	1.5859539281780253		bus
30.274662383948957	24.219729907159167 	6.054932476789791	41.746424766210254	34.66896439629634	31.130234211339385	14.038492386029592	-10.6162050764679	0	4	33.63851375994329	4.5	1	0.25	17.131883656972153	1.68526456259162		bus
