_avgSpeed	_exSpeed	 DiffAvgExpSpeed	 Max Speed	AvgTop3Speed	_speedMedian	_maxAcceleration	_maxDecceleration	Num Of Stops(including end/start point)	duration	distance	stopDurationMedianSoFar(while moving)	ratio Of Short Stop(while moving)	ratio Of Instant Stop(in short stop)	Avg of AvgSpeed	Avg of DiffAvgExp	label
47.37195905242665	35.52896928931998 	11.842989763106665	48.181351990295056	47.37195905242664	48.13063294025104	0	-0.7755802378390655	0	9	118.42989763106661	0	1.1	1.1	47.37195905242665	11.842989763106665		bus
14.758736697294431	12.739807678752918 	2.018929018541513	32.196843524073415	16.986410238337225	10.686671116772207	0	-7.170057469100403	0	12	49.195788990981434	0	1.1	1.1	31.06534787486054	6.930959390824089		bus
24.05142247132378	18.03856685349284 	6.01285561783094	26.716677790655915	24.05142247132378	25.400081281173236	1.7875243130103478	-2.2263898161712405	0	9	60.12855617830945	0	1.1	1.1	28.727372740348287	6.624924799826373		bus
16.96353604546361	12.722652034097706 	4.240884011365903	22.746879862707708	16.96353604546361	21.46455882601914	4.9284631261183875	0	0	9	42.408840113659025	0	1.1	1.1	25.786413566627118	6.0289146027112555		bus
7.936603134244921	7.689510584639921 	0.24709254960500004	17.840759919288804	10.252680779519894	11.928912220850874	0	-3.6468473408102895	1	12	26.455343780816403	0	1.1	1.1	22.216451480150678	4.872550192090005		bus
6.903192974216772	4.602128649477848 	2.301064324738924	8.864537313402304	6.903192974216772	6.903192974216772	1.3075628927903544	0	0	6	11.50532162369462	0	1.1	1.1	19.66424172916169	4.443969214198158		bus
14.922459323606297	11.191844492704721 	3.730614830901576	17.477982743042766	14.922459323606297	15.04366330848674	0.9326437963991197	0	0	9	37.30614830901574	0	1.1	1.1	18.986844242653778	4.342061445155789		bus
28.05831353689342	21.043735152670063 	7.014578384223356	30.724179458914406	28.05831353689342	28.069917251662414	1.7811118529369925	-0.8847540690839976	0	9	70.14578384223354	0	1.1	1.1	20.120777904433734	4.676126062539234		bus
0.09883498077557025	0.3294499359185675 	-0.2306149551429973	0.9883498077557026	0.4941749038778513	0.4941749038778513	0	-0.3294499359185675	0	30	0.8236248397964188	0	1.1	1.1	17.896117579582825	4.130932616130098		bus
