_avgSpeed	_exSpeed	 DiffAvgExpSpeed	 Max Speed	AvgTop3Speed	_speedMedian	_maxAcceleration	_maxDecceleration	Num Of Stops(including end/start point)	duration	distance	stopDurationMedianSoFar(while moving)	ratio Of Short Stop(while moving)	ratio Of Instant Stop(in short stop)	Avg of AvgSpeed	Avg of DiffAvgExp	label
45.1968801083393	40.67719209750537 	4.5196880108339315	56.10502335986757	54.76918947016483	49.53103900319341	15.593601647332939	-9.019617290658779	0	9	112.99220027084824	0	1.1	1.1	45.1968801083393	4.5196880108339315		dr
42.14122840944466	37.45886969728414 	4.682358712160514	48.18134382525127	45.515198502624735	44.132321836917626	3.8979602949955563	-8.015003335667245	0	8	93.64717424321034	0	1.1	1.1	43.669054258891975	4.601023361497223		dr
9.659773681385987	15.369351211311667 	-5.70957752992568	36.1891862801059	34.77223821576605	16.16596432282151	8.015003335667245	-19.887264308346584	1	34	91.23119587975654	20	0	1.1	32.332627399723314	1.1641563976895888		dr
36.161332943319444	32.87393903938132 	3.287393903938124	44.082518352542884	41.55630486640237	36.18918122969772	4.3221975624754805	-8.136671902449237	0	10	100.44814706477624	20	0	1.1	33.28980378562235	1.6949657742517226		dr
40.591162343207195	35.08084754898 	5.510314794227192	48.09002002420033	44.08251835551696	40.075016683434654	8.015003336941845	-4.0075016665590155	0	8	90.20258298490488	20	0	1.1	34.75007549713932	2.4580355782468164		dr
36.68938768471456	33.0204489162431 	3.668938768471463	44.082518352542884	41.41085057483687	36.18917455973151	7.893343792811372	-7.471219297590501	0	9	91.7234692117864	20	0	1.1	35.07329419506852	2.659852776617591		dr
7.323082716115268	16.084473936983624 	-8.761391220868356	36.06751501687564	32.12071479717273	18.033757508437816	16.030006676432922	-24.045010009550946	1	47	95.60691323817156	25	0	1.1	31.108978269503773	1.0282464912624556		dr
43.2895126252653	38.4795667780136 	4.809945847251704	56.417504541089706	49.65141397908641	40.51132969034403	7.963285497463048	-16.342487852556623	0	8	96.198916945034	25	0	1.1	32.63154506397396	1.5009589107611117		dr
48.71847923587967	42.62866933139472 	6.089809904484952	60.11252503152502	54.799624049751856	48.18132300265249	7.9236996020046035	-16.030006678982133	0	7	94.73037629198825	25	0	1.1	34.4189821941857	2.010831243397094		dr
55.54578318007066	47.61067129720342 	7.93511188286724	60.18559142694611	58.85149452777254	56.144162380784834	7.751719512190284	-7.923703137384649	0	6	92.57630530011775	25	0	1.1	36.5316622927742	2.6032593073441084		dr
49.392182738840766	43.21815989648567 	6.174022842355093	54.16538597104462	51.920877978433886	50.32278953237346	9.68587920828876	-5.6247111175643525	0	7	96.0403553255237	25	0	1.1	37.70080051514389	2.9278741741632888		dr
53.18789209394744	45.589621794812096 	7.5982702991353435	58.03020003032709	56.043743467512854	54.60790833184792	7.707427828856616	-11.522157478850879	0	6	88.64648682324574	25	0	1.1	38.99139148004418	3.3170738512442934		dr
39.377584102006345	35.002296979561194 	4.375287122445151	54.16527392079317	52.62035504398461	41.10063815576552	0	-9.098030526583436	0	8	87.50574244890299	25	0	1.1	39.0210986048105	3.398474872105898		dr
43.16117969065406	38.36549305835916 	4.7956866322949026	75.41726273574717	57.598612791930066	41.65521691137926	22.531123452320976	-2.567492511193464	0	8	95.91373264589791	25	0	1.1	39.31681868237075	3.498275712119398		dr
46.053644327704774	40.29693878674168 	5.756705540963097	50.55366770279171	48.47244560494064	46.08841941892276	5.836031918109221	-7.614503337112886	0	7	89.54875285942595	25	0	1.1	39.76594039205968	3.6488377007089783		dr
43.60887430256416	38.76344382450148 	4.845430478062681	50.55399060235122	47.35620023748009	43.965487937424015	7.0682951210081555	-11.533599294728184	0	8	96.90860956125368	25	0	1.1	40.00612376146621	3.7236247492935846		dr
37.59481093174012	33.83532983856611 	3.75948109317401	43.4381879993255	42.872548559714666	39.02064875180011	4.417631934438802	-6.897037306238133	0	9	93.9870273293503	25	0	1.1	39.864281830305856	3.7257339459924332		dr
18.598637237604045	18.41030413184797 	0.18833310575607598	36.735032472794494	32.80227410731453	19.670795620517282	12.902065169190463	-12.407008068989638	0	19	98.15947430957691	25	0	1.1	38.68285713071131	3.5292116770904136		dr
43.59703904114418	38.752923592128155 	4.844115449016023	52.44556561176162	50.85336099379998	44.18302825944291	7.019263011892242	-2.242690873495647	0	8	96.88230898032039	25	0	1.1	38.94149828389199	3.598417138770709		dr
55.3158580871439	47.41359264612334 	7.90226544102056	57.257549659281196	57.25419147093451	56.180567594444994	4.807216793370742	-2.6633272287383747	0	6	92.1930968119065	25	0	1.1	39.76021627405458	3.8136095538832016		dr
58.818239238055526	50.41563363261902 	8.402605605436506	61.97473037685069	60.38425307871311	58.4206474677466	4.722504980884786	-4.722611034352411	0	6	98.03039873009254	25	0	1.1	40.66774117710224	4.03213317538574		dr
54.44761522765178	46.669384480844386 	7.778230746807395	57.25201952295132	56.44162308558817	54.82085721653341	2.3492975542615966	-4.725489184248765	0	6	90.74602537941963	25	0	1.1	41.29409908849086	4.202410337723088		dr
26.209849105942535	25.803396002231935 	0.40645310371060006	47.667979432519694	45.284164871183236	26.793515455654397	5.92911813237197	-15.061946276987955	0	12	87.36616368647512	25	0	1.1	40.63826213272789	4.03736871885298		dr
41.746243203816626	28.55524518192994 	13.190998021886685	42.101654458130504	38.073660242573254	36.33711625640972	6.3194444449509675	-0.5549062432301852	0	34	394.2700747027126	25	0	1.1	40.68442801068992	4.418769939812718		dr
8.131880541899186	13.811981015488888 	-5.680100473589702	29.90932214982882	29.355174033599766	12.022505004775477	21.015428934792645	-13.607449110494983	1	23	51.95368123991147	25	0	1.1	39.38232611193829	4.0148151232766205		dr
