_avgSpeed	_exSpeed	 DiffAvgExpSpeed	 Max Speed	AvgTop3Speed	_speedMedian	_maxAcceleration	_maxDecceleration	Num Of Stops(including end/start point)	duration	distance	stopDurationMedianSoFar(while moving)	ratio Of Short Stop(while moving)	ratio Of Instant Stop(in short stop)	Avg of AvgSpeed	Avg of DiffAvgExp	label
30.131619334521698	27.813802462635405 	2.3178168718862935	52.181841081621954	46.81881100714052	32.43087662336412	15.992637683962805	-4.091821057421626	0	12	100.43873111507231	0	1.1	1.1	30.131619334521698	2.3178168718862935		dr
49.96532663274753	43.71966080365409 	6.24566582909344	56.41758862175037	53.649696362511925	48.454308308438456	4.098832301423123	-8.351460419933979	0	7	97.15480178589796	0	1.1	1.1	40.04847298363461	4.281741350489867		dr
53.47350821111626	45.83443560952823 	7.639072601588033	56.18332459294298	56.15722385088305	54.143429680752774	8.093304571291867	-8.01500333821646	0	6	89.12251368519377	0	1.1	1.1	44.523484726128494	5.400851767522589		dr
41.14224768997072	36.57088683552953 	4.571360854441195	52.18183493216349	49.514842327960544	44.13232313174248	4.107111227507417	-15.873736775678527	0	8	91.42721708882382	0	1.1	1.1	43.678175467089055	5.1934790392522405		dr
20.1218829090952	19.888050974840304 	0.23383193425489424	40.18455729371907	40.11153022274534	20.896630299769498	7.8781803120617155	-12.022504999677045	1	17	95.02000262628287	6	1	0	38.966916955490284	4.201549618252772		dr
13.155701617164304	16.0292081722212 	-2.8735065550568955	36.189186203309674	36.10807207902031	16.030006673883705	8.01500333821646	-12.022505002226254	1	25	91.35903900808545	9	0.5	0	34.66504773243596	3.022373589367827		dr
23.8656807647596	22.274635380442295 	1.5910453843173045	36.189182694395086	33.482008378827366	26.139820448613193	16.03000667643292	-11.962053478377094	0	14	92.81098075184288	9	0.5	0	33.1222810227679	2.8178981315034664		dr
21.06356699228032	21.536053137808395 	-0.4724861455280731	36.18917937916116	36.108069804304144	24.227123461799543	12.022505012423121	-8.136667697952767	0	17	99.46684413021264	9	0.5	0	31.614941768956957	2.406600096874524		dr
42.64178532629652	37.90380917893024 	4.7379761473662825	48.09002002420033	45.583899172147675	44.08251835381749	4.107097709497673	-8.01500333821646	0	8	94.75952294732559	9	0.5	0	32.84014660866135	2.665641880262497		dr
33.37552304638333	30.766432092415034 	2.6090909539682947	44.082518352542884	42.78319335873283	32.19681479680104	8.015003333118031	-17.99160881285998	0	10	92.70978623995369	9	0.5	0	32.893684252433545	2.659986787633077		dr
43.68524410400934	38.83132809245276 	4.853916011556585	52.181816084983986	46.84867698241851	44.0825183550921	11.670487498257813	-7.999709363096272	0	8	97.07832023113187	9	0.5	0	33.87473514803135	2.8594348988988503		dr
25.505573810153642	23.805202222810067 	1.7003715873435752	44.0825183550921	36.158712284348745	28.05251167865918	11.885711969790378	-8.015003340765674	0	14	99.18834259504195	9	0.5	0	33.17730503654154	2.7628462896025776		dr
40.17205018138844	35.70848905012306 	4.463561131265379	48.18132193121932	48.15088773047256	44.13727607298948	0.09130190956820883	-12.022505004775475	0	8	89.27122262530764	9	0.5	0	33.715362355375916	2.8936705081920238		dr
17.627438262059396	16.82619106832942 	0.8012471937299779	38.54125012758736	34.75184358315993	12.022505007324693	6.312814981804795	-9.139442967331213	0	21	102.82672319534647	9	0.5	0	32.56622492013902	2.744211700016163		dr
30.395758314196836	28.057623059258617 	2.3381352549382193	58.03023669455476	51.334252724443964	30.496659729440225	17.814757106939297	-12.380504052576676	0	12	101.31919438065611	9	0.5	0	32.421527146409545	2.717139937010967		dr
52.26325864586369	44.79707883931172 	7.466179806551963	58.03018500432436	54.467834014187126	50.32276804385286	4.72778095053129	-7.707448151664252	0	6	87.10543107643947	9	0.5	0	33.66163536512543	3.013954928857279		dr
18.80033796848619	18.56460257611073 	0.23573539237546015	41.792717111722965	40.269909506947506	20.097551297492053	11.709921409377994	-17.070594804805033	0	17	88.77937374007367	9	0.5	0	32.78744140061723	2.8505302502407015		dr
44.24884468116485	39.33230638325764 	4.916538297907209	55.84044052280685	54.06682759255716	48.22155904712565	8.893780267833208	0	0	8	98.3307659581441	9	0.5	0	33.42418602731433	2.965308475111063		dr
55.70864856780711	47.75027020097752 	7.958378366829592	58.53023939972216	57.35028500333379	55.84066798566391	4.49956758091983	-5.349949618286473	0	6	92.84774761301185	9	0.5	0	34.59705247681395	3.228101627306775		dr
50.68815451019845	44.35213519642364 	6.336019313774813	51.492759135630905	50.86700866692843	50.55407753730095	0.9388244175950433	-0.9387561083933136	0	7	98.56030043649699	9	0.5	0	35.40160757848317	3.383497511630177		dr
35.12866656969737	31.615799912727635 	3.512866656969738	46.08884662919637	44.67341418260927	36.3381104898072	0.000013083672754987674	-11.954142334474586	0	9	87.82166642424342	9	0.5	0	35.388610387588606	3.389657947122537		dr
21.331814510758033	20.146713704604807 	1.1851008061532262	38.190608824892806	34.26986880774559	24.924579965812605	11.045081445762317	-9.568993738913717	0	17	100.73356852302405	9	0.5	0	34.749665120459944	3.2894508043512047		dr
52.859078988769454	46.25169411517328 	6.607384873596175	61.97532894673564	58.82862328479604	54.821733349534	9.58875797168487	-2.4360082041212507	0	7	102.78154247816283	9	0.5	0	35.537030940821225	3.433708807361856		dr
61.67180315612684	52.86154556239443 	8.810257593732409	69.12919378238117	64.45262123187698	61.97515002564391	6.875703174108921	-2.3859534672507294	0	6	102.78633859354473	9	0.5	0	36.62597978312563	3.657731673460629		dr
69.63445959042541	58.028716325354516 	11.605743265070892	71.56515696996456	70.76930922005698	69.21601925587059	4.791203336768248	-2.4363347755759435	0	5	96.71452720892418	9	0.5	0	37.94631897541762	3.975652137125039		dr
64.37498766031574	53.64582305026311 	10.729164610052628	66.73513489387678	65.9594783135366	64.40829385528427	4.819691307089585	-7.1466001645090955	0	5	89.40970508377185	9	0.5	0	38.96280623252908	4.235402616853023		dr
51.06632005106571	44.6830300446825 	6.383290006383206	56.0784118637362	54.7326053616373	51.27411411815001	8.542576556012321	-7.459835942635792	0	7	99.29562232151666	9	0.5	0	39.41108452210452	4.314954001650438		dr
63.67372899866944	53.06144083222452 	10.61228816644492	68.06613912780423	65.60008516385666	62.12594838757414	8.124606957757173	-6.439281796074134	0	5	88.43573472037421	9	0.5	0	40.277607539124695	4.53985879325024		dr
65.52457710052627	54.603814250438546 	10.920762850087726	66.60806122595994	66.0061281576813	64.80236876962478	1.8055857078344104	-1.8056924563351657	0	5	91.00635708406425	9	0.5	0	41.148192696414405	4.759889967623947		dr
66.48612534027916	55.40510445023262 	11.081020890046538	69.78690970113584	67.6089026240122	66.4321721438873	0.17545388312616694	-3.3547375572485407	0	5	92.34184075038772	9	0.5	0	41.9927904512099	4.9705943317047		dr
65.65228154583438	54.71023462152865 	10.942046924305735	68.49373443154529	67.5485724262405	66.60730988918945	3.085354416889956	-5.450937979835857	0	5	91.18372436921442	9	0.5	0	42.75599984135907	5.16322183469183		dr
64.700703011533	53.91725250961084 	10.783450501922154	69.65807894780868	66.26550623212722	64.3862404862705	2.292695332929064	-7.564533794467245	0	5	89.86208751601805	9	0.5	0	43.44177181542701	5.338853980542778		dr
65.57081818717768	54.642348489314735 	10.928469697862944	69.21251194272412	66.23882857061197	64.75195654446098	0.3660761865311173	-4.460494718073335	0	5	91.07058081552455	9	0.5	0	44.11234897820733	5.508236275007025		dr
67.09857925497543	55.91548271247953 	11.183096542495903	69.6573264171716	68.0514157701151	66.95322625043036	3.158205681392431	-5.27183745582073	0	5	93.19247118746588	9	0.5	0	44.788414574582866	5.675143929933169		dr
65.49347931942263	52.589444682125055 	12.904034637297578	69.65688646380765	66.18740347330383	64.4526619780519	5.271735694191648	-5.2718734730938195	0	5	90.96316572142031	9	0.5	0	45.37998785300686	5.8816836644292945		dr
65.46683545525583	54.555696212713194 	10.911139242542639	66.95264807947176	66.95254167953266	66.95245535546171	2.5678405465359333	-4.8605841749091425	0	5	90.92616035452198	9	0.5	0	45.93795584195822	6.021390763821333		dr
64.05402892736466	53.378357439470555 	10.6756714878941	66.95201570116701	65.3622548981864	64.38415497232761	2.658843648331427	-2.658964451533734	0	5	88.96392906578424	9	0.5	0	46.4275794388611	6.147182134742218		dr
66.55626507914563	55.46355423262137 	11.092710846524263	67.54244131521996	67.14861745593305	66.95167239882021	2.5678717758169682	-3.158574437277963	0	5	92.43925705436894	9	0.5	0	46.9572816925528	6.277327627157535		dr
70.07638351984147	58.396986266534554 	11.679397253306917	73.46466104056239	72.13205884079558	70.45151755052802	4.956857062491011	-7.970000552525377	0	5	97.32831044422426	9	0.5	0	47.550079175303786	6.415842232956237		dr
64.46029663166934	53.71691385972445 	10.743382771944887	65.5844319035828	65.27607797748378	64.74949624594944	2.2924177186393493	-3.403890029291084	0	5	89.5281897662074	9	0.5	0	47.972834611712926	6.524030746430954		dr
61.93810297368791	51.6150858114066 	10.32301716228131	64.27710209487594	63.30656485952988	62.24608337537858	2.9640992160715243	-4.114524949028031	0	5	86.025143019011	9	0.5	0	48.31345091322451	6.616688951695597		dr
61.607059433789395	51.3392161948245 	10.267843238964893	66.95078704367057	63.94550905472213	61.967839769399674	7.2079756951652385	-4.982947274270899	0	5	85.5653603247075	9	0.5	0	48.629965401809386	6.703621196630579		dr
63.400818396539414	52.83401533044951 	10.566803066089903	67.54170622746994	64.84534714559157	62.6110695818171	4.930802113736668	-7.684559795280883	0	5	88.05669221741584	9	0.5	0	48.97347361098915	6.793462635455215		dr
62.56351287148483	52.13626072623736 	10.427252145247472	66.72884156378075	64.18885719921275	62.918836996674514	5.2459289098259205	-9.055933476932154	0	5	86.89376787706226	9	0.5	0	49.28233813963678	6.876048760677765		dr
62.1632746473433	51.802728872786076 	10.360545774557224	65.21180844460592	63.27864741158737	62.247635340516936	2.964173104088985	-2.8353099949666714	0	5	86.33788145464347	9	0.5	0	49.56858117314137	6.953482027652865		dr
60.972170009756894	52.26186000836305 	8.710310001393843	69.39279853228143	63.955803841967935	59.896680913276775	8.155541390699447	-2.7145778949664106	0	6	101.62028334959483	9	0.5	0	49.81648527828519	6.991673940125495		dr
69.15069656634086	57.62558047195072 	11.525116094390135	72.66602701894733	70.32012631788284	68.27630842504553	4.389718593901804	-5.269408833045105	0	5	96.04263411991784	9	0.5	0	50.22785147590339	7.088130156173678		dr
66.35944994511041	55.299541620925346 	11.059908324185066	67.39635320228314	67.39626486650263	67.39615445116449	2.591864706815599	-2.5919972017113935	0	5	92.16590270154224	9	0.5	0	50.56392644401188	7.1708755346739155		dr
63.619289836055785	53.01607486337982 	10.603214972675964	64.80398661039922	64.53532251048	64.4009588714277	2.5586223192106985	-2.155841513777311	0	5	88.3601247722997	9	0.5	0	50.83036243160461	7.240923278306611		dr
65.14246727214189	54.285389393451574 	10.857077878690312	67.54093410769906	66.41333344805037	64.74877909141675	2.792155016282308	-2.2015080536185394	0	5	90.47564898908595	9	0.5	0	51.11660452841536	7.3132463703142845		dr
66.74141350957086	55.61784459130906 	11.123568918261803	68.49015010043358	67.86149858320209	66.60425513769071	1.8858949627428672	-3.0856182172810023	0	5	92.69640765218176	9	0.5	0	51.42297333196743	7.387958577136785		dr
67.60778056512551	56.33981713760459 	11.267963427520918	70.45003707467305	69.01755946189338	66.94925721029966	4.160300642625131	-4.956896092808037	0	5	93.89969522934098	9	0.5	0	51.734219624912775	7.462574055028787		dr
64.95620870782592	54.130173923188266 	10.826034784637656	67.3937031961661	66.5673128307654	65.58196399594944	5.304847957180968	-7.116587157397632	0	5	90.21695653864711	9	0.5	0	51.98369111704322	7.526035578228955		dr
63.238133705365954	52.69844475447164 	10.539688950894316	64.2742109969616	63.687196647447784	63.39367491145439	0.8805360855072095	-1.5171422968249928	0	5	87.83074125745271	9	0.5	0	52.192106720530674	7.581843974019055		dr
53.84523674281405	46.15306006526918 	7.692176677544872	59.27915971692652	57.303187726111695	53.35124374448203	2.9639579824518805	-5.927915972444488	0	6	89.74206123802341	9	0.5	0	52.222163630026735	7.583850023174069		dr
27.479055923743502	25.36528239114785 	2.1137735325956513	38.53144157374666	36.70550817802138	26.82528309605334	2.9639570409437432	-5.927914089429173	0	12	91.596853079145	9	0.5	0	51.78032242098596	7.4861700858423115		dr
12.635765555695027	17.240221482307074 	-4.604455926612047	38.5314109746733	36.63046304343548	14.819778158479561	8.891866901120505	-2.96395469093909	1	28	98.27817654429465	12	0.3333333333333333	0	51.09357580931419	7.274053840009779		dr
26.12541031863169	22.393208844541448 	3.7322014740902425	40.07501668598387	32.636065930418475	23.77914130626614	20.037508345541152	-8.751526832440284	0	6	43.54235053105282	12	0.3333333333333333	0	50.663090197405865	7.2129874199077175		dr
