_avgSpeed	_exSpeed	 DiffAvgExpSpeed	 Max Speed	AvgTop3Speed	_speedMedian	_maxAcceleration	_maxDecceleration	Num Of Stops(including end/start point)	duration	distance	stopDurationMedianSoFar(while moving)	ratio Of Short Stop(while moving)	ratio Of Instant Stop(in short stop)	Avg of AvgSpeed	Avg of DiffAvgExp	label
27.955630131747558	20.070708813870816 	7.884921317876742	32.614901824708	30.106063220806224	30.106063220806224	0.3859751698310424	0	0	14	108.7163394012405	0	1.1	1.1	27.955630131747558	7.884921317876742		dr
26.565399879189634	24.66787131639037 	1.8975285627992626	37.14816753918257	36.46828827641034	28.05251167865918	24.629425998132135	-18.30060198846153	0	13	95.93061067485145	0	1.1	1.1	27.260515005468598	4.891224940338002		dr
13.412980687704378	5.700475252135538 	7.71250543556884	13.809277075308264	7.600633669514051	4.985122261576442	8.824154813731823	0	0	47	175.11391453391826	0	1.1	1.1	22.644670232880525	5.831651772081615		dr
39.230254778880386	35.30722930099235 	3.9230254778880393	56.10502336241679	52.097521691609074	44.0825183550921	15.873737720883618	-4.007501664009794	0	9	98.07563694720096	0	1.1	1.1	26.791066369380488	5.354495198533221		dr
58.86619512360233	50.45673867737343 	8.409456446228901	60.18561261491733	60.16124997284917	60.11252503025041	3.9292020302148174	-3.6949522387445484	0	6	98.11032520600389	0	1.1	1.1	33.20609212022485	5.965487448072357		dr
56.84767855005437	48.726581614332325 	8.121096935722043	60.40434875674657	57.59033374109092	56.144174622051544	0.07830322497233055	-4.221022872511057	0	6	94.74613091675728	0	1.1	1.1	37.14635652519644	6.324755696013971		dr
40.09925087626178	35.64377855667713 	4.455472319584651	56.10502335986757	53.46146191124793	38.126043117637224	3.923182676750706	-15.920452141468772	0	8	89.10944639169284	0	1.1	1.1	37.568198575348625	6.057715213666925		dr
21.339432182672414	21.08896332843281 	0.2504688542396032	48.18135598730781	38.81524239381819	24.045010012100164	15.984501064124458	-12.113840972981393	0	16	94.8419208118774	0	1.1	1.1	35.5396027762641	5.33180941873851		dr
6.2635847992404985	7.321534059979367 	-1.0579492607388685	15.358678487142823	13.314092505995243	8.026839789072126	6.462700226305996	-8.200977169835399	0	11	19.138731331012632	0	1.1	1.1	32.28671188992814	4.621836232129913		dr
