_avgSpeed	_exSpeed	 DiffAvgExpSpeed	 Max Speed	AvgTop3Speed	_speedMedian	_maxAcceleration	_maxDecceleration	Num Of Stops(including end/start point)	duration	distance	stopDurationMedianSoFar(while moving)	ratio Of Short Stop(while moving)	ratio Of Instant Stop(in short stop)	Avg of AvgSpeed	Avg of DiffAvgExp	label
4.786090695474203	15.775453738715255 	-10.989363043241053	36.73483557522361	32.59034693971584	17.447110952872915	5.607999502957814	-6.283091628899964	0	76	101.03969246001095	26.5	0	1.1	4.786090695474203	-10.989363043241053		dr
48.83585652443315	42.731374458879 	6.104482065554144	54.83399588160354	52.92576392263614	49.84911654869997	10.10736003199635	-5.475577325685165	0	7	94.95860990862	26.5	0	1.1	26.810973609953674	-2.442440488843454		dr
32.64883053615192	29.680755032865385 	2.968075503286535	47.96785400593519	44.076542428731365	32.990175117985004	13.24748444687473	-7.122953874957261	0	10	90.69119593375532	26.5	0	1.1	28.75692591868642	-0.6389351581334578		dr
62.12765627603445	51.773046896695384 	10.354609379339067	68.28743731441716	65.60390390653352	62.92861072437469	8.667650478861603	-5.358826590042469	0	5	86.2884114944923	26.5	0	1.1	37.09960850802343	2.1094509762346734		dr
67.69981810702875	56.416515089190625 	11.283303017838122	69.13100797779167	68.70839096421288	68.4970526652786	5.146306682270875	-0.6339553125130664	0	5	94.02752514865104	26.5	0	1.1	43.21965042782449	3.9442213845553633		dr
63.845887619212114	53.20490634934342 	10.640981269868696	67.39502453694996	66.00514568689242	63.59422186869483	7.0833643272481766	-6.123849829350988	0	5	88.67484391557238	26.5	0	1.1	46.657356626389095	5.060348032107585		dr
62.53164020434446	52.109700170287056 	10.421940034057407	64.12002669808403	64.1200266972343	64.12002669553482	0	-3.9344307919419563	0	5	86.84950028381175	26.5	0	1.1	48.92511142323986	5.826289746671845		dr
57.15599583110291	48.990853569516794 	8.16514226158612	60.404287591975184	59.384445301996635	56.881138135002864	5.162946631751808	-4.235691109860113	0	6	95.2599930518382	26.5	0	1.1	49.953971974222746	6.118646311036129		dr
26.764296509170546	26.70819992214505 	0.0560965870254968	52.43390619004669	44.235199945895666	28.052511681208394	8.136663611339813	-16.030006673883705	0	12	89.21432169723515	26.5	0	1.1	47.37734136699473	5.445029675034949		dr
39.14837880054083	35.23354092048676 	3.9148378800540726	57.60268772306235	52.80367478062633	41.50933483913761	16.093352883924744	-10.163470496668019	0	9	97.87094700135209	26.5	0	1.1	46.554445110349334	5.292010495536861		dr
42.31406161633955	37.61249921452404 	4.701562401815508	47.89302970522105	45.96312095803938	42.66543186676816	9.080289131983413	-7.0591933571991206	0	8	94.03124803631012	26.5	0	1.1	46.16895570180299	5.238333396107647		dr
54.85352472196123	47.0173069045382 	7.836217817423027	64.12002669553482	58.80278808778735	54.26947429939031	8.01500333821646	-4.2525881103769265	0	6	91.42254120326871	26.5	0	1.1	46.89266978681618	5.4548237645505955		dr
56.80004070101699	48.68574917230028 	8.114291528716713	68.12752836719226	61.474456929277686	56.14417037449169	4.091810020197478	-12.022505012423125	0	6	94.66673450169498	26.5	0	1.1	47.6547752417547	5.659398207947989		dr
52.90327739965897	45.34566634256483 	7.557611057094135	60.185607911471564	56.38070088796408	52.47449654293083	4.761451373451202	-12.09558788982045	0	6	88.1721289994316	26.5	0	1.1	48.02966825303357	5.794984840029857		dr
39.48286125929285	35.53457513336356 	3.948286125929286	48.09002002420033	44.15223739173251	40.075016683434654	13.906459660358827	-12.022505007324689	0	9	98.70715314823211	26.5	0	1.1	47.45988112011752	5.671871592423153		dr
45.691204007762444	40.61440356245551 	5.076800445306937	51.27545906742447	49.35056194278963	46.600206344659256	9.661918759111245	-9.661884259854396	0	8	101.53600890613876	26.5	0	1.1	47.349338800595326	5.634679645728388		dr
50.19522766852964	43.92082420996344 	6.274403458566198	57.70040270156969	55.25246188085013	51.671181297536776	14.679097065929035	-9.430290616215892	0	7	97.60183157769652	26.5	0	1.1	47.51674402812087	5.672310458248259		dr
55.19333906075915	47.30857633779356 	7.88476272296559	57.700843444342276	57.35110109918306	56.12869877117478	8.756102396211851	-9.805054563893464	0	6	91.98889843459858	26.5	0	1.1	47.94322152993411	5.795224472954778		dr
56.1372493128166	48.117642268128506 	8.019607044688094	62.62332734244415	59.3664161605912	55.29961215603245	7.017484349443073	-2.7532491961157888	0	6	93.56208218802766	26.5	0	1.1	48.37448615008582	5.91229723988811		dr
59.41371031430996	50.92603741226568 	8.487672902044281	60.5535527152072	60.553471427116385	59.55681915475908	1.9932232566237715	-2.8519416477191513	0	6	99.02285052384993	26.5	0	1.1	48.926447358297025	6.041066022995919		dr
13.713521831357433	26.514094445509354 	-12.800572614151921	48.148331919077314	46.25089436675989	30.343409091028583	4.859727611885937	-17.649900234021644	0	27	102.85141373518074	26.5	0	1.1	47.24964138082371	5.143845135512688		dr
65.12161044005603	54.268008700046686 	10.853601740009346	81.64051283457728	70.9817271582114	61.634145563755645	28.848831806150983	-11.969989758275986	0	5	90.44668116674447	26.5	0	1.1	48.062003610788814	5.403379526626173		dr
61.30180872712969	51.084840605941416 	10.216968121188273	66.96755788811683	62.692132463488555	60.554370076384366	6.413187811732463	-6.413088462152366	0	5	85.14140100990234	26.5	0	1.1	48.63764731149928	5.612665987259308		dr
64.29596449891386	53.579970415761544 	10.715994083152317	67.55669664882151	66.32770830331037	64.80988563706569	4.9381244468747525	-2.7531752042562374	0	5	89.29995069293591	26.5	0	1.1	49.290077194308225	5.825304657921516		dr
72.07688613705274	60.06407178087729 	12.012814356175447	73.47848683282402	73.15085892792058	72.49573435533343	3.0124970685049135	-3.01236022120176	0	5	100.10678630146214	26.5	0	1.1	50.20154955201801	6.072805045851673		dr
72.81025935528166	60.67521612940138 	12.135043225880281	81.64276854661627	75.56605864687889	70.46640085313614	11.176367693480131	-4.122605687748134	0	5	101.12536021566896	26.5	0	1.1	51.07111531368199	6.305968052775851		dr
70.24031030605548	58.53359192171289 	11.706718384342587	73.05657963320883	72.00664528446818	70.46659852278025	7.5475414562031204	-6.987719520409769	0	5	97.55598653618816	26.5	0	1.1	51.781085498584716	6.505995842833879		dr
75.05182307780642	60.04145846224513 	15.010364615561286	79.76737649475434	77.23398781072713	75.96729346871354	4.974261319024521	-11.262047615710088	0	4	83.39091453089601	26.5	0	1.1	52.612183269271206	6.809723299002714		dr
73.29048249756576	58.63238599805261 	14.65809649951315	83.43218218518447	75.20108361281426	71.08553432662916	0	-10.934645879657126	0	4	81.43386944173973	26.5	0	1.1	53.32522807024688	7.0803568576410045		dr
72.5070836658403	58.00566693267224 	14.501416733168057	78.45576761276803	74.83948278175723	73.03134036625184	12.945881294678514	-6.71469014239598	0	4	80.56342629537811	26.5	0	1.1	53.964623256766664	7.327725520158574		dr
72.26463911279919	60.220532593999316 	12.044106518799872	77.44346509931704	74.62800762900135	71.84929689108328	7.620186979725318	-3.497024843235053	0	5	100.36755432333219	26.5	0	1.1	54.55494634889674	7.47986684269539		dr
73.80215375777183	59.04172300621747 	14.760430751554367	75.43011958617974	74.45294876526337	73.96436335480519	2.9313627966505464	0	0	4	82.00239306419093	26.5	0	1.1	55.15642158042409	7.707384464847233		dr
75.70030666423713	60.560245331389716 	15.140061332847417	77.44424138525444	77.44413437838092	77.44408087494418	6.9753361496684505	-6.975178556608313	0	4	84.11145184915237	26.5	0	1.1	55.77896355266085	7.9326170972108745		dr
71.3829906308715	59.48582552572626 	11.897165105145241	74.78381484479404	72.96181075363704	71.6020400903378	4.93915363657257	-4.041616401131094	0	5	99.14304254287708	26.5	0	1.1	56.237905525549394	8.049221450385415		dr
74.46007098035058	59.568056784280465 	14.892014196070114	78.4576793270466	75.7902384619365	74.45651802938144	7.988110791453778	-4.97569291324298	0	4	82.73341220038954	26.5	0	1.1	56.758538824258004	8.244729814547835		dr
74.5052903245666	59.604232259653294 	14.901058064913308	77.44525112383687	75.1736370218797	74.03782997090113	2.0931073708884185	-4.945000891209546	0	4	82.78365591618511	26.5	0	1.1	57.25150414371102	8.42962782150243		dr
73.38959834575114	58.711678676600926 	14.677919669150214	79.51924105634215	75.60146332998046	73.64257446679962	7.0186960822179	-8.030600566411792	0	4	81.54399816194571	26.5	0	1.1	57.687668851874264	8.598500574141559		dr
63.863921008722045	53.21993417393503 	10.643986834787015	67.56173468650277	65.60417900374318	62.630114026075304	3.99057427257614	-7.684725547979859	0	5	88.69989028989173	26.5	0	1.1	57.85020180337026	8.65232915994802		dr
45.57780305349399	39.88057767180724 	5.697225381686749	63.536030887878105	55.89068597759211	50.14495863203173	2.3149018666444263	-11.859864341656035	0	7	88.62350593734942	26.5	0	1.1	57.53552491234779	8.57655726819773		dr
12.184760556734693	25.512054204332458 	-13.327293647597765	45.317967566092904	44.260443404259455	29.955313451092074	14.261379226288962	-4.678207109131892	1	27	91.3857041755102	19	0	1.1	56.401755803457455	8.028960995302842		dr
39.9299633797435	35.49330078199422 	4.436662597749276	48.955202071689776	45.30522146471967	39.38219171018082	5.287906991736804	-8.694352233538332	0	8	88.73325195498555	19	0	1.1	56.00000476873273	7.9413439612161705		dr
54.474646876876726	46.692554465894354 	7.782092410982372	64.3157911794161	58.266171072108534	53.76228014135553	7.819398397612304	-2.9312181763983816	0	6	90.79107812812788	19	0	1.1	55.96368672368854	7.937552257639176		dr
66.30376396511133	55.253136637592775 	11.050627327518555	72.96689030873789	68.55597796979636	66.350486181833	6.61633288991969	-2.914605434298821	0	5	92.08856106265462	19	0	1.1	56.20415363627976	8.009949352287533		dr
72.9715209610643	58.37721676885144 	14.59430419221286	75.86337986034351	74.20547350789263	73.3765203316672	4.22916519856345	-0.7445538587891747	0	4	81.07946773451589	19	0	1.1	56.585230166388506	8.159593780467654		dr
74.85181933797698	59.881455470381596 	14.970363867595381	78.04817710235525	75.92430188065497	74.86236426980483	6.4138053924122005	-0.5582840066413723	0	4	83.16868815330776	19	0	1.1	56.99115437020158	8.310944226848271		dr
74.41551576730598	59.532412613844784 	14.883103153461192	75.86372465875542	74.89825142439793	74.41551480721918	2.896415862725277	-2.89632776051117	0	4	82.68390640811775	19	0	1.1	57.369944835356016	8.45381724699203		dr
66.09953299912347	55.082944165936205 	11.016588833187264	71.10083368748694	69.8126600341224	68.26017957213041	1.0238668447370856	-5.813589567223673	0	5	91.80490694322702	19	0	1.1	57.555680753734045	8.508344302017461		dr
57.788725438301796	49.533193232830115 	8.255532205471681	65.43074830027865	60.02646033213921	56.973765962937776	1.7563305064541126	-11.443514803707494	0	6	96.31454239716966	19	0	1.1	57.560535851329206	8.503077383339424		dr
66.98269188260488	55.81890990217075 	11.16378198043413	70.07761978498205	68.51068720039098	67.19365884032611	4.1533519475566365	-2.8839609446559393	0	5	93.0315165036179	19	0	1.1	57.75282474992667	8.557377477157683		dr
63.856275353269	53.21356279439084 	10.64271255887816	68.26092145743382	66.37455620945359	65.43135008223217	2.8296654062128965	-10.704945001931392	0	5	88.68927132398473	19	0	1.1	57.87489376199352	8.599084178792092		dr
52.51415652803276	45.01213416688522 	7.502022361147539	61.270993967366735	56.64183292596516	52.373645398490964	5.526813701867859	-8.360669422336862	0	6	87.52359421338792	19	0	1.1	57.76978126720997	8.577573162759846		dr
7.63666874716932	20.626336785562152 	-12.989668038392832	40.39023121507927	36.07115022070129	24.06487899594202	7.9401179288061705	-7.669279742382152	1	47	99.7009530880439	24	0	1.1	56.80568294951688	8.16281852427614		dr
48.398870581155506	42.34901175851106 	6.049858822644445	54.72707979749858	52.43291162107113	46.08749302405342	4.9695448794581765	-2.85646985097047	0	7	94.10891501891348	24	0	1.1	56.647063848227035	8.122951360094412		dr
58.466625884630425	50.11425075825465 	8.352375126375776	62.61521716343068	60.57858550225666	58.591944018702335	7.888079550912181	-2.8470268489105948	0	6	97.44437647438403	24	0	1.1	56.68075944149377	8.12719994835888		dr
55.89823021336412	47.912768754312104 	7.9854614590520185	59.81282602773806	57.71078050489708	54.727443204951996	1.2207702641906053	-5.0853993412397855	0	6	93.16371702227353	24	0	1.1	56.666531637345955	8.124622884916938		dr
58.14926333593423	49.84222571651507 	8.307037619419162	61.45060366619526	60.836233434694755	59.07701302334719	9.612672972026886	-4.526660036177418	0	6	96.91543889322371	24	0	1.1	56.69300898910647	8.127880290890191		dr
60.787437013137215	50.656197510947685 	10.13123950218953	66.76919012840193	65.71130389252569	64.01100946812231	4.687665645466794	-12.953205596801212	0	5	84.42699585157946	24	0	1.1	56.76484105970349	8.163026943720006		dr
24.761650189025666	27.016666353453164 	-2.2550161644274986	51.0578749397533	47.473449232147715	30.735354639957066	4.89906897605767	-12.311826684127055	0	13	89.41707012703712	24	0	1.1	56.21306190676077	7.983405510820909		dr
31.303959400716746	29.776779633754312 	1.5271797669624334	48.958061747013474	44.827632594715034	30.373003444713895	7.51793650469628	-0.9388966366143947	0	11	95.65098705774561	24	0	1.1	55.79087372869223	7.873977955840258		dr
49.34797318120375	43.179476533553284 	6.168496647650464	60.561852050813606	55.16632543107723	48.796693713709104	11.765158337104502	-16.64763880396837	0	7	95.95439229678507	24	0	1.1	55.68349205290075	7.845553267370428		dr
66.1816291739953	55.151357644996075 	11.03027152899923	82.83910036622201	71.08539705543369	65.20854266194927	17.63055222809224	-25.591694706031376	0	5	91.9189294083268	24	0	1.1	55.85559266144328	7.897761763462703		dr
80.20953994000004	64.16763195200004 	16.041907988000006	91.54147519312427	85.31166422437235	82.1967587399964	21.444683143162393	-13.495807943176942	0	4	89.12171104444448	24	0	1.1	56.248398262710325	8.029118960632658		dr
87.6147006634641	70.09176053077128 	17.522940132692824	98.10925099262073	90.22392533991824	86.28126251356699	18.322224358519037	-15.269763461557176	0	4	97.349667403849	24	0	1.1	56.74627607859531	8.179814534792344		dr
93.0464722504703	69.78485418785272 	23.261618062617586	95.96101504647396	93.04647225047029	92.60114063951943	2.023879574101926	-5.383753981056458	0	3	77.53872687539192	24	0	1.1	57.313466643780856	8.415467714914612		dr
97.73047049674419	73.29785287255815 	24.432617624186037	104.23726098384117	97.7304704967442	96.5908708923256	0	-7.6463900915155705	0	3	81.44205874728682	24	0	1.1	57.935266703057216	8.66188540582648		dr
96.3153905420109	72.23654290650816 	24.07884763550274	100.36305688210116	96.31539054201089	96.36285333146022	4.142591918988913	0	0	3	80.26282545167575	24	0	1.1	58.516783730920146	8.895475742639757		dr
120.33116730041525	90.24837547531142 	30.082791825103826	128.24005339361884	120.33116730041523	124.55090345699993	20.037508342991927	-16.348358406373023	0	3	100.27597275034603	24	0	1.1	59.43938647076336	9.21170434088549		dr
136.27074075014554	90.84716050009702 	45.423580250048516	140.2939264401132	136.27074075014554	136.27074075014554	8.046371379935351	0	0	2	75.70596708341418	24	0	1.1	60.5692593278131	9.744231927784947		dr
124.2679670911622	82.84531139410815 	41.422655697054054	124.26796726525573	124.26796709116223	124.26796709116223	3.4818701521999174e-7	0	0	2	69.03775949509011	24	0	1.1	61.492429005542796	10.203339518643919		dr
124.23255172705987	82.82170115137325 	41.410850575686624	124.23255172960909	124.23255172705987	124.23255172705987	0	-5.098442557027738e-9	0	2	69.01808429281104	24	0	1.1	62.388716472993046	10.6491611051731		dr
120.30073122183633	80.20048748122423 	40.1002437406121	124.23255172705984	120.30073122183634	120.30073122183634	7.863641010447012	0	0	2	66.83373956768685	24	0	1.1	63.20437865255421	11.063965085953932		dr
128.27439885176386	85.51626590117591 	42.75813295058795	132.28082768799857	128.27439885176386	128.27439885176386	8.01285767246938	0	0	2	71.26355491764659	24	0	1.1	64.1081289330988	11.504161861851626		dr
125.39675043004775	83.59783362003184 	41.79891681001591	128.7879613098142	125.39675043004775	125.39675043004775	0	-6.78242175953288	0	2	69.66486135002653	24	0	1.1	64.94769909059126	11.919158504977165		dr
127.20200265298078	84.80133510198719 	42.40066755099359	128.44756760163844	127.2020026529808	127.2020026529808	2.4911298973152896	0	0	2	70.66777925165599	24	0	1.1	65.78897346305598	12.331070789382792		dr
122.2602990199257	81.5068660132838 	40.7534330066419	124.57581546887874	122.2602990199257	122.2602990199257	0	-4.63103289790611	0	2	67.92238834440316	24	0	1.1	66.54192447048091	12.710035618946248		dr
125.3859127744991	83.59060851633275 	41.795304258166354	125.38593680668279	125.38591277449913	125.38591277449913	0.000048064367334177405	0	0	2	69.65884043027728	24	0	1.1	67.31618747448114	13.09273652209388		dr
118.99873378159278	89.24905033619459 	29.74968344539819	126.26054525792365	118.99873378159278	121.5488997998159	12.362143512777124	-17.073788970884877	0	3	99.16561148466064	24	0	1.1	67.9873893745735	13.30906050811082		dr
116.43463781413006	87.32597836059755 	29.10865945353251	118.61666762260897	116.43463781413006	115.34363662724819	0.000027434715164531553	-3.273058430075949	0	3	97.02886484510839	24	0	1.1	68.60850794431141	13.511619468949558		dr
115.31839326629598	86.48879494972199 	28.829598316573993	120.37141175650633	115.31839326629601	116.36894787864941	11.156591592774092	-7.154127714917166	0	3	96.09866105524665	24	0	1.1	69.19977231547577	13.705517935375184		dr
117.71354112552578	88.28515584414436 	29.428385281381424	120.55412015332978	117.71354112552581	116.36895483440424	0	-4.1851653189255416	0	3	98.09461760460482	24	0	1.1	69.80619442560139	13.902053777200262		dr
113.5585044463957	85.16887833479677 	28.38962611159893	116.25541990226601	113.5585044463957	116.21754838629417	0.037871515971843905	-8.052874851639103	0	3	94.63208703866309	24	0	1.1	70.34634640116676	14.08091269490889		dr
117.5533822776964	88.1650367082723 	29.388345569424104	120.2250500579516	117.55338227769637	116.2175483888434	4.007501671657437	-2.5492283839412266e-9	0	3	97.96115189808033	24	0	1.1	70.92204196063663	14.267588705573708		dr
112.2749463612022	84.20620977090167 	28.06873659030053	116.25542231156005	112.27494636120223	112.36687171887044	4.164326665694318	-8.05287725838393	0	3	93.56245530100183	24	0	1.1	71.42026972449887	14.433867595751138		dr
108.22966515063656	81.17224886297741 	27.05741628765915	108.24322554737604	108.22966515063655	108.24322485390671	0.040680496749132544	-0.04067980327980081	0	3	90.19138762553047	24	0	1.1	71.85847681290527	14.584147937321472		dr
108.35156586343994	81.26367439757993 	27.08789146586001	112.24927584925874	108.35156586343993	108.56813314808889	8.011987256286588	-3.681142701169847	0	3	90.29297155286662	24	0	1.1	72.28780727232332	14.731250802363101		dr
112.21004671888541	84.15753503916406 	28.05251167972135	112.21004672228436	112.21004671888541	112.21004671718592	5.098442557027738e-9	-5.098442557027738e-9	0	3	93.50837226573783	24	0	1.1	72.75201935891126	14.886149184657965		dr
93.5748832669655	70.18116245022412 	23.39372081674138	100.18754171495969	93.5748832669655	92.1725383767432	11.82297200576609	-8.015003338216488	0	3	77.97906938913792	24	0	1.1	72.99136262222223	14.983937364337084		dr
80.1768384597183	64.14147076777462 	16.035367691943677	84.20983799783913	81.52160737782147	80.17749206781265	4.0075016640098085	-8.067306292430416	0	4	89.08537606635366	24	0	1.1	73.07301575673922	14.995885436241705		dr
60.94555678142335	50.78796398451946 	10.157592796903891	68.12752836464304	64.1444285850648	60.1857306924673	0.07320566604072098	-8.00375756697148	0	5	84.64660664086576	24	0	1.1	72.9367521727469	14.941522597597459		dr
42.74885287820597	37.99898033618309 	4.749872542022885	52.1819737910399	48.25398223128633	44.13240633217817	15.973251566231571	-15.873475612059426	0	8	94.99745084045772	24	0	1.1	72.60133106947423	14.828282041424407		dr
49.34065954561353	43.173077102411845 	6.167582443201688	54.85329141745361	53.62978815507756	48.15374455976811	5.935254248368196	-0.8410504834688126	0	7	95.94017133869299	24	0	1.1	72.34571929448674	14.733109518367014		dr
48.788921167997195	42.69030602199755 	6.098615145999645	52.81252379838488	49.88008971602765	48.15947368004269	4.653050118342193	-0.6388314597563038	0	7	94.8673467155501	24	0	1.1	72.08966714093795	14.639256318667368		dr
56.03714788417176	48.031841043575795 	8.005306840595964	64.03725189177216	60.50170810173584	54.58157181694002	14.837846529264255	-8.304728779555326	0	6	93.3952464736196	24	0	1.1	71.91705940699423	14.567923528580579		dr
82.2719024406291	65.81752195250328 	16.45438048812582	96.05625033111014	88.35008443744498	84.4970014906124	18.454905443460703	-9.554509243527534	0	4	91.41322493403234	24	0	1.1	72.02721731160736	14.58799221963957		dr
91.34548767937153	68.50911575952864 	22.83637191984289	94.15261098289677	91.34548767937152	93.38193397207615	7.6506928997551285	-0.77067701082062	0	3	76.12123973280961	24	0	1.1	72.23056752600488	14.674817269115394		dr
101.39825189258816	76.04868891944113 	25.34956297314703	105.09617103990726	101.39825189258818	100.83985378517018	4.256317254737084	-6.8374401872201815	0	3	84.49854324382348	24	0	1.1	72.53439757149012	14.786012536865721		dr
108.93707633600278	81.70280725200207 	27.2342690840007	109.87492000329398	108.93707633600276	109.80185574207735	2.6674024794403834	-2.7404667406570127	0	3	90.78089694666897	24	0	1.1	72.90968291957788	14.914345078588763		dr
116.8211703407293	87.61587775554698 	29.20529258518232	118.7047653177503	116.8211703407293	118.70476531397485	5.6507849235120915	0	0	3	97.35097528394108	24	0	1.1	73.35775932183452	15.060171073554004		dr
116.74889830944342	87.56167373208258 	29.187224577360837	118.77240255946225	116.74889830944345	118.7047653177503	5.935238266632524	0	0	3	97.29074859120286	24	0	1.1	73.7960536550427	15.202868583693467		dr
120.1885939196014	80.12572927973427 	40.06286463986713	121.67240371562171	120.1885939196014	120.1885939196014	2.9676195920406343	0	0	2	66.77144106644522	24	0	1.1	74.25997905768828	15.451468544255203		dr
124.64004306869336	83.09336204579557 	41.546681022897786	127.60766314211106	124.64004306869336	124.64004306869336	5.935240146835426	0	0	2	69.24446837149631	24	0	1.1	74.75879157264873	15.709836984637803		dr
124.67303752125633	83.11535834750423 	41.557679173752106	127.60766314211106	124.67303752125633	124.67303752125633	0	-5.869251241709449	0	2	69.26279862292019	24	0	1.1	75.24814692508606	15.96324720217814		dr
124.76885049946763	83.17923366631176 	41.58961683315587	124.89755921952721	124.76885049946763	124.76885049946763	0	-0.25741744011915557	0	2	69.31602805525979	24	0	1.1	75.72893045493443	16.212046907333264		dr
129.09159586023665	86.06106390682442 	43.030531953412236	130.57540730521035	129.09159586023662	129.09159586023662	2.9676228899474353	0	0	2	71.71755325568702	24	0	1.1	76.24203300690849	16.469916955853254		dr
129.12237298669984	86.08158199113325 	43.040790995566596	130.6369211375594	129.12237298669987	129.12237298669987	0	-3.029096301719079	0	2	71.73465165927769	24	0	1.1	76.74565529243031	16.722972899088617		dr
127.60784504989866	85.07189669993244 	42.53594834996622	127.6078450517864	127.60784504989866	127.60784504989866	3.7754830373160075e-9	0	0	2	70.8932472499437	24	0	1.1	77.22548727127435	16.966491535417653		dr
129.12243431560464	86.08162287706973 	43.0408114385349	130.6369831550933	129.1224343156046	129.1224343156046	0	-3.029097678977365	0	2	71.73468573089146	24	0	1.1	77.71050546795034	17.210176768157066		dr
126.12407285223989	84.0827152348266 	42.0413576174133	130.57551071631576	126.12407285223989	126.12407285223989	8.902875728151756	0	0	2	70.06892936235549	24	0	1.1	78.1587792400271	17.440095109353884		dr
127.63668016930417	85.09112011286943 	42.54556005643474	139.5359575064398	127.63668016930416	127.63668016930416	0	-23.798554674271244	0	2	70.90926676072453	24	0	1.1	78.61270493662597	17.670420475840864		dr
129.122505976853	86.08167065123534 	43.040835325617664	130.63706584490043	129.122505976853	129.122505976853	3.0291197360948416	0	0	2	71.73472554269611	24	0	1.1	79.07188494608259	17.901060610838833		dr
135.31634895380745	90.2108993025383 	45.105449651269154	145.41382119574274	135.31634895380745	135.31634895380745	20.19494448387057	0	0	2	75.17574941878192	24	0	1.1	79.57859182903506	18.146145196788655		dr
130.63723171920563	87.09148781280375 	43.54574390640188	133.60345392906132	130.63723171920563	130.63723171920563	0	-5.9324444197113735	0	2	72.57623984400313	24	0	1.1	80.03447254234015	18.37292732812449		dr
123.18968589647761	82.1264572643184 	41.06322863215921	124.64051687925749	123.18968589647761	123.18968589647761	2.9016619655597538	0	0	2	68.438714386932	24	0	1.1	80.41637708529711	18.57372645470887		dr
133.66632100703455	89.11088067135636 	44.5554403356782	136.51106391622042	133.66632100703453	133.66632100703453	0	-5.6894858183717645	0	2	74.2590672261303	24	0	1.1	80.88348185654043	18.801636225594564		dr
129.24639525350796	86.16426350233864 	43.082131751169314	130.82161938428186	129.24639525350796	129.24639525350796	0	-3.1504482615478366	0	2	71.80355291861552	24	0	1.1	81.30402892955753	19.012770969295218		dr
129.12286360349796	86.08190906899864 	43.04095453449932	130.63741728013414	129.12286360349796	129.12286360349796	0	-3.0291073532723516	0	2	71.73492422416554	24	0	1.1	81.71626026295357	19.219910482788354		dr
130.96647842315116	87.3109856154341 	43.65549280771705	139.99615789790488	130.96647842315116	130.96647842315116	18.059358949507413	0	0	2	72.75915467952842	24	0	1.1	82.13720229851081	19.42876161377065		dr
130.57611050065378	87.05074033376918 	43.5253701668846	130.57611050254152	130.57611050065378	130.57611050065378	0	-3.7754830373160075e-9	0	2	72.54228361147432	24	0	1.1	82.54770152056287	19.632970160830936		dr
130.63761366386308	87.09174244257538 	43.5458712212877	130.63762399996392	130.63761366386308	130.63761366386308	0.00002067220171397821	0	0	2	72.57645203547949	24	0	1.1	82.9518184293301	19.833918909238136		dr
129.15454954741682	86.10303303161119 	43.05151651580563	130.63766534466822	129.1545495474168	129.1545495474168	2.966231594502844	0	0	2	71.75252752634267	24	0	1.1	83.33684118864748	20.027398889292865		dr
124.70545581016631	83.13697054011088 	41.56848527005543	127.67157516462127	124.70545581016631	124.70545581016631	5.932238708909935	0	0	2	69.28080878342573	24	0	1.1	83.67873056568483	20.205424396571896		dr
127.64091355177675	85.09394236785117 	42.54697118392558	130.57635868362908	127.64091355177675	127.64091355177675	5.870890263704666	0	0	2	70.91161863987597	24	0	1.1	84.03907632786591	20.388551829255125		dr
126.12491188855336	84.08327459236891 	42.04163729618445	127.60873437966893	126.12491188855336	126.12491188855336	2.9676449822311355	0	0	2	70.06939549364076	24	0	1.1	84.38123759258696	20.564593174514712		dr
126.15637268515617	84.10424845677078 	42.052124228385395	127.67165597665004	126.15637268515617	126.15637268515617	3.0305665829877455	0	0	2	70.08687371397565	24	0	1.1	84.71813384333348	20.737879715271735		dr
129.09257732157866	86.06171821438578 	43.03085910719288	130.57640004771721	129.09257732157866	129.09257732157866	0	-2.967645452277111	0	2	71.71809851198815	24	0	1.1	85.07312939115944	20.916223550407103		dr
135.05663218051072	90.03775478700716 	45.01887739350356	139.53688499534636	135.05663218051075	135.05663218051075	0	-8.960505629671246	0	2	75.03146232250596	24	0	1.1	85.46982385774159	21.107514453923745		dr
132.2130597295048	88.14203981966985 	44.07101990983496	133.60404592705765	132.21305972950478	132.21305972950478	2.7819723951057256	0	0	2	73.45169984972489	24	0	1.1	85.8378808331098	21.288329457513594		dr
126.53595110826289	84.35730073884191 	42.17865036942098	128.17357463974855	126.53595110826288	126.53595110826288	3.2752470629713315	0	0	2	70.2977506157016	24	0	1.1	86.15583450713444	21.451535089637872		dr
130.85214418492586	87.23476278995058 	43.61738139497528	131.12828128161433	130.85214418492586	130.85214418492586	0.5522741933769169	0	0	2	72.69563565829215	24	0	1.1	86.50231752789252	21.62336335557072		dr
128.39216829976695	85.59477886651132 	42.79738943325563	128.61110405023794	128.39216829976698	128.39216829976698	0	-0.43787150094195226	0	2	71.32898238875941	24	0	1.1	86.82454714921462	21.786240479245222		dr
127.7060789114218	85.13738594094787 	42.56869297047393	129.17146138996924	127.7060789114218	127.7060789114218	2.9307649570948655	0	0	2	70.94782161745655	24	0	1.1	87.13661991075818	21.944885154750786		dr
127.41889601904144	84.94593067936096 	42.472965339680485	129.17126171477432	127.41889601904143	127.41889601904143	0	-3.504731391465768	0	2	70.78827556613413	24	0	1.1	87.44178866915428	22.100400913727523		dr
131.31161036322425	87.54107357548286 	43.77053678774139	132.77026348609382	131.31161036322428	131.31161036322428	2.9173062457390984	0	0	2	72.9508946462357	24	0	1.1	87.77163695256834	22.263334266163717		dr
131.2293006757055	87.48620045047032 	43.74310022523518	132.6060214988442	131.22930067570547	131.22930067570547	2.753441646277423	0	0	2	72.90516704205861	24	0	1.1	88.09594787587534	22.423631027052313		dr
124.9243125225854	83.28287501505693 	41.641437507528465	125.82415562297399	124.9243125225854	124.9243125225854	1.799686200777188	0	0	2	69.40239584588078	24	0	1.1	88.36875057696209	22.56598514912991		dr
125.55457833590293	83.70305222393529 	41.851526111967644	125.82363380774056	125.55457833590293	125.55457833590293	0.538110943675278	0	0	2	69.75254351994607	24	0	1.1	88.64217578107194	22.707790597386072		dr
128.327472618767	85.55164841251131 	42.77582420625568	129.75152117344163	128.32747261876696	128.32747261876696	0	-2.8480971093493253	0	2	71.29304034375943	24	0	1.1	88.93184948061716	22.854272594531103		dr
127.44464155331373	84.96309436887583 	42.4815471844379	130.8287529333182	127.44464155331374	127.44464155331374	0	-6.768222760008953	0	2	70.80257864072985	24	0	1.1	89.21092768404249	22.9964992219942		dr
123.50748024193149	82.33832016128765 	41.169160080643834	124.06004442989769	123.50748024193149	123.50748024193149	1.105128375932395	0	0	2	68.61526680107305	24	0	1.1	89.45766547222874	23.127237789322614		dr
136.36863531058682	90.91242354039122 	45.45621177019561	139.14553450533546	136.36863531058682	136.36863531058682	0	-5.553798389497274	0	2	75.76035295032601	24	0	1.1	89.79274382821701	23.286730460614564		dr
124.05899197595076	82.70599465063384 	41.35299732531692	124.05907293603505	124.05899197595076	124.05899197595076	0	-0.0001619201685656435	0	2	68.92166220886153	24	0	1.1	90.03576686472577	23.414860012846496		dr
129.55084922041385	86.36723281360923 	43.18361640680462	132.2008797802261	129.55084922041385	129.55084922041385	5.300061119624516	0	0	2	71.97269401134102	24	0	1.1	90.31404209258272	23.554076607170146		dr
130.87226858612448	87.2481790574163 	43.62408952870818	130.91849070196932	130.87226858612445	130.87226858612445	0.09244423168971139	0	0	2	72.70681588118026	24	0	1.1	90.59766605407603	23.694426347880203		dr
138.70680020491366	92.47120013660908 	46.23560006830458	141.05155777665826	138.70680020491363	138.70680020491363	0	-4.689515143489217	0	2	77.05933344717425	24	0	1.1	90.93175726345686	23.850962276494258		dr
129.38977960333878	86.25985306889253 	43.129926534446255	140.5775387425257	129.38977960333878	129.38977960333878	22.375518278373804	0	0	2	71.88321089074377	24	0	1.1	91.1969850037319	23.983920650687033		dr
133.58821795165872	89.05881196777246 	44.529405983886264	133.58832847263398	133.5882179516587	133.5882179516587	0	-0.00022104195053884723	0	2	74.2156766398104	24	0	1.1	91.48733591433414	24.12464315296922		dr
123.91872831684998	82.61248554456667 	41.30624277228331	126.61807458254985	123.91872831685	123.91872831685	5.398692531399718	0	0	2	68.84373795380554	24	0	1.1	91.70795763135806	24.24152478303258		dr
124.05489000619768	82.70326000413179 	41.35163000206589	124.05497096958426	124.0548900061977	124.0548900061977	0	-0.00016192677311721582	0	2	68.91938333677649	24	0	1.1	91.92651798524211	24.357133602080104		dr
132.87839606200617	88.5855973746708 	44.29279868733538	139.13963415840058	132.8783960620062	132.8783960620062	12.522476192788773	0	0	2	73.82133114555899	24	0	1.1	92.20136280454925	24.49093001204826		dr
134.3697304855979	89.57982032373195 	44.78991016186595	134.99711750431914	134.36973048559793	134.36973048559793	1.254774037442445	0	0	2	74.6498502697766	24	0	1.1	92.48248525575625	24.62625654638038		dr
133.59600547513585	89.06400365009057 	44.532001825045285	134.9966780613513	133.59600547513585	133.59600547513585	0	-2.8013451724308993	0	2	74.22000304174213	24	0	1.1	92.7547602240965	24.758082674053657		dr
132.0695698381464	88.0463798920976 	44.0231899460488	135.45312247235745	132.0695698381464	132.0695698381464	6.767105268422085	0	0	2	73.37198324341466	24	0	1.1	93.01341028734683	24.884826800843097		dr
132.0781207661874	88.0520805107916 	44.0260402553958	132.59481750435933	132.0781207661874	132.0781207661874	1.0333934763438606	0	0	2	73.376733758993	24	0	1.1	93.26873519243729	25.00993277113429		dr
123.36260165973731	82.24173443982488 	41.12086721991243	124.01357861234207	123.36260165973732	123.36260165973732	0	-1.3019539052095013	0	2	68.53477869985406	24	0	1.1	93.46414990975742	25.11454922859389		dr
123.2183133643276	82.14554224288507 	41.07277112144253	130.64190998149508	123.2183133643276	123.2183133643276	14.847193234334938	0	0	2	68.45461853573755	24	0	1.1	93.65611225462563	25.217505498870334		dr
132.0902165269239	88.06014435128259 	44.03007217564132	132.09026764070106	132.09021652692388	132.09021652692388	0	-0.00010222755432209851	0	2	73.38345362606884	24	0	1.1	93.90248471790959	25.33809887500348		dr
128.0023570918603	85.33490472790686 	42.66745236395343	128.15916563341526	128.0023570918603	128.0023570918603	0.3136170831099605	0	0	2	71.11242060658904	24	0	1.1	94.11968135723411	25.4484769227038		dr
127.65683673697585	85.10455782465056 	42.55227891232529	127.65684683753092	127.65683673697583	127.65683673697583	0	-0.000020201110160655844	0	2	70.92046485387547	24	0	1.1	94.33194183432109	25.556728834030515		dr
132.19569065673147	88.13046043782099 	44.065230218910486	133.76874581554992	132.19569065673147	132.19569065673147	3.1461103176368965	0	0	2	73.44205036485081	24	0	1.1	94.57007861936769	25.67313450311781		dr
129.2031390610236	86.13542604068239 	43.0677130203412	130.56103219783196	129.2031390610236	129.2031390610236	2.715786273616743	0	0	2	71.77952170056867	24	0	1.1	94.78653524712804	25.781850618850456		dr
129.10880770567687	86.07253847045125 	43.03626923522562	130.5609908278335	129.10880770567687	129.10880770567687	2.904366244313266	0	0	2	71.7271153920427	24	0	1.1	94.99971706364077	25.88902092081552		dr
126.11002797647478	84.07335198431652 	42.036675992158266	130.5609701390532	126.11002797647478	126.11002797647478	8.901884325156843	0	0	2	70.0611266535971	24	0	1.1	95.19175601989282	25.988697803971952		dr
129.2278398963018	86.15189326420118 	43.07594663210061	136.73065563565714	129.22783989630176	129.22783989630176	0	-15.005631478710768	0	2	71.79324438683432	24	0	1.1	95.40056635042295	26.093527551383787		dr
129.1087054808084	86.07247032053893 	43.03623516026947	130.56088739899258	129.1087054808084	129.1087054808084	2.904363836368347	0	0	2	71.72705860044911	24	0	1.1	95.6061037841448	26.196836744120894		dr
127.62435437524441	85.08290291682961 	42.5414514584148	130.62238739463726	127.62435437524442	127.62435437524442	0	-5.996066038785685	0	2	70.902419097358	24	0	1.1	95.80015378772724	26.295895015116614		dr
129.10800105634132	86.07200070422753 	43.03600035211379	130.62238739463726	129.1080010563413	129.1080010563413	3.0287726765919274	0	0	2	71.72666725352295	24	0	1.1	96.00080347006829	26.396739023170813		dr
129.07724095106548	86.05149396737697 	43.02574698368851	130.56088739899258	129.07724095106545	129.07724095106545	0	-2.967292895854243	0	2	71.70957830614748	24	0	1.1	96.1988659699545	26.496313921137986		dr
132.07528384474185	88.0501892298279 	44.025094614913954	133.52818029484644	132.07528384474185	132.07528384474185	0	-2.9057929002091782	0	2	73.37515769152324	24	0	1.1	96.41241607635205	26.60065190145808		dr
135.1269629547917	90.08464196986115 	45.042320984930555	139.69295577053026	135.12696295479174	135.12696295479174	0	-9.13198563147705	0	2	75.07053497488428	24	0	1.1	96.64149623539606	26.709774203727147		dr
124.62638058831905	83.08425372554603 	41.54212686277302	130.5609701390532	124.62638058831905	124.62638058831905	11.869179101468305	0	0	2	69.2368781046217	24	0	1.1	96.80611320217795	26.797023337015656		dr
129.07726140102952	86.05150760068636 	43.02575380034315	130.56090808401373	129.07726140102955	129.07726140102955	0	-2.967293365968402	0	2	71.70958966723862	24	0	1.1	96.99483336708353	26.891928193526343		dr
125.94744244378792	83.96496162919193 	41.98248081459599	128.59666382932363	125.9474424437879	125.9474424437879	0	-5.298442771071436	0	2	69.97080135765995	24	0	1.1	97.1631624896225	26.97966396457907		dr
126.08591770191516	84.05727846794345 	42.02863923397172	128.1591455072492	126.08591770191518	126.08591770191518	4.146455610668042	0	0	2	70.04773205661954	24	0	1.1	97.33034604576292	27.066652260933942		dr
134.06917765759087	89.37945177172723 	44.68972588586364	137.0244915035081	134.06917765759084	134.06917765759084	0	-5.910627691834492	0	2	74.48287647643937	24	0	1.1	97.54148875617572	27.167934293261123		dr
128.03399888007496	85.3559992533833 	42.67799962669166	129.84026420600824	128.03399888007496	128.03399888007496	0	-3.612530651866564	0	2	71.12999937781942	24	0	1.1	97.71573167116942	27.25656323802358		dr
128.79040978774813	85.86027319183209 	42.93013659591604	134.9954743598336	128.79040978774813	128.79040978774813	0	-12.410129144170924	0	2	71.55022765986007	24	0	1.1	97.89229234228634	27.345617632102517		dr
135.67690939278316	90.4512729285221 	45.22563646426106	136.35742731924236	135.67690939278316	135.67690939278316	0	-1.3610358529184055	0	2	75.37606077376842	24	0	1.1	98.10576475500102	27.446634687651432		dr
131.83630187304067	87.89086791536045 	43.94543395768022	132.303258322687	131.83630187304067	131.83630187304067	0	-0.9339128992926078	0	2	73.24238992946704	24	0	1.1	98.29526215454057	27.539324571190924		dr
140.30793926518356	93.53862617678904 	46.769313088394526	147.8271555176749	140.30793926518356	140.30793926518356	0	-15.038432504982666	0	2	77.9488551473242	24	0	1.1	98.52996984789613	27.646754674638988		dr
128.30531657920938	85.53687771947294 	42.768438859736435	130.1584429140935	128.3053165792094	128.3053165792094	3.7062526697682188	0	0	2	71.2807314328941	24	0	1.1	98.69538844084786	27.73076403122286		dr
129.19175329235804	86.12783552823869 	43.06391776411935	133.09027108958583	129.19175329235804	129.19175329235804	0	-7.7970355944555365	0	2	71.77319627353225	24	0	1.1	98.86387664444736	27.815477587758203		dr
130.22651992843373	86.81767995228915 	43.40883997614458	135.1591129735026	130.22651992843373	130.22651992843373	0	-9.86518609013774	0	2	72.34806662690762	24	0	1.1	99.03619886029344	27.90115540307901		dr
129.59716107017994	86.39810738011995 	43.19905369005998	133.09190281062027	129.59716107017994	129.59716107017994	6.9894834808806365	0	0	2	71.99842281676663	24	0	1.1	99.2031986537901	27.984750475685463		dr
137.76302619491682	91.84201746327788 	45.921008731638935	138.86586578374423	137.76302619491682	137.76302619491682	2.2056791776548152	0	0	2	76.53501455273157	24	0	1.1	99.41276293390492	28.082230140119993		dr
128.81777682946023	85.87851788630682 	42.939258943153405	132.33978310730754	128.81777682946023	128.81777682946023	7.044012555694593	0	0	2	71.56543157192235	24	0	1.1	99.57170895496196	28.162538403920173		dr
127.76194357225211	85.17462904816807 	42.587314524084036	130.22742522725824	127.76194357225211	127.76194357225211	4.93096331001226	0	0	2	70.97885754014005	24	0	1.1	99.72326935613019	28.240090963706002		dr
132.34114847616127	88.22743231744084 	44.11371615872042	132.34127260083318	132.34114847616127	132.34114847616127	0.000248249343826501	0	0	2	73.52286026453403	24	0	1.1	99.89769651719986	28.324976659936024		dr
127.1275836404789	84.75172242698594 	42.37586121349297	128.14933377585214	127.1275836404789	127.1275836404789	0	-2.0435002707464776	0	2	70.62643535582161	24	0	1.1	100.04253634232369	28.399715407561327		dr
121.78370287592432	81.18913525061622 	40.5945676253081	125.29852595934517	121.78370287592432	121.78370287592432	0	-7.029646166841715	0	2	67.65761270884684	24	0	1.1	100.1575689694856	28.464238435168454		dr
132.2447411374143	88.16316075827622 	44.08158037913809	133.0964956549716	132.24474113741434	132.24474113741434	0	-1.7035090351145357	0	2	73.46930063189684	24	0	1.1	100.32644882300102	28.546434971715662		dr
133.11458854660347	88.74305903106898 	44.37152951553449	135.16588712161996	133.11458854660347	133.11458854660347	4.102597150032977	0	0	2	73.95254919255748	24	0	1.1	100.49811447600418	28.62928886985084		dr
129.96417505069113	86.64278336712744 	43.32139168356369	131.7761067648874	129.96417505069115	129.96417505069115	0	-3.623863428392525	0	2	72.20231947260618	24	0	1.1	100.65158354149735	28.70581023867226		dr
130.9660126996568	87.31067513310454 	43.65533756655226	132.3456977729102	130.9660126996568	130.9660126996568	2.7593701465067966	0	0	2	72.75889594425378	24	0	1.1	100.8086531226277	28.783268929490294		dr
126.48412793717151	84.32275195811434 	42.16137597905717	126.55552352990152	126.48412793717151	126.48412793717151	0	-0.142791185460041	0	2	70.26895996509528	24	0	1.1	100.9410009309501	28.852228244178782		dr
128.95872286297205	85.97248190864805 	42.986240954324	133.87680526509584	128.95872286297208	128.95872286297208	9.836164804247545	0	0	2	71.64373492387337	24	0	1.1	101.08468155624251	28.924710360641065		dr
123.75558192498492	82.50372128332329 	41.25186064166164	125.96602314285906	123.75558192498492	123.75558192498492	0	-4.420882435748268	0	2	68.75310106943607	24	0	1.1	101.20034941526671	28.987603984523822		dr
128.18831114908937	85.45887409939292 	42.72943704969646	129.4246555479988	128.18831114908937	128.18831114908937	0	-2.47268879781889	0	2	71.21572841616076	24	0	1.1	101.33734414488003	29.057359482316578		dr
128.40400661483497	85.60267107655663 	42.80133553827834	129.1856972615514	128.40400661483494	128.40400661483494	0	-1.5633812934329114	0	2	71.33555923046387	24	0	1.1	101.47404446038485	29.126773502801232		dr
127.62231596434238	85.08154397622825 	42.54077198811413	130.59027680115517	127.62231596434236	127.62231596434236	5.935921673625614	0	0	2	70.90128664685687	24	0	1.1	101.60544280965097	29.194180530365617		dr
131.57077515415816	87.7138501027721 	43.85692505138606	134.51656946851548	131.57077515415816	131.57077515415816	5.891588628714658	0	0	2	73.09487508564342	24	0	1.1	101.75526947137351	29.267494252970724		dr
129.51953894566805	86.34635929711204 	43.173179648556	132.78504990877158	129.51953894566807	129.51953894566807	0	-6.531021926207032	0	2	71.95529941426003	24	0	1.1	101.89340016527547	29.336676767376616		dr
131.3512765041369	87.56751766942459 	43.783758834712316	134.51593950945824	131.35127650413688	131.35127650413688	6.3293260106426885	0	0	2	72.97293139118716	24	0	1.1	102.03923123625994	29.408196975630755		dr
127.58986328303781	85.05990885535853 	42.529954427679286	131.14139950494933	127.5898632830378	127.5898632830378	7.103072443823066	0	0	2	70.88325737946545	24	0	1.1	102.16509641875638	29.47283617490193		dr
129.52543128960542	86.35028752640362 	43.1751437632018	129.86646303870165	129.52543128960542	129.52543128960542	0	-0.6820634981924343	0	2	71.95857293866968	24	0	1.1	102.29921570733899	29.54000434935438		dr
130.3764799719135	86.91765331460901 	43.4588266573045	131.56876005451596	130.3764799719135	130.3764799719135	2.384560165204931	0	0	2	72.43137776217417	24	0	1.1	102.43617797204422	29.607901043539503		dr
127.43142136495926	84.95428090997285 	42.47714045498641	129.18382055547886	127.43142136495928	127.43142136495928	3.5047983810391514	0	0	2	70.79523409164403	24	0	1.1	102.55751410501954	29.6703730795174		dr
126.926801453739	84.61786763582599 	42.308933817913015	128.6229756393058	126.92680145373899	126.92680145373899	0	-3.3923483711335933	0	2	70.51488969652166	24	0	1.1	102.67524013085875	29.73142892849516		dr
125.46022650306386	83.64015100204257 	41.82007550102129	128.18496360913605	125.46022650306386	125.46022650306386	5.4494742121443664	0	0	2	69.70012583503548	24	0	1.1	102.78478333457127	29.789547421632303		dr
130.90025830923065	87.26683887282043 	43.63341943641022	133.61567373371813	130.90025830923065	130.90025830923065	5.430830848974978	0	0	2	72.72236572735036	24	0	1.1	102.91930713827777	29.85578604371258		dr
129.25794399825764	86.17196266550509 	43.08598133275255	130.83332349030127	129.25794399825764	129.25794399825764	0	-3.1507589840872186	0	2	71.80996888792092	24	0	1.1	103.0447292185634	29.91878697366039		dr
129.10357724567226	86.06905149711484 	43.034525748557414	130.58752640962942	129.10357724567226	129.10357724567226	2.9678983279143267	0	0	2	71.72420958092903	24	0	1.1	103.16823086798097	29.980946873067484		dr
126.13567891775773	84.0904526118385 	42.04522630591923	127.61962808171509	126.13567891775774	126.13567891775774	2.967898327914696	0	0	2	70.07537717653207	24	0	1.1	103.2765678870837	30.037853851524336		dr
132.0714546605733	88.04763644038219 	44.0238182201911	133.5554035876434	132.0714546605733	132.0714546605733	0	-2.967897854140233	0	2	73.37303036698516	24	0	1.1	103.41175514893106	30.103515656072066		dr
126.26134833370382	84.1742322224692 	42.08711611123462	127.87100639342405	126.26134833370381	126.26134833370381	3.219316119440478	0	0	2	70.14519351872434	24	0	1.1	103.51852894885991	30.159513789040115		dr
129.10347502300505	86.06898334867002 	43.03449167433503	130.58742301007936	129.10347502300502	129.10347502300502	2.967895974148689	0	0	2	71.72415279055835	24	0	1.1	103.63752869804199	30.219397407111256		dr
126.26126851350394	84.17417900900263 	42.08708950450131	127.87092570892766	126.26126851350394	126.26126851350394	3.219314390847444	0	0	2	70.14514917416885	24	0	1.1	103.74226823422468	30.274340426080652		dr
130.5873609721893	87.05824064812617 	43.529120324063115	133.55525553823068	130.58736097218926	130.58736097218926	0	-5.9357891320828315	0	2	72.54853387343849	24	0	1.1	103.86597833900792	30.335422361094395		dr
130.61878835120595	87.0791922341373 	43.539596117068655	133.55523439207414	130.61878835120595	130.61878835120595	0	-5.872892081736381	0	2	72.56599352844775	24	0	1.1	103.98869765099049	30.3959919654796		dr
127.61942598438507	85.07961732292338 	42.53980866146169	130.58731961042986	127.61942598438507	127.61942598438507	0	-5.935787252089568	0	2	70.89968110243615	24	0	1.1	104.09660052009274	30.451443183269472		dr
124.65153235456447	83.10102156970964 	41.55051078485482	124.65153235834029	124.65153235456447	124.65153235456447	0	-7.55166240651306e-9	0	2	69.25085130809137	24	0	1.1	104.19003202843125	30.501893490549406		dr
129.22908232124792	86.15272154749861 	43.0763607737493	130.58731961042986	129.22908232124792	129.22908232124792	0	-2.7164745783639006	0	2	71.7939346229155	24	0	1.1	104.3033308985345	30.55879153255483		dr
129.10331146351226	86.06887430900815 	43.034437154504104	130.58725757436824	129.10331146351223	129.10331146351223	0	-2.967892221712006	0	2	71.72406192417347	24	0	1.1	104.41504252270107	30.614988134455505		dr
129.10331146351226	86.06887430900815 	43.034437154504104	130.5872575705924	129.10331146351223	129.10331146351223	0	-2.967892214160358	0	2	71.72406192417347	24	0	1.1	104.52575224889306	30.67068073095797		dr
133.5551286404631	89.03675242697541 	44.518376213487684	136.52302039028757	133.55512864046312	133.55512864046312	5.935783499648892	0	0	2	74.19729368914616	24	0	1.1	104.65534767921257	30.7325008000764		dr
127.6193451445891	85.07956342972608 	42.539781714863025	130.58723689063868	127.61934514458912	127.61934514458912	0	-5.935783492099105	0	2	70.89963619143839	24	0	1.1	104.7574098901698	30.78497760414212		dr
130.5872162106807	87.05814414045379 	43.52907207022692	133.55510748861863	130.58721621068068	130.58721621068068	0	-5.935782555875903	0	2	72.54845345037816	24	0	1.1	104.87170106857916	30.84136740266462		dr
135.3032076338139	90.2021384225426 	45.10106921127131	137.0513077790092	135.3032076338139	135.3032076338139	3.4962002903905613	0	0	2	75.16844868545218	24	0	1.1	105.00576056886652	30.90418547230606		dr
129.3517354814036	86.23449032093572 	43.11724516046789	130.83280746651315	129.35173548140358	129.35173548140358	2.9621439702191026	0	0	2	71.86207526744644	24	0	1.1	105.11254116058818	30.95775152356993		dr
127.65058107155517	85.10038738103678 	42.550193690518384	127.68203930639271	127.65058107155517	127.65058107155517	0	-0.06291646967507347	0	2	70.91698948419732	24	0	1.1	105.21096054884566	31.00837354176621		dr
129.25944794628757	86.17296529752504 	43.08648264876253	130.64839375832494	129.25944794628757	129.25944794628757	2.777891624074755	0	0	2	71.8108044146042	24	0	1.1	105.3155191897041	31.060887059622715		dr
129.26166125060323	86.17444083373549 	43.08722041686774	133.61484925688248	129.26166125060323	129.26166125060323	0	-8.706376012558493	0	2	71.8120340281129	24	0	1.1	105.41918214234869	31.11294910878828		dr
127.6189005245998	85.07926701639987 	42.53963350819993	127.61890052648769	127.6189005245998	127.6189005245998	3.775795676119742e-9	0	0	2	70.89938918033322	24	0	1.1	105.5148705836515	31.16220205878574		dr
129.13354424930253	86.08902949953502 	43.044514749767515	130.64822839598557	129.13354424930253	129.13354424930253	0	-3.029368293366062	0	2	71.74085791627918	24	0	1.1	105.61623828178735	31.21319910896163		dr
126.16789145989907	84.11192763993272 	42.05596381996635	130.5867198905016	126.16789145989907	126.16789145989907	8.837656861205076	0	0	2	70.09327303327726	24	0	1.1	105.70406585947158	31.25953571029071		dr
129.10277989342248	86.06851992894832 	43.03425996447416	130.58671989427742	129.10277989342248	129.10277989342248	0	-2.9678800017098865	0	2	71.72376660745692	24	0	1.1	105.80363485536074	31.309640919882984		dr
127.61883989445518	85.07922659630344 	42.539613298151735	130.5867198905016	127.61883989445516	127.61883989445516	5.935759992092855	0	0	2	70.89935549691954	24	0	1.1	105.89607216484842	31.357225548604458		dr
126.26057008410696	84.17371338940463 	42.086856694702334	127.87021974991808	126.26057008410694	126.26057008410694	3.219299331622281	0	0	2	70.1447611578372	24	0	1.1	105.98199831640649	31.402498253862255		dr
126.29490577828892	84.19660385219261 	42.09830192609631	127.6815747044338	126.29490577828892	126.29490577828892	2.7733378522897567	0	0	2	70.16383654349384	24	0	1.1	106.06734666708667	31.447438605426264		dr
127.68166089064533	85.12110726043021 	42.560553630215125	133.6144898712406	127.68166089064532	127.68166089064532	0	-11.865657961190578	0	2	70.93425605035851	24	0	1.1	106.1577831282731	31.493936994651325		dr
127.61859737352813	85.07906491568541 	42.539532457842725	127.618597375416	127.61859737352812	127.61859737352812	0	-3.7757672544103116e-9	0	2	70.89922076307118	24	0	1.1	106.24720318762833	31.539960309081287		dr
126.26335801349981	84.17557200899988 	42.08778600449993	127.61859737164023	126.26335801349981	126.26335801349981	0	-2.710478716280832	0	2	70.14631000749989	24	0	1.1	106.33025777196804	31.583727220680537		dr
129.16464481656317	86.10976321104211 	43.05488160552106	130.64785632961633	129.16464481656317	129.16464481656317	2.966423026106341	0	0	2	71.75813600920176	24	0	1.1	106.4246147432267	31.631128685080704		dr
129.16460884473096	86.10973922982065 	43.05486961491032	133.61427846142414	129.16460884473096	129.16460884473096	0	-8.899339233386343	0	2	71.75811602485054	24	0	1.1	106.51819496586663	31.678139964627327		dr
128.02653476275836	85.35102317517224 	42.675511587586115	128.1833136940987	128.02653476275836	128.02653476275836	0.3135578626806961	0	0	2	71.12585264597686	24	0	1.1	106.60634389946044	31.723211159803384		dr
128.18316278392066	85.45544185594709 	42.72772092797358	128.18319296357808	128.18316278392064	128.18316278392064	0	-0.000060359314858260404	0	2	71.21286821328925	24	0	1.1	106.69441254796844	31.76812752620408		dr
132.46263491882462	88.30842327921641 	44.15421163960821	134.09374213322138	132.46263491882462	132.46263491882462	0	-3.262214428793527	0	2	73.59035273268034	24	0	1.1	106.7991614193947	31.818477461624422		dr
