_avgSpeed	_exSpeed	 DiffAvgExpSpeed	 Max Speed	AvgTop3Speed	_speedMedian	_maxAcceleration	_maxDecceleration	Num Of Stops(including end/start point)	duration	distance	stopDurationMedianSoFar(while moving)	ratio Of Short Stop(while moving)	ratio Of Instant Stop(in short stop)	Avg of AvgSpeed	Avg of DiffAvgExp	label
17.213570553654396	20.508030071496247 	-3.294459517841851	38.75260173923438	37.62575553657938	22.561912811677328	17.406558863567295	-14.441578137076892	0	22	105.19404227233241	0	1.1	1.1	17.213570553654396	-3.294459517841851		dr
13.126303676172505	20.64945394285938 	-7.523150266686876	32.61485523204454	29.839499907021295	23.887980148380432	8.558808473490878	-11.859947352305369	1	26	94.80108210569031	12	0	1.1	15.16993711491345	-5.408804892264364		dr
25.82510107786278	23.980451000872574 	1.844650076990206	29.649887218133824	28.761304520534182	26.68489849594352	5.9299774443807	-5.929977440608749	0	13	93.25730944783781	12	0	1.1	18.72165843589656	-2.990986569179507		dr
5.58895760412278	14.589233083790981 	-9.0002754796682	26.98413493804453	26.784638329961112	18.23572762377151	3.833295403215857	-12.59553239873205	0	62	96.2542698487812	26.5	0	1.1	15.438483227953116	-4.4933087968016805		dr
6.047199357849878	16.81694274430492 	-10.769743386455044	35.57987595964739	33.60321618033959	20.754914465650423	0.7419349726855791	-16.115765301639243	0	57	95.74732316595639	27	0	1.1	13.560226453932469	-5.748595714732353		dr
22.85981989812129	22.75902736716187 	0.10079253095942065	39.36931165115562	36.17812558212361	21.530677741085036	5.78406604119445	-8.595709676268562	0	15	95.24924957550539	27	0	1.1	15.110158694630606	-4.773697673783724		dr
9.564759076094594	23.541444833703295 	-13.976685757608701	40.18455198162489	37.64182825049968	28.208770645952185	4.1170369647492535	-8.171262302960251	1	37	98.30446828208332	25.5	0	1.1	14.317958749125461	-6.0884102571872925		dr
40.67724167612091	36.60951750850882 	4.067724167612084	48.09002002420033	45.68307529722282	44.18212336370432	12.419584128882533	-4.404580790666074	0	9	101.69310419030226	25.5	0	1.1	17.612869114999892	-4.8188934540873705		dr
15.509191648581739	20.008941699153034 	-4.499750050571295	40.07501668598387	34.95857089544598	21.309568100754674	7.878178491730729	-8.55884779400077	0	22	94.7783934079995	25.5	0	1.1	17.379127174286765	-4.783433075918918		dr
62.63625623167149	52.19688019305957 	10.439376038611918	76.66038242937478	66.96431138377874	60.11252502642658	12.54035573383996	-16.547857402948196	0	5	86.99480032176595	25.5	0	1.1	21.904840080025238	-3.261152164465834		dr
45.31453669027929	39.65021960399438 	5.66431708628491	60.185612545373644	52.12188419792477	44.182132360880665	0	-12.095592521173316	0	7	88.1115991199875	25.5	0	1.1	24.032994317321062	-2.449745868943039		dr
38.32094608682469	34.48885147814222 	3.8320946086824677	48.090020021651114	42.74668446368988	36.18919996621167	8.015003335667245	-0.12168494678681441	0	9	95.80236521706172	25.5	0	1.1	25.223656964779696	-1.9262591624742467		dr
21.08507041018915	25.158120183201827 	-4.073049773012677	48.090020021651114	42.74668446453961	28.052511681208394	24.04501000955095	-14.026255841878804	0	16	93.71142404528511	25.5	0	1.1	24.905304152888114	-2.0913969017464336		dr
0.5307710839440118	16.83158270980888 	-16.30081162586487	40.075016683434654	37.40334890572864	17.791970643973	5.462889555511619	-17.791970643973	0	642	94.65417663668211	25.5	0.16666666666666666	0	23.164266076534965	-3.1063550963263222		dr
18.404095615992137	19.93010170882136 	-1.526006092829224	26.986873752617154	26.8871342892719	24.045010012100164	3.5848900469034373	-9.232005050303687	0	19	97.13272686218073	25.5	0.16666666666666666	0	22.846921379165444	-3.000998496093182		dr
29.177228850137425	27.853685818067504 	1.3235430320699209	40.075016683434654	37.605353872952755	32.06001335031662	8.499329399339	-4.129190509658024	0	12	97.25742950045809	25.5	0.16666666666666666	0	23.242565596101194	-2.7307146505829882		dr
42.65812759612344	37.918335640998606 	4.739791955124836	48.18135045636269	46.817835058547935	44.0825183550921	4.443933832532593	-12.113835439487055	0	8	94.79583910249653	25.5	0.16666666666666666	0	24.384657478455445	-2.2912730855413517		dr
20.489329268962845	21.772828403258327 	-1.2834991342954822	35.582315216507155	33.41981695184616	23.7215434751576	8.895578813557098	-13.67949472979044	0	17	96.75516599232454	25.5	0.16666666666666666	0	24.168250355705855	-2.23528564380547		dr
31.247065929789056	30.247615985979593 	0.9994499438094628	48.09002002420033	46.78739119340102	36.06751501687564	8.01500333821646	-4.007501671657444	0	12	104.15688643263017	25.5	0.16666666666666666	0	24.540819596447076	-2.0650364023520527		dr
40.11513229453992	35.65789537292437 	4.4572369216155465	48.090020021651114	45.48476426524559	42.07876752053798	4.107120030075308	-8.136692140214208	0	8	89.14473843231093	25.5	0.16666666666666666	0	25.31953523135172	-1.7389227361536725		dr
18.475646115232113	22.661407258125372 	-4.185761142893259	37.967808226337105	36.862392026201796	28.05251167865918	5.907794881118917	-12.022505007324693	0	19	97.51035449705837	25.5	0.16666666666666666	0	24.99363574963174	-1.8554388507603194		dr
3.532948446040204	15.864212002495188 	-12.331263556454985	36.06751501687564	34.731681128022636	13.979498082316857	8.01500333821646	-10.200909425141361	0	103	101.08158053948361	27	0.14285714285714285	0	24.01814996310485	-2.331612701019168		dr
27.425295572912113	25.31565745191887 	2.1096381209932424	36.18920474636214	33.74985354673111	27.68010248561273	7.775815469578664	-5.594471480230787	0	12	91.41765190970705	27	0.14285714285714285	0	24.166286728748645	-2.1385148391925415		dr
41.86909694464379	36.63545982656333 	5.233637118080466	44.182136247486795	44.115724319223666	40.51145559943322	4.007501671657444	-4.107119561502927	0	7	81.4121329479185	27	0.14285714285714285	0	24.90390382107761	-1.8313418409728328		dr
54.11532524021389	46.384564491611904 	7.730760748601988	64.12002669553482	56.13312878966843	52.09752169203395	12.02250500222626	-0.08431628685336534	0	6	90.19220873368982	27	0.14285714285714285	0	26.07236067784306	-1.44885773738984		dr
61.096214281478616	50.91351190123218 	10.18270238024644	64.18855123147894	62.85423773282395	60.18561140949225	4.076025531074066	-4.076026205052358	0	5	84.8558531687203	27	0.14285714285714285	0	27.419431970290585	-1.0014900405576754		dr
25.465868515856716	25.566857217586257 	-0.10098870172954122	52.09752169075934	46.75418613279811	24.136076294247207	3.789304426572066	-16.030006673883705	0	12	84.88622838618905	27	0.14285714285714285	0	27.347077768274517	-0.9681381391195963		dr
38.34562070840848	34.51105863756763 	3.834562070840853	44.0825183550921	42.7831978962929	40.18455629221655	8.015003335667245	-3.897961373848389	0	9	95.8640517710212	27	0.14285714285714285	0	27.7398828732793	-0.7966131316210089		dr
7.566207306486345	22.680493513286788 	-15.114286206800443	40.51139388698915	38.925197910103435	28.130641655633347	11.300240831203592	-18.033757507163212	1	45	94.5775913310793	30.5	0.125	0	27.044238888217475	-1.2903259962823688		dr
26.322997075709544	25.24405431873999 	1.0789427569695533	36.189181885095714	34.81784159504674	26.40897457728859	5.100435075239423	-10.200870899586679	0	13	95.05526721784003	30.5	0.125	0	27.020197494467208	-1.2113503711739713		dr
27.00855832824249	25.07937559051089 	1.929182737731601	32.06001334776741	31.346369553042283	28.20876377105966	5.863339581529914	-8.268454388215293	0	13	97.53090507420899	30.5	0.125	0	27.01982203749222	-1.1100428515318561		dr
20.43125952689994	21.815250304641264 	-1.3839907777413245	47.43909676936173	45.71804533893863	26.68450040129526	9.164441191207906	-6.199493411570817	1	17	96.48094776591637	27	0.2222222222222222	0	26.81392945903621	-1.118603724225902		dr
41.07981612844372	36.51539211417219 	4.56442401427153	48.93885719367853	46.25084478174498	41.03901375656527	7.236627949289797	-7.236601712095322	0	8	91.28848028543048	27	0.2222222222222222	0	27.24622905507886	-0.9463907624532525		dr
45.82535547963446	40.73364931523063 	5.091706164403831	50.40418430669632	49.41586696845908	45.956756278970495	4.4631958141069035	-2.964952018483821	0	8	101.83412328807657	27	0.2222222222222222	0	27.792673949918733	-0.7687996763692206		dr
24.319453828896123	25.470063355267836 	-1.1506095263717135	50.40418430669632	44.53861119430527	25.763391125459222	4.057876043996185	-9.164459813446147	0	14	94.57565377904048	27	0.2222222222222222	0	27.693439089318087	-0.7797085292264346		dr
39.27480198492776	35.70436544084342 	3.5704365440843446	56.41751808981878	50.86585271273981	40.18454672285384	8.32749806561845	-4.11703203708781	0	10	109.09667218035489	27	0.2222222222222222	0	28.015143614196134	-0.658871166078913		dr
56.2383942412869	48.204337921103054 	8.034056320183844	60.18559685404575	57.595472478831994	56.14416564508326	4.002288923746789	-3.6711220683773007	0	6	93.7306570688115	27	0.2222222222222222	0	28.77793417168507	-0.4239271799637034		dr
62.682270573442445	52.23522547786869 	10.447045095573756	72.19593360254989	65.70517420406816	60.18559613777107	12.010337464778814	-7.461940730666356	0	5	87.05870912978116	27	0.2222222222222222	0	29.670153550678684	-0.13784896218640183		dr
56.73601350218121	48.43476004583526 	8.301253456345947	60.18559370386509	58.13313041938479	56.10502335986757	7.751711358358541	-4.080570343997515	0	7	110.32002625424124	27	0.2222222222222222	0	30.364149959691566	0.07853827931442763		dr
59.11502103012903	50.67001802582487 	8.445003004304162	64.18853019107314	62.83138253242561	58.76510920231807	11.75466455564581	-7.751725072692345	0	6	98.52503505021504	27	0.2222222222222222	0	31.082921736452505	0.287699897439171		dr
59.708573639071396	51.178777404918335 	8.52979623415306	60.54730229018902	60.10330232010972	59.81962310460113	1.4095389122032742	-1.2873521365936185	0	6	99.51428939845232	27	0.2222222222222222	0	31.781108368223695	0.48872663735902194		dr
61.35724928794663	52.59192796109712 	8.76532132684951	66.95771286585719	64.54028439189183	60.92174648981051	9.704975896386415	-4.573587397087479	0	6	102.26208214657771	27	0.2222222222222222	0	32.48530219964567	0.6857884156802241		dr
67.24194045104554	56.03495037587129 	11.206990075174247	71.52696973047964	69.13054454356585	66.73561583733547	7.117967001451362	-4.791353893144162	0	5	93.39158395978546	27	0.2222222222222222	0	33.293596112468926	0.9304675240405502		dr
62.47152029131258	52.05960024276049 	10.41192004855209	69.12890962735146	65.17067131121136	61.97451567058196	2.3857979456136604	-4.819870910732384	0	5	86.7660004046008	27	0.2222222222222222	0	33.95673075289719	1.1459550814158126		dr
6.975613570410488	28.129619775660483 	-21.154006205249996	50.13129735841843	48.563007691674734	33.70209324284327	0.22163824591628156	-11.86325660308858	0	45	87.19516963013109	27	0.2222222222222222	0	33.35715037106415	0.6504003861565724		dr
38.091443997522234	34.282299597770006 	3.8091443997522276	43.84507852801997	43.100648939598386	38.99459928072594	5.892231315452424	-3.5929356312504623	0	9	95.22860999380558	27	0.2222222222222222	0	33.460069797726284	0.7190687342782169		dr
51.88352699303097	45.39808611890209 	6.4854408741288765	54.83288441724976	53.36182030525071	51.66601232931294	3.166770798756332	-1.920450550695989	0	7	100.88463581978243	27	0.2222222222222222	0	33.85205824869021	0.8417575032112097		dr
57.37535578091137	49.178876383638304 	8.196479397273066	59.8175123963558	58.76022904496761	56.645797343188846	4.984757292813391	-3.1716955487099767	0	6	95.62559296818561	27	0.2222222222222222	0	34.34212694727815	0.9949808760041651		dr
57.996524816157276	49.711306985277666 	8.28521783087961	59.81719666489898	59.39560653406114	58.32786413140646	6.23121479819887	-6.23128869265269	0	6	96.66087469359546	27	0.2222222222222222	0	34.82486976092875	1.1437612220220312		dr
63.36712946622071	52.80594122185059 	10.561188244370122	65.49708584690704	65.24883447637016	64.7524419716208	4.952461952318814	-4.952565839502185	0	5	88.00990203641766	27	0.2222222222222222	0	35.395714955034585	1.3321097624689928		dr
63.20872615557022	52.67393846297517 	10.534787692595046	69.6577258383481	64.7881884702745	62.09337833241275	7.564405028731748	-0.5200829076499005	0	5	87.78989743829196	27	0.2222222222222222	0	35.9410681158294	1.5125544277655822		dr
66.09328650954237	55.077738757951956 	11.015547751590411	69.65747692237753	67.87385417230291	64.75197861007116	7.5644034669221725	-4.905680347029843	0	5	91.79623126325328	27	0.2222222222222222	0	36.52091846955465	1.6953042993775982		dr
65.48570985072531	54.57142487560443 	10.914284975120886	66.95326238421016	66.21928229770793	64.75138837138554	2.5678110010115773	-2.567945160223971	0	5	90.95237479267405	27	0.2222222222222222	0	37.06742396731259	1.8692473309953963		dr
66.06572321530142	55.05476934608452 	11.010953869216898	69.21134931667976	67.82843544466475	66.73056908899935	4.460192631948544	-7.119196258898093	0	5	91.75794891014085	27	0.2222222222222222	0	37.60442950894201	2.038538192814313		dr
65.48494798650458	54.57078998875382 	10.914157997750756	66.95243728743814	66.21849684996671	64.75074847690554	2.5678439088956253	-2.201688810532602	0	5	90.95131664792302	27	0.2222222222222222	0	38.11134802671587	2.199913098358612		dr
65.55101291635788	54.6258440969649 	10.92516881939298	69.21051325759296	66.97106575793829	64.75057195550814	4.460062670091958	-7.119096537119454	0	5	91.0430734949415	27	0.2222222222222222	0	38.60134204260233	2.3557212362342255		dr
65.2352537217498	54.36271143479149 	10.872542286958307	67.54237257070348	65.68083565743144	64.7500368608332	0.36631208307959184	-3.158587113025419	0	5	90.60451905798583	27	0.2222222222222222	0	39.06860365100843	2.5051391494048234		dr
65.02941602846983	54.19118002372486 	10.838236004744964	67.54190718674953	65.92875636937062	64.74985481821541	4.930697213204823	-2.138644844670708	0	5	90.31863337287476	27	0.2222222222222222	0	39.51620386441294	2.6488132331175844		dr
62.90598071166367	52.42165059305307 	10.4843301186106	67.5416639189299	64.23502056170322	62.2453933421104	2.110863694335464	-7.684674829493247	0	5	87.36941765508844	27	0.2222222222222222	0	39.91264076012905	2.781618604058144		dr
64.08764665469648	53.40637221224708 	10.681274442449407	71.13840358833866	66.58171180036076	63.39652852060151	11.85640059616496	-5.928200296196536	0	5	89.01062035374511	27	0.2222222222222222	0	40.31555752503851	2.9132795346979985		dr
64.80579578232475	54.00482981860396 	10.800965963720792	67.39607992145669	65.84578646253043	64.74943556524302	5.305756210626662	-3.301520190061545	0	5	90.00804969767326	27	0.2222222222222222	0	40.71703684073173	3.0425858696000114		dr
65.9390952868855	54.949246072404584 	10.98984921448092	69.20973596444665	66.97016316357387	64.74955692689454	2.568024917707689	-4.8079207024134405	0	5	91.58207678734098	27	0.2222222222222222	0	41.123844235024535	3.1707675364529293		dr
59.37438000073904	49.47865000061588 	9.895730000123159	65.5854275439704	62.7605772373534	59.77749118446023	2.6666145603408395	-5.807936359510165	0	5	82.46441666769311	27	0.2222222222222222	0	41.41353527892477	3.277512972384203		dr
40.42467239493955	35.93304212883516 	4.491630266104387	45.17920868665154	44.342289232637086	41.59494847811014	10.353587290723823	-2.9641731154036677	0	8	89.83260532208789	27	0.2222222222222222	0	41.3980842963625	3.2964835550985807		dr
49.18418139795539	43.03615872321097 	6.148022674744425	53.173646757549385	51.142789805652846	48.768939790118175	2.7167851475102225	-4.404809970254291	0	7	95.63590827380214	27	0.2222222222222222	0	41.51787040561777	3.3403533877085168		dr
51.04569712309308	43.753454676936926 	7.292242446156152	55.833356186506094	53.18475540030179	50.54749469655525	7.091023163553004	-5.285898753372052	0	6	85.0761618718218	27	0.2222222222222222	0	41.662231416488616	3.400230494654693		dr
27.252109115240824	26.059492331139392 	1.192616784101432	47.96072140951876	45.478008149602424	24.045010012100164	9.225365549962518	-22.28196115832061	0	12	90.84036371746942	27	0.2222222222222222	0	41.44715496423118	3.3672810362882264		dr
25.40827720964302	25.254794261385133 	0.15348294825788855	41.04972281717527	39.842378570842534	29.640723761641805	12.791881834071408	-8.451100059620629	0	13	91.75211214593313	27	0.2222222222222222	0	41.211289114899	3.320019299699545		dr
25.19864939590655	23.952510667148488 	1.246138728758062	36.06751501687564	33.577002454247044	26.97599607098524	8.015003335667245	-7.838487274737464	0	14	97.9947476507477	27	0.2222222222222222	0	40.97922187259477	3.289963059540973		dr
19.001543457951225	18.024065671070414 	0.9774777868808115	28.20866766491619	27.33114562906711	22.570142530483338	8.644484161318466	-10.67344877084274	0	8	42.225652128780496	27	0.2222222222222222	0	40.665255038099865	3.2569275556458277		dr
