_avgSpeed	_exSpeed	 DiffAvgExpSpeed	 Max Speed	AvgTop3Speed	_speedMedian	_maxAcceleration	_maxDecceleration	Num Of Stops(including end/start point)	duration	distance	stopDurationMedianSoFar(while moving)	ratio Of Short Stop(while moving)	ratio Of Instant Stop(in short stop)	Avg of AvgSpeed	Avg of DiffAvgExp	label
17.671413250743385	21.56176379972039 	-3.890350548977004	48.723290959216655	44.7599302533325	25.637214772617735	13.402136893703869	-10.33762330637721	1	51	250.34502105219795	21	0	1.1	17.671413250743385	-3.890350548977004		bus
9.77402190023601	12.935273460096074 	-3.161251559860064	36.73535819141619	35.7483325546589	9.969938065304763	17.931672481346983	-12.391204206923234	2	122	331.2307421746648	18	0	1.1	13.722717575489696	-3.525801054418534		bus
17.366321034483917	17.18299800678797 	0.18332302769594833	48.72351966841157	46.25888312583036	14.824164807159384	20.896475937210084	-19.060005851544606	2	50	241.19890325672102	12.5	0.5	0.5	14.937252061821104	-2.2894263603803733		bus
23.993406377830496	23.36200094683496 	0.6314054309955353	41.05025753593617	40.293033379981026	24.925317457755394	20.219613607988357	-16.573783007462225	0	37	246.59889888325787	12.5	0.5	0.5	17.20129064082345	-1.5592184125363961		bus
25.381257268340015	22.927105351413918 	2.4541519169260972	47.43905912033357	44.598511324318196	21.471232629395224	29.50786046210828	-15.193697580419688	0	34	239.711874200989	12.5	0.5	0.5	18.837283966326765	-0.7565443466438975		bus
12.5533603991021	17.697514849873027 	-5.144154450770927	48.090020021651114	42.655495130238656	18.012588032280874	27.834334064093127	-25.12564495241841	1	69	240.60607431612357	15	0.4	0.5	17.789963371789323	-1.4878126973317356		bus
15.746301046577907	16.98530169999454 	-1.2390006534166336	44.18212213215694	42.77988572356123	17.09170083644094	20.03750834044272	-16.030006676432922	2	57	249.3164332374835	11	0.2857142857142857	0.5	17.498011611044834	-1.4522681196295781		bus
17.050658900310452	17.568888140876957 	-0.5182292405665052	41.51187108031535	39.87918776365132	18.236555272670497	12.382756425986157	-16.030006673883705	1	52	246.28729522670653	12.5	0.25	0.5	17.442092522203037	-1.335513259746694		bus
13.509531283112592	14.590734064831791 	-1.081202781719199	44.9710550408604	37.058116364108066	15.357713292462497	18.745748694493887	-35.21465786660835	1	67	251.42738776903988	11	0.2222222222222222	0.5	17.00514127341521	-1.3072565399658613		bus
18.97185404426829	17.51248065624765 	1.4593733880206408	41.746424766210254	34.66896439629634	16.87073485076946	14.955485740054486	-10.6162050764679	0	12	63.2395134808943	11	0.2222222222222222	0.5	17.201812550500517	-1.0305935471672112		bus
33.636255714993325	32.43496086802928 	1.2012948469640463	92.1725383767432	66.3248770550739	30.456472144668492	32.06001335031662	-52.09752169330855	0	27	252.2719178624499	0	1.1	1.1	33.636255714993325	1.2012948469640463		bus
14.692996654037271	14.350892853046927 	0.3421038009903441	42.27589073804606	36.443523746541416	14.170210530066903	21.385773612991564	-18.059273247867615	1	41	167.33690633764672	7	1	0	24.1646261845153	0.7716993239771952		bus
15.644614795702433	16.567191332403635 	-0.922576536701202	82.43321962223997	60.56980322250212	9.755954428922152	36.17804743656755	-52.783633566083125	2	58	252.05212726409476	7	0.6666666666666666	0	21.324622388244343	0.2069407037510628		bus
24.13321271898077	23.970746435132458 	0.1624662838483104	52.09752169075934	48.21143593555959	24.405233770639384	20.03750834044272	-21.138364197403675	1	37	248.03579738952456	6.5	0.75	0	22.02676997092845	0.1958220987753747		bus
29.53332121523478	28.580633434098157 	0.9526877811366212	47.5370588622181	44.50861070146723	32.33193942983162	26.686185898025506	-24.045010014649378	0	30	246.11101012695647	6.5	0.75	0	23.528080219789715	0.347195235247624		bus
9.108120069235806	10.538443257674922 	-1.4303231884391163	41.51183156340237	32.62166096023599	8.720615605023216	23.721046606040158	-16.473291090723656	3	98	247.94326855141918	12	0.42857142857142855	0	21.12475352803073	0.05094216463316729		bus
17.136509092454453	17.423645008651533 	-0.2871359161970801	55.11466852593502	45.65791325336813	18.06158905529275	37.526709973110165	-31.128531101293692	1	52	247.5273535576754	9.5	0.5	0	20.555004322948406	0.0026452959431319456		bus
23.863548741396812	22.77884198042423 	1.0847067609725833	38.54603398608743	33.95896462244032	26.685724307681365	9.959424444745853	-17.25839000110399	0	21	139.20403432481473	9.5	0.5	0	20.968572375254457	0.13790297907181337		bus
30.997915402109285	29.997982647202523 	0.9999327549067623	62.26038855611907	49.494340164509644	31.56283326184868	27.499278945978887	-17.784153145570507	0	30	258.31596168424403	0	1.1	1.1	30.997915402109285	0.9999327549067623		bus
8.124954243232356	8.838453214785332 	-0.7134989715529763	31.764208484610112	29.063136399653732	7.157344214822508	15.357622442799501	-16.379965005226772	4	109	246.00555903120187	13.5	0.25	0	19.56143482267082	0.143216891676893		bus
13.953365877487633	15.754217132968556 	-1.8008512554809233	40.378075735438955	39.501260101936516	12.519294311513189	13.336801078200988	-18.128385207373416	2	63	244.18390285603357	13.5	0.3333333333333333	0	17.692078507609757	-0.5048058240423791		bus
31.613651071196767	30.559862702156867 	1.0537883690399	48.18134379606218	45.58115262493657	36.06751501687564	16.301933782366266	-19.972564148502723	0	29	254.66552251797393	13.5	0.3333333333333333	0	21.17247164850651	-0.11515727577180934		bus
15.782648017602455	16.60237637315822 	-0.819728355555764	41.050323298480265	39.5993528518857	17.56168107490155	31.595131355484924	-34.744722825725475	1	55	241.12378915781528	15	0.2857142857142857	0	20.0945069223257	-0.2560714917286003		bus
20.31112457590378	29.943361334400233 	-9.632236758496454	57.25647374616469	51.15835883366068	29.649360188847524	30.572049576578834	-14.488541611682564	0	47	265.17301529652156	15	0.2857142857142857	0	20.13060986458871	-1.8187657028565758		bus
23.964774686816618	23.334122721374072 	0.6306519654425458	48.723765217303566	46.38743373951089	21.923005795949386	21.095804075226468	-35.00380653550861	0	37	246.30462872561523	15	0.2857142857142857	0	20.678347696335553	-1.4688488930995585		bus
17.535466301376804	18.955722713958572 	-1.420256412581768	63.52543386678109	46.69150330220998	16.88745847523839	24.530367659695656	-14.42635332566164	1	50	243.54814307467785	15.5	0.25	0	20.28548752196571	-1.4627748330348347		bus
23.577885604156545	24.001013943902098 	-0.42312833974555275	57.2543714561414	48.73248010474786	24.05436893029579	20.037508342991934	-40.40243271631664	1	37	242.32826870938672	15	0.3333333333333333	0.3333333333333333	20.651309531098022	-1.3472585560026922		bus
8.999737349377467	16.704701423045524 	-7.704964073668057	52.376866102262404	46.91238773676549	14.834744249389107	27.452176977641198	-19.840303629009433	2	103	257.4924852738553	15	0.36363636363636365	0.25	19.486152312925967	-1.9830291077692288		bus
45.968099781956894	41.789181619960814 	4.17891816199608	92.95715084518379	68.73170283765917	39.390972106019085	59.740345744351984	-35.74443032048925	0	10	127.68916606099137	15	0.36363636363636365	0.25	21.89360208283787	-1.4228520832451097		bus
10.285497329589917	18.772356893758122 	-8.486859564168205	46.764632854696345	45.734174870656695	17.116390671404673	4.238541617505752	-7.248501274271521	2	99	282.85117656372273	34.5	0	1.1	10.285497329589917	-8.486859564168205		bus
51.47902746270382	42.89918955225318 	8.579837910450635	54.84939916626271	52.73454786496179	51.106922655408354	0.08623511634093954	-0.9212154143867105	0	15	214.4959477612659	34.5	0	1.1	30.882262396146867	0.04648917314121537		bus
14.24184677945442	13.49227589632524 	0.7495708831291807	38.73918279543139	33.59924919064905	11.757023990539148	4.623529085770126	-5.700118729318576	1	54	213.6277016918163	21	0	1.1	25.33545719058272	0.28084974313720384		bus
19.503452901838887	18.419927740625624 	1.083525161213263	41.85241677030596	39.353753150913036	14.885028314696417	6.221720490711646	-6.411043018712994	1	51	276.29891610938427	12	0	1.1	19.503452901838887	1.083525161213263		bus
14.52940560181925	16.789535362102242 	-2.260129760282993	45.541730612675174	37.59162940444233	15.898945536006739	4.010412284576037	-7.577217451362846	1	52	209.86919202627803	18.5	0	1.1	17.016429251829067	-0.588302299534865		bus
7.617074968107237	8.768955549080134 	-1.1518805809728976	34.591710761172756	29.77641881856972	4.172929895838817	5.364159651998732	-23.281099878989398	3	109	230.62810320102466	15	0.25	0	13.883311157255124	-0.7761617266808759		bus
8.933297276257742	12.553170558116747 	-3.6198732818590056	48.11693719101759	46.32102343142782	8.015003335667245	36.06751501687564	-13.908464673308483	4	101	250.62861802834215	16	0.5	0	8.933297276257742	-3.6198732818590056		bus
57.12824153816713	53.55772644203168 	3.570515096135452	68.70584373249363	66.21593740448036	56.18332332922556	12.600820375175275	-15.828296700536207	0	15	238.03433974236304	16	0.5	0	33.03076940721244	-0.02467909286177683		bus
10.893295482377532	13.222761896376332 	-2.3294664139987997	56.805829642082315	43.724656792184824	9.756398463363013	15.681255267301784	-22.622250337745037	2	79	239.04731752995139	17.5	0.3333333333333333	0	25.65161143226747	-0.7929415332407844		bus
26.92866271299145	25.245621293429483 	1.6830414195619667	40.51140063711292	36.21297633476839	28.05251167865918	12.458888958453741	-12.458888955904527	0	15	112.20276130413103	17.5	0.3333333333333333	0	25.970874252448464	-0.17394579504009666		bus
11.420027539940573	14.3412010041783 	-2.921173464237727	44.479596721316625	44.24807908004794	9.325527663674183	21.960521805519573	-18.995532138441003	3	79	250.60615990425146	16.5	0.5	0	11.420027539940573	-2.921173464237727		bus
14.853013595484192	19.18162158192279 	-4.328607986438598	47.27558016882903	44.544525442046165	19.92107354187032	14.660642111306153	-21.02457677034674	2	62	255.80190081111664	14	0.25	0	13.136520567712383	-3.6248907253381626		bus
9.937972265442635	14.789805921902218 	-4.851833656459583	47.67237670127438	44.79128683241553	7.586086055180236	7.114545088182717	-25.749275824543822	4	88	242.92821093304218	14	0.125	0	12.070337800289133	-4.033871702378636		bus
8.71500543631806	7.462661164881065 	1.2523442714369954	12.022505007324693	10.19570053323101	8.54584209196111	3.4766643847057885	-8.015003340765677	0	8	19.366678747373467	14	0.125	0	11.231504709296365	-2.7123177089247283		bus
7.0957815476930435	18.958315588266665 	-11.862534040573621	65.20770568581469	51.57077207501697	16.301916236229193	32.60385489510628	-36.535239726615	2	127	250.32340459917125	47.5	0	1.1	7.0957815476930435	-11.862534040573621		bus
15.3096269150597	15.922082236976845 	-0.6124553219171442	41.511548303457445	37.558059982498506	15.35763948045032	22.513414505826773	-29.65108711239221	1	58	246.65510029818407	33	0.3333333333333333	0	11.202704231376373	-6.237494681245383		bus
13.629417333721033	17.891827111167373 	-4.26240977744634	42.27827103685901	39.79042904753009	20.75581038465108	11.860464959070804	-13.875087351258083	1	66	249.87265111821895	32.5	0.25	0	12.011608598824594	-5.579133046645701		bus
6.7573895365416625	7.899803211471142 	-1.1424136749294798	26.68604191935004	23.58952009148071	7.157341878783229	15.499134944300922	-15.50526823309161	0	132	247.77094967319428	15	0.3333333333333333	0.3333333333333333	10.698053833253862	-4.469953203716646		bus
4.30487282974175	4.872528314093034 	-0.5676554843512847	18.33264250571543	11.808128707311155	2.9650715425618044	5.580800591523491	-11.175365348773653	0	19	22.720162156970346	14.5	0.4	0.25	9.41941763255144	-3.6894936598435732		bus
28.23284785890215	27.1104215595294 	1.1224262993727514	44.47962131797549	43.584177342995666	28.052511681208394	14.8255459050928	-20.252475343916963	0	33	258.8011053732697	0	1.1	1.1	28.23284785890215	1.1224262993727514		bus
17.51841400708866	21.048612639766766 	-3.5301986326781076	44.0825183550921	44.08251835424236	20.89667169208628	16.03000667643292	-15.811790005172593	1	51	248.1775317670893	16	0	1.1	22.875630932995406	-1.2038861666526781		bus
18.711951180347818	18.59490020301114 	0.11705097733667813	38.54879264655966	37.88314181498466	20.82688645461993	8.69993858226479	-8.895875222356388	1	38	197.5150402370047	12	0.5	0	21.48773768211288	-0.7635737853228927		bus
10.860911721060354	17.705669528303446 	-6.8447578072430915	74.13228177727227	53.342860904755064	16.45932838649783	31.05238189661104	-68.20169923606926	2	86	259.4551133364418	25.5	0	1.1	10.860911721060354	-6.8447578072430915		bus
22.216314715364504	21.660906847480383 	0.5554078678841208	40.51143700547025	40.36596182054467	20.037508342991934	11.860453658745817	-8.28693206955694	0	39	240.6767427497821	25.5	0	1.1	16.53861321821243	-3.1446749696794853		bus
6.498791214444017	9.035852055349851 	-2.537060840905834	29.429065131370677	25.132438971658303	8.01500333821646	12.337298337249123	-13.405502488420131	0	87	157.0541210157304	10.5	0.5	0	13.19200588362296	-2.942136926754935		bus
10.772212367088457	21.509616161105644 	-10.737403794017187	80.15003336941852	68.36111100669113	20.14660534433787	36.76826294556909	-44.08251834999367	2	85	254.34390311181082	28	0.5	1	10.772212367088457	-10.737403794017187		bus
12.291749868191356	13.492473239514482 	-1.2007233713231251	40.07501668853308	39.00123671465156	11.973626575489899	20.037508348090366	-20.03750834554115	2	72	245.83499736382714	11.5	0.5	0.5	11.531981117639907	-5.969063582670156		bus
19.691302246221117	20.030049663292846 	-0.33874741707172973	35.80636157965021	35.656381890868836	23.88899308523312	11.860440487588894	-8.080246775074114	1	46	251.61108425726982	10	0.6	0.3333333333333333	14.251754827166977	-4.092291527470681		bus
13.184532083784907	13.702135044531984 	-0.5176029607470767	43.846400499925366	41.3353316677998	12.202624971193188	23.80889215693343	-21.575660684268684	2	66	241.7164215360566	9	0.7142857142857143	0.2	13.98494914132146	-3.1986193857897796		bus
2.8491408203138713	2.1102346588442247 	0.7389061614696466	4.007501666559015	3.5170577647403736	3.2718358138310535	0.5212261207029061	-4.007501666559015	0	6	4.7485680338564515	9	0.7142857142857143	0.2	11.757787477119942	-2.4111142763378943		bus
21.99988314050142	24.98953119224578 	-2.9896480517443607	69.1522596459454	67.22449021216242	26.13982678557492	20.21155363901635	-15.94569209563668	1	41	250.55422465571064	19	0	1.1	21.99988314050142	-2.9896480517443607		bus
24.308923760832965	24.019556231146705 	0.2893675296862597	48.18135083279977	48.15090711325837	24.045010010825557	12.204658185295408	-15.681215633958583	0	35	236.33675878587604	19	0	1.1	23.154403450667193	-1.3501402610290505		bus
7.311676231082132	8.085030254099502 	-0.7733540230173697	44.479347893170264	42.50248798898723	4.272977003606007	12.022505007324693	-11.86116132596024	6	95	192.94701165355627	6.5	0.8333333333333334	0	17.873494377472174	-1.1578781816918235		bus
4.210067282792187	9.542036038098251 	-5.331968755306065	45.19579154680594	44.83832204331066	4.007501669108231	21.52372127988999	-15.006638189213902	0	217	253.77350010164014	22	0.42857142857142855	0	4.210067282792187	-5.331968755306065		bus
10.162803477464037	24.23031484809605 	-14.067511370632014	52.43397877502608	49.59889381811387	21.923455408644788	12.122122899719386	-8.53356644264711	1	88	248.42408500467644	28.5	0.375	0	7.186435380128112	-9.699740062969038		bus
14.453109014139935	16.55914432785077 	-2.1060353137108354	44.082518352542884	41.5563234175472	16.030006673883705	24.045010012100168	-16.030006678982136	2	60	240.88515023566558	18	0.4	0	9.60865992479872	-7.168505146549637		bus
4.5454481084474825	11.644472482113747 	-7.099024373666264	40.18455684462967	36.28530926181414	8.01500333821646	8.589561861815104	-16.139546835078722	0	192	242.42389911719908	14	0.4	0	8.34285697071091	-7.151134953328794		bus
6.581091283164249	10.828736804434465 	-4.247645521270216	33.37045126268075	31.160992096369114	8.54586674785452	19.78033368136973	-15.580493523263137	0	137	250.44708494263946	10	0.8	0	6.581091283164249	-4.247645521270216		bus
12.592090904844328	13.446340828058146 	-0.8542499232138177	36.47157092934935	35.87718478357706	11.859986886570596	23.71995870405356	-13.33114782608715	3	70	244.8462120386397	10	0.75	0	9.586591094004289	-2.5509477222420167		bus
10.37396203137605	18.56634477369782 	-8.19238274232177	66.54216420060303	48.09677894915355	20.75500339880594	27.546708897232364	-9.553777087183324	2	90	259.34905078440124	10	0.7	0.14285714285714285	9.849048073128209	-4.431426062268602		bus
8.10943808649923	8.145427294154759 	-0.03598920765552904	28.672422746928046	23.28271119428651	7.1571157531103715	12.845287737801232	-16.153108216056424	3	58	130.65205806026538	6	0.7692307692307693	0.1	9.414145576470965	-3.3325668486153335		bus
18.405607870559717	27.768347169329758 	-9.362739298770041	60.1125250289758	57.44085725042006	28.047429688389002	16.6623482027861	-11.044735518040987	2	50	255.63344264666276	12.5	0.5	0	18.405607870559717	-9.362739298770041		bus
17.54537147383207	18.84748645563443 	-1.3021149818023616	45.65024463459507	44.79654917777592	16.853577936098837	12.921126472549584	-16.301934038431877	2	50	243.68571491433428	10	0.75	0	17.97548967219589	-5.332427140286201		bus
10.314732178634149	12.824476900860672 	-2.5097447222265235	40.07501668598387	37.40334890572864	8.01500333821646	12.022505004775475	-12.022505004775475	4	85	243.54228755108406	10	0.7142857142857143	0	15.421903841008643	-4.391533000932975		bus
2.3138150601293783	13.750492191390794 	-11.436677131261415	61.27135869397461	48.061714690064	11.8599718287933	49.24885368664992	-28.667520568374314	0	389	250.02057177509116	10	0.6666666666666666	0	12.144881645788827	-6.152819033515085		bus
9.073077549738523	11.275669001827826 	-2.202591452089303	40.37637640838528	35.37201487446462	9.325531562503588	19.583643179670958	-22.140611602888946	3	101	254.550231256553	10	0.5833333333333334	0	11.530520826578766	-5.362773517229928		bus
8.402488713069722	11.169214645538185 	-2.7667259324684625	69.40712082244453	47.547911088632475	8.89498451449262	60.512136307951906	-47.158296786524176	3	86	200.72611925666558	10	0.5714285714285714	0	11.009182140993923	-4.930098919769684		bus
4.797650384024241	9.654938984419886 	-4.857288600395645	36.551794356265525	33.738560875624074	7.1573422646688085	12.327355603110437	-17.79050263316343	0	190	253.20932582350162	18	0	1.1	4.797650384024241	-4.857288600395645		bus
45.706012895155695	43.42071225039789 	2.285300644757804	60.76717338203943	57.789360816441274	48.09002002420033	16.287528476360485	-16.684655029496547	0	19	241.22617916887725	18	0	1.1	25.251831639589966	-1.2859939778189204		bus
12.023905679523034	16.25366541561996 	-4.229759736096925	35.58350654295519	34.676826559814245	17.791756094469704	8.84503274995223	-12.35078406219098	2	72	240.47811359046068	16.5	0	1.1	20.84252298623432	-2.2672492305782552		bus
4.723880647179146	5.364426518637373 	-0.6405458714582268	12.382795522635723	10.35220805186427	4.985287945220134	4.538456011327146	-8.375293850978277	0	70	91.85323480626117	14	0.25	0.5	16.81286240147053	-1.8605733907982482		bus
1.8632896437200694	10.155411631546746 	-8.292121987826677	33.58850263984978	30.079875369087947	5.020780560774192	2.5262359074921137	-5.451392447358956	0	491	254.13200418515393	207.5	0	1.1	1.8632896437200694	-8.292121987826677		bus
25.255048102886178	35.10692199957114 	-9.851873896684964	61.7338757698612	57.129037269418525	51.37384554431614	4.073050896830135	-1.8501830962216939	0	36	252.55048102886178	207.5	0	1.1	13.559168873303124	-9.07199794225582		bus
9.926201752793416	14.407528237498333 	-4.481326484704917	46.84811660225345	37.509335691280434	9.5464038706834	4.598970998271028	-6.191670880598846	2	78	215.06770464385733	42	0	1.1	12.348179833133221	-7.541774123072185		bus
1.182838203976488	6.320133710590943 	-5.137295506614455	22.795044296318654	18.40600732489408	4.94173021567133	2.412788224284942	-6.514322915948562	0	712	233.93911145312762	21	0.14285714285714285	0	9.556844425844037	-6.940654468957753		bus
4.6735479650380265	5.601869422273523 	-0.9283214572354961	17.631086612710842	14.725641762074998	5.030410500698887	2.0590575246351963	-1.8710590949242285	0	195	253.1505147728931	18	0.1111111111111111	0	8.580185133682836	-5.738187866613302		bus
5.058725921602299	7.117353664023322 	-2.058627742421023	18.77858972246958	16.539135230184765	6.835163013405497	1.5599029739782384	-3.6299091110256367	0	175	245.9102878556673	19.5	0.1	0	7.9932752650027465	-5.124927845914589		bus
6.349446493823431	5.180591840545965 	1.1688546532774664	9.542891178241788	6.90745578739462	6.504057570832207	0	-1.0129445358031939	0	12	21.164821646078103	19.5	0.1	0	7.758442583405701	-4.225816060315724		bus
17.737812050105056	17.06944748085005 	0.6683645692550044	33.63030902552823	31.143607948315964	16.854911130907944	5.570562207414446	-3.6062652157343726	0	53	261.14001073765775	0	1.1	1.1	17.737812050105056	0.6683645692550044		bus
9.254004551555065	12.765407010229772 	-3.5114024586747075	33.395847238319895	29.393643344879028	9.557482684995241	3.151670775009663	-6.679169446814239	2	90	231.3501137888766	24	0	1.1	13.49590830083006	-1.4215189447098515		bus
33.89180595059697	30.12604973386398 	3.7657562167329885	42.583857201830284	41.21727123971795	37.088015029283866	0.9877266846339765	-3.2608704274595937	0	24	225.94537300397977	24	0	1.1	20.294540850752362	0.30757277577109515		bus
4.4566257069352035	8.374949064291254 	-3.9183233573560505	29.40496073894377	25.837462256346296	5.366138904180913	4.414460184648021	-4.4527796314927395	0	154	190.6445441300059	30	0	1.1	16.335062064798073	-0.7489012575106913		bus
6.183425368079112	11.605300819488752 	-5.42187545140964	44.107652824138945	38.466269740548086	8.699219852819033	6.25963421057575	-4.297127214362075	0	151	259.36034182776274	30	0	1.1	6.183425368079112	-5.42187545140964		bus
18.298112402982284	18.532510878258574 	-0.23439847527628999	44.1821341309312	38.77238805489416	12.843882459902405	5.502221400089336	-7.515912452985982	0	48	243.97483203976378	30	0	1.1	12.240768885530699	-2.828136963342965		bus
18.594146415712487	19.983775145773507 	-1.3896287300610197	40.52566666315008	36.25157930957491	20.304678056918707	4.716584314490706	-4.29231477630033	1	33	170.44634214403112	30	0	1.1	14.358561395591295	-2.34863421891565		bus
10.141321130470889	15.322950249381563 	-5.181629118910674	38.54880487571941	37.56037398053667	9.809741425444056	3.283204093559481	-13.370595307290913	2	89	250.71599461441917	16.5	0.5	0	10.141321130470889	-5.181629118910674		bus
39.56212396810287	34.61685847209001 	4.945265496012858	50.77130982194449	45.48287455921676	37.520699707468495	3.156153676963745	-3.5613686917061003	0	21	230.77905648060005	16.5	0.5	0	24.851722549286876	-0.11818181144890794		bus
11.5103623411941	19.808262696054108 	-8.297900354860008	44.08251835424236	39.19064141730704	22.817241035123416	2.974513169522114	-6.310461439621862	1	72	230.20724682388197	27	0.3333333333333333	0	20.404602479922616	-2.844754659252608		bus
2.2815317806209	14.98684381693581 	-12.70531203631491	34.731681128022636	32.065090172851086	15.448872026054339	4.898057595293481	-6.569823593738327	0	400	253.50353118009997	174.5	0	1.1	2.2815317806209	-12.70531203631491		bus
8.47701832858744	17.95964896477126 	-9.482630636183822	36.56775896585967	33.640355852958386	20.27449081624585	2.6303874152668834	-4.215446192480915	2	101	237.8274586631476	34	0	1.1	5.37927505460417	-11.093971336249366		bus
20.48944119627776	21.789242738684113 	-1.2998015424063531	44.494489055887456	41.667655269528154	20.832926116783405	3.4126137456126435	-1.8604538503550074	0	36	204.8944119627776	34	0	1.1	10.4159971018287	-7.829248071635028		bus
5.459938649227622	13.04505762485862 	-7.585118975630998	34.02592499600774	28.154600398337095	11.508315403943211	3.2658002913049473	-5.584114703936197	0	174	263.8970347126684	54	0	1.1	5.459938649227622	-7.585118975630998		bus
14.550221820659477	17.261675871971153 	-2.7114540513116765	32.06001334861715	28.558498809678905	20.06186943439826	3.1169457423564886	-3.5622237050242433	1	60	242.50369701099126	12	0.3333333333333333	0	10.005080234943549	-5.148286513471337		bus
11.810552097530731	17.791510955402938 	-5.980958857872206	41.511607589321315	37.23725719702927	15.563681309122796	3.6240292344227583	-3.1486099143201876	1	75	246.0531686985569	24	0.25	0	10.606904189139277	-5.4258439616049605		bus
4.235953769930202	4.991373173249784 	-0.755419403319582	10.953747581243784	9.417946485889868	3.523158260665876	0.3567069634271907	-1.8956104460269236	0	39	45.88949917424385	12	0.2	0	9.014166584337008	-4.258237822033616		bus
7.3662598808151705	17.176006152775685 	-9.809746271960513	57.44936019961137	40.949508772136355	16.84182349535807	5.69026170282523	-2.6110055732344457	2	124	253.72672922807809	41	0	1.1	7.3662598808151705	-9.809746271960513		bus
20.967203073155048	20.466265364587333 	0.5009377085677151	49.42585391135386	45.071793425369954	16.060451126994998	2.67166777912224	-5.781739218606629	0	36	209.67203073155048	41	0	1.1	14.16673147698511	-4.654404281696399		bus
25.100108742425217	20.91675728535434 	4.183351457070877	39.5372169476049	29.386462863570113	18.96925893018921	3.5612179275756723	-0.09019205461023223	0	15	104.58378642677172	41	0	1.1	17.811190565465143	-1.708485702107307		bus
19.423267790232707	14.201041249665794 	5.222226540566913	25.857525557735265	22.78607181530285	14.48181131934332	2.6377648984767554	-2.1245084546198743	0	75	404.65141229651476	0	1.1	1.1	19.423267790232707	5.222226540566913		bus
10.464270238828668	18.246970082770016 	-7.782699843941348	36.06751501687564	32.144450847796136	21.20058443770054	2.990528934445624	-6.476740341242043	1	73	212.1921465095813	39	0	1.1	14.943769014530687	-1.2802366516872175		bus
13.037413160560893	18.766256606863013 	-5.72884344630212	34.82299550387661	33.04014379500277	23.706275935152355	2.9620231338418144	-5.587487254351875	1	70	253.50525589979515	19	0	1.1	13.037413160560893	-5.72884344630212		bus
14.122044689230597	12.552928612649419 	1.569116076581178	26.734952093480956	19.925164640664953	12.391653803172268	2.4096654712968797	-5.725826099000369	0	24	94.14696459487065	19	0	1.1	13.579728924895745	-2.079863684860471		bus
9.430068408404779	15.514953512079334 	-6.084885103674555	41.42264356755163	34.7761680435868	17.39394217898435	6.265080197856168	-4.938613513569305	1	96	251.46849089079413	39	0	1.1	9.430068408404779	-6.084885103674555		bus
12.467194353654772	14.54068657522955 	-2.073492221574778	31.740516328516218	29.411390091647764	16.855341727544566	4.179519412817485	-4.282942280534528	1	66	228.56522981700414	28.5	0	1.1	10.948631381029776	-4.0791886626246665		bus
15.454462886681343	22.89363945204369 	-7.439176565362347	38.54646829345421	35.28945042030931	29.65115141479408	2.2686506553969856	-5.051738518539624	0	54	231.81694330022012	28.5	0	1.1	12.450575216246966	-5.199184630203893		bus
7.146416004350728	8.069185610024116 	-0.9227696056733876	20.134776481611535	17.88660845378344	6.934620680293159	1.1814513611558848	-3.2455728040588734	0	78	154.8390134275991	28.5	0	1.1	11.124535413272906	-4.1300808740712665		bus
29.152078113507596	34.31518283951402 	-5.163104726006427	48.181351990295056	47.69220579914262	45.80389222673384	2.87800791490748	-4.85592964760279	0	31	251.0317837552043	0	1.1	1.1	29.152078113507596	-5.163104726006427		bus
10.095320913492309	12.459451444914867 	-2.3641305314225587	26.716677790655915	25.620707367088624	12.820292806000566	4.9284631261183875	-4.001742529487161	1	90	252.3830228373077	33	0	1.1	19.62369951349995	-3.763617628714493		bus
7.229175405662716	13.554703885617592 	-6.325528479954875	30.724179458914406	28.05831353689342	18.805849552098454	1.7811118529369925	-5.939166581447584	1	45	90.36469257078394	33	0	1.1	15.492191477554206	-4.617587912461286		bus
16.598413593935785	19.31065845717103 	-2.712244863235245	40.95221536266338	34.095706316945176	21.213872902788495	1.9639818395010873	-5.039020109216178	1	55	253.58687435179672	21	0	1.1	16.598413593935785	-2.712244863235245		bus
24.086626299290074	23.798362408996297 	0.2882638902937771	41.510033149872875	40.22156170209516	31.626666828508714	4.282777798528348	-2.2264997244524802	0	36	240.86626299290072	21	0	1.1	20.34251994661293	-1.211990486470734		bus
12.970946769455114	13.628986421894863 	-0.6580396524397489	26.716677789806177	23.913121639621966	17.928959821661902	1.940036839155906	-5.370372173118182	0	30	108.09122307879262	21	0	1.1	17.885328887560323	-1.0273402084604057		bus
12.05379526410747	22.9433581888947 	-10.88956292478723	45.51504548993122	39.636539718008045	27.812376665991934	3.669201929017056	-6.450186870514643	1	78	261.16556405566183	42	0	1.1	12.05379526410747	-10.88956292478723		bus
19.54211559768951	26.866928753604224 	-7.324813155914715	45.515043221445474	44.60748423790381	34.0637641827464	0.6060727831651723	-7.19866040458177	1	39	211.706252308303	30	0	1.1	15.79795543089849	-9.107188040350973		bus
11.58382215733975	19.210833379833236 	-7.627011222493486	41.422643713475736	36.96620401674979	19.114983859502264	7.435886617991158	-4.008392154068116	1	72	231.676443146795	36	0	1.1	14.393244339712245	-8.61379576773181		bus
24.05802681968877	31.820020668434534 	-7.761993848745764	53.50866641660823	50.591474508534056	35.82954854071129	2.9444140210192913	-6.359223917526094	0	41	273.99419433534433	0	1.1	1.1	24.05802681968877	-7.761993848745764		bus
60.035362373383556	49.94592503586403 	10.089437337519527	62.54133044751639	60.691327378026244	59.66909469294743	0.8925911513004886	-0.9574119181896515	0	14	233.4708536742694	0	1.1	1.1	42.04669459653616	1.1637217443868817		bus
56.379944799451906	48.124996750739854 	8.254948048712052	61.17987363387706	58.2396285721247	55.474663564137494	1.7212383577584411	-2.261194924533342	0	15	234.91643666438296	0	1.1	1.1	46.82444466417474	3.527463845828605		bus
58.129975595424156	48.74389291644278 	9.386082678981374	63.570414160032	60.737395438127244	56.44055948772625	2.857562556686169	-0.6846007467042554	0	14	226.0610162044273	0	1.1	1.1	49.6508273969871	4.992118554116797		bus
14.796973879847238	29.12661804352259 	-14.329644163675352	57.33217320433363	46.72663622898582	38.84528088778643	3.0678256402960438	-7.204719886438557	0	53	217.84433767552878	0	1.1	1.1	42.68005669355912	1.1277660105583673		bus
10.603850332741208	29.690225420059303 	-19.086375087318096	53.37148025922314	49.06513888664521	42.288410468352176	6.255583609433843	-6.643154328384877	1	82	241.53214646799418	61	0	1.1	37.33402230008947	-2.2412575057543767		bus
16.377197140317886	22.278654937365335 	-5.901457797047449	39.956253626643395	36.49694403009384	26.440826085261318	2.6975802403340676	-10.399255559768353	0	51	232.01029282117005	61	0	1.1	34.34019013440782	-2.7641432616533868		bus
33.100068377978026	35.23861464036417 	-2.138546262386143	70.5505200734632	58.131527726159185	39.61582173161159	5.725764445547202	-20.753766616587562	0	28	257.4449762731624	0	1.1	1.1	33.100068377978026	-2.138546262386143		bus
51.52252680977013	46.79492688671511 	4.727599923055017	69.23099696226325	67.81931838374804	65.8947610284145	12.777458113353802	-0.8124787107173054	0	17	243.30082104613672	0	1.1	1.1	42.31129759387407	1.294526830334437		bus
64.82656167795534	53.98479384228815 	10.841767835667191	69.30350422004103	66.4682394160158	62.80582212418519	0.6693707720732883	-3.4326721466379873	0	12	216.08853892651783	0	1.1	1.1	49.81638562190116	4.4769404987786885		bus
9.444885158749651	26.38695271705418 	-16.94206755830453	52.29772332451951	46.345816523680874	34.51261849644988	1.052102513892508	-10.466376920721665	0	87	228.2513913364499	0	1.1	1.1	39.723510506113286	-0.877811515492116		bus
19.852472729273636	30.901863561014878 	-11.049390831741242	56.2942482323286	50.58853917612431	36.29147876847349	6.794946696522163	-11.905970805487193	0	40	220.5830303252626	0	1.1	1.1	35.74930295074536	-2.9121273787419413		bus
21.938253681718912	29.664765001322024 	-7.726511319603112	61.95765894662466	48.48123551433631	32.72086467337186	4.37422369363654	-15.583494665275081	0	35	213.2885774611561	0	1.1	1.1	33.44746140590762	-3.714524702218803		bus
16.22162912653963	25.61914571981706 	-9.39751659327743	65.13032316880147	47.65206344277359	28.59250583161738	8.782440436287464	-19.502659801977522	0	52	234.31242071668353	0	1.1	1.1	30.986628223140762	-4.52638068665575		bus
13.330476974638982	15.774443746775702 	-2.4439667721367204	40.191567453002875	23.661665620163554	23.661665620163554	0	-11.019934555226214	0	16	59.246564331728806	0	1.1	1.1	28.779609317078037	-4.266078947340871		bus
25.65954611413328	32.705995606782736 	-7.0464494926494545	69.1370593048111	54.843863670354246	37.080895350914176	9.012435060643952	-2.432558982819487	0	39	277.9784162364439	0	1.1	1.1	25.65954611413328	-7.0464494926494545		bus
14.154255235550977	35.09224037608397 	-20.937985140532994	70.4308599887512	59.28489377004515	48.700616334386204	12.22802651346861	-10.865121827182495	1	59	231.9725163604188	42	0	1.1	19.906900674842127	-13.992217316591224		bus
11.186148743561773	19.662164163654396 	-8.476015420092622	46.98190573630544	37.732506509951165	21.10745804207618	1.0411800838834249	-6.286588166318743	0	75	233.04476549087028	42	0	1.1	16.999983364415343	-12.153483351091689		bus
42.402103827858035	38.13495479711579 	4.267149030742246	54.79175951109453	52.27250904396417	48.02310932876008	3.708235353751702	-8.767484055715894	0	20	235.5672434881002	42	0	1.1	23.350513480276014	-8.048325255633205		bus
23.259492815897733	25.17685692889578 	-1.9173641129980474	36.93934324744971	36.477883485898474	34.89601367843427	4.384800823329714	-7.974756443142184	0	30	193.82910679914778	42	0	1.1	23.332309347400358	-6.822133027106173		bus
8.938071028589862	12.268475798052526 	-3.330404769462664	31.77876339992636	30.201131171574755	8.83822967727521	5.64711899581948	-6.430679590522449	1	101	250.76254830210445	29	0	1.1	8.938071028589862	-3.330404769462664		bus
9.306941124772468	14.571367383855764 	-5.2644262590832955	41.15477497059996	37.510713716869894	11.389004477039409	3.2239442119090373	-6.315065675267778	3	104	268.8671880489824	22	0	1.1	9.122506076681166	-4.29741551427298		bus
5.587010531222649	12.205387214407217 	-6.618376683184568	33.63926014161637	30.850397639453956	9.652936786817087	3.704035171309644	-8.830280394027842	0	143	221.92847387912187	25	0	1.1	7.944007561528327	-5.071069237243509		bus
14.10883127764454	16.143491527455765 	-2.0346602498112247	39.31028755418769	37.998579881849444	15.780754562194161	3.089551368238712	-6.256026935239888	1	64	250.82366715812518	23	0.14285714285714285	0	9.485213490557381	-4.311966990385438		bus
17.422589024978226	18.553568849578213 	-1.1309798245999865	41.720891098136626	41.05727834744682	13.09383113654389	4.43841441214459	-5.572982579667099	0	48	232.30118699970967	23	0.14285714285714285	0	11.07268859744155	-3.6757695572283473		bus
3.096473169758854	7.38438041906689 	-4.287907249308036	33.282886186272066	26.66854727779753	5.320352896356199	5.5275890752936645	-3.8419099803921473	0	283	243.41719640048768	20.5	0.08333333333333333	0	9.743319359494434	-3.777792505908296		bus
2.2923369688989763	5.809196477381935 	-3.5168595084829586	25.663502382170314	11.031141434336673	1.1561927777407353	0.00895741416152922	-6.463257746357115	0	65	41.389417494009294	20.5	0.08333333333333333	0	8.678893303695082	-3.740516363418962		bus
6.255457629451895	13.737602334161052 	-7.482144704709157	33.95233242542571	30.225334948543566	14.267741164666816	5.187786607206584	-8.76902569571865	0	146	253.69355941666018	29	0.3333333333333333	0	6.255457629451895	-7.482144704709157		bus
10.039773902614757	15.375493824270164 	-5.335719921655407	63.18533644429042	41.960044493918296	10.488791899709582	1.8157990066925391	-11.191464509054484	1	47	131.07482595080376	24	0.25	0	8.147615766033326	-6.408932313182282		bus
23.37687497064765	22.858543137245974 	0.5183318334016747	37.42114221420262	35.44269795926484	27.477437644820355	6.4342385565541615	-6.197518992511561	0	40	259.7430552294183	0	1.1	1.1	23.37687497064765	0.5183318334016747		bus
7.343135496582668	16.439830424339277 	-9.096694927756609	37.94405529926753	36.44214387145092	16.81244604278069	3.2297843009652447	-7.474278270211275	2	121	246.8109430795841	34.5	0	1.1	15.360005233615158	-4.289181547177467		bus
13.935834101055384	24.12881377313729 	-10.192979672081904	42.09865102150644	41.602600494737736	24.191567806097353	4.732758297462946	-5.661199577569174	1	61	236.13496671232733	32	0	1.1	14.8852815227619	-6.257114255478946		bus
12.744569655776578	19.7790431696288 	-7.034473513852221	43.43835589603358	39.440375233177384	19.369424874404334	3.0558606793767424	-4.168614657566802	2	74	261.971709590963	25	0.2	0	14.35010355601557	-6.4514540700722645		bus
28.812327797856753	27.186323508258642 	1.6260042895981108	53.84313491426929	38.79613917302371	29.906256872384585	1.6397956648258851	-13.022827555927483	0	29	232.09930726051272	25	0.2	0	17.242548404383808	-4.835962398138189		bus
26.09578863862679	24.04269393116209 	2.053094707464698	33.871824357458955	33.4828694680742	27.445622424542414	4.215156059508995	-10.697210188644513	0	33	239.21139585407892	25	0.2	0	18.718088443424303	-3.6877862138710413		bus
7.762122189178642	16.988921000621808 	-9.226798811443166	36.12217778679224	35.7072699579727	17.857636548632726	5.307644236141831	-6.419499129217586	1	111	239.33210083300816	28.5	0.16666666666666666	0	17.152950407103496	-4.479073727809917		bus
11.2523984674652	12.95844879482137 	-1.70605032735617	28.70470586020602	28.236405993422213	9.443672100842427	8.10054698371369	-6.931975836813304	2	81	253.178965517967	18	0.25	0	16.41538141464871	-4.132445802753198		bus
8.610967904441633	13.670735009329412 	-5.059767104887779	59.43808892449638	37.634932705100645	3.2926697395176765	6.259963601131628	-29.569043674331486	1	47	112.42096986354355	11	0.3333333333333333	0	15.548224357959034	-4.235481502990374		bus
8.602907359796419	13.072178516898665 	-4.469271157102247	38.66819623187058	38.2973609626599	8.197934634683975	3.6702990015378907	-4.346663228357483	2	109	260.4769172827249	29	0	1.1	8.602907359796419	-4.469271157102247		bus
30.69945698750474	28.028940327189463 	2.6705166603152755	42.697433264038274	41.455777729439276	34.402919723285095	3.905998130757995	-3.043071348338726	0	28	238.77355434725908	29	0	1.1	19.65118217365058	-0.8993772483934857		bus
42.755813560074486	37.990609125154265 	4.765204434920221	44.11593173334451	43.74986795494535	43.179136385938534	1.3587936773958624	-0.05896562154499444	0	20	237.53229755596936	29	0	1.1	27.352725969125213	0.9888166460444167		bus
10.60080087392988	20.630546623551478 	-10.029745749621599	35.326161344160255	34.688541400847605	24.07386240759166	4.8190920834986	-6.608023831967621	1	81	238.51801966342228	40	0	1.1	23.16474469532638	-1.7658239528720872		bus
21.79046346013642	20.072924538978114 	1.7175389211583045	47.661952608471864	39.518235619550005	18.074572709634797	4.131285815177859	-5.2906795855326	0	37	223.95754111806872	40	0	1.1	22.88988844828839	-1.069151378066009		bus
15.780684232899363	21.263029579958072 	-5.482345347058709	38.225998627779305	36.10572635080826	23.923520470932644	2.448190889353734	-2.540966920613251	1	58	254.24435708560085	30.5	0	1.1	21.705021079056888	-1.804683706231459		bus
7.617373735764618	15.108300032663632 	-7.490926296899014	33.05570385423832	28.396599067338176	16.152558392756514	5.086229098373959	-7.81966069459787	1	93	196.78215484058595	40	0	1.1	19.692500030015136	-2.617004076326824		bus
4.720364771881822	9.4142976805598 	-4.693932908677978	43.36440977556967	39.74561007632954	4.527454972026337	5.1923678254853876	-3.9602349050279115	0	201	263.5536997634017	25	0.25	0	4.720364771881822	-4.693932908677978		bus
30.992406544623556	33.88131482528192 	-2.888908280658363	188.80103439268325	89.00090907788602	19.559949464778448	29.153540076619993	-9.271602845273678	0	36	309.92406544623555	25	0.25	0	17.856385658252687	-3.7914205946681707		bus
20.811657978257326	18.962440476695377 	1.8492175015619488	35.25746162453952	33.88689789998462	16.748845600232844	4.609305641941339	-6.040312595121005	0	42	242.80267641300216	25	0.25	0	18.841476431587566	-1.9112078959247976		bus
2.767819751560742	6.049585529080415 	-3.2817657775196727	20.10978042340428	9.790367048174732	4.630660360559958	0	-6.977834850175299	0	33	25.37168105597347	25	0.25	0	14.82306226158086	-2.2538473663235163		bus
