_avgSpeed	_exSpeed	 DiffAvgExpSpeed	 Max Speed	AvgTop3Speed	_speedMedian	_maxAcceleration	_maxDecceleration	Num Of Stops(including end/start point)	duration	distance	stopDurationMedianSoFar(while moving)	ratio Of Short Stop(while moving)	ratio Of Instant Stop(in short stop)	Avg of AvgSpeed	Avg of DiffAvgExp	label
4.252274805542774	4.663361950920384 	-0.4110871453776106	16.301912984013654	7.772269918200641	3.5074483852941336	0.7766745545958277	-0.16030006676432923	0	34	40.16037316345953	33	0	1.1	4.252274805542774	-0.4110871453776106		bus
15.516937847327027	12.41355027786162 	3.103387569465406	20.037508342991934	17.36584056358645	16.030006673883705	6.059776975334939	-10.067278644443169	0	4	17.241042052585584	33	0	1.1	9.8846063264349	1.3461502120438977		bus
15.310876984927752	12.248701587942202 	3.06217539698555	20.89658169393087	17.742834868014587	16.165961455056447	4.866575020047165	-8.286912900561948	0	4	17.012085538808613	33	0	1.1	11.693363212599186	1.9181586070244485		bus
7.013127920302099	5.610502336241679 	1.40262558406042	12.022505007324693	9.350837227069466	8.015003336941852	4.007501671657447	-12.022505007324693	1	4	7.7923643558912215	33	0	1.1	10.523304389524913	1.7892753512834414		bus
0.8150850851559378	5.748538504801809 	-4.933453419645871	16.030006678982136	9.469578017265265	6.189363686406829	4.007501676755876	0	0	59	13.358338895611203	45	0	1.1	8.581660528651117	0.4447295970975789		bus
31.487370652410295	25.189896521928237 	6.297474130482058	41.050340123844755	35.30399142221641	32.430817071402245	12.377891682856337	-4.861154422028683	0	4	34.985967391566994	45	0	1.1	12.39927888261098	1.4201870193283253		bus
33.083334962359906	26.466667969887926 	6.6166669924719805	48.45427041539145	35.56524425300716	29.120731171815017	6.9662413046179985	-22.8166633249733	0	4	36.75926106928878	45	0	1.1	15.354144036860829	2.1625413012059904		bus
38.49817416913485	30.79853933530788 	7.69963483382697	65.20770568581469	41.980061665110334	30.366239654758154	3.387547391116943	-36.535239726615	0	4	42.775749076816496	45	0	1.1	18.24714780339508	2.854677992783613		bus
24.215931201365798	19.372744961092643 	4.843186240273155	34.89616146988291	28.160325947135686	24.79240818576207	22.513414505826773	-10.948994311842348	0	4	26.906590223739776	45	0	1.1	18.91034595872516	3.075623353615784		bus
21.637185085008625	17.3097480680069 	4.327437017001724	29.92069539633004	25.88447187138173	23.86636010890757	12.243776837593275	0	0	4	24.041316761120694	45	0	1.1	19.183029871353504	3.200804719954378		bus
30.239922160367247	24.1919377282938 	6.047984432073445	41.511548303457445	32.41293965177534	27.86363532593429	0	-13.647908920970231	0	4	33.59991351151916	45	0	1.1	20.188201897627483	3.45963923923793		bus
17.36146453750134	13.889171630001073 	3.472292907500268	23.72087345041279	20.18351020281932	18.414828579022586	12.576698085424923	-14.825545908865383	0	4	19.29051615277927	45	0	1.1	19.952640450950305	3.460693711593125		bus
12.737226424421271	10.189781139537017 	2.5474452848842546	18.3327014082172	15.994599309171099	14.825548259648048	15.367593638045415	-3.507153146683013	0	4	14.152473804912523	45	0	1.1	19.397608602755763	3.3904438326155195		bus
22.41716265597767	17.933730124782137 	4.4834325311955325	29.920681407169113	23.810738845230663	20.75576756426144	11.684247318950423	-2.5193334741566105	0	4	24.907958506641855	45	0	1.1	19.613291035128757	3.4685144539426633		bus
9.00676974045853	7.205415792366824 	1.8013539480917062	18.236428584076897	10.032287494731671	5.93021695005906	12.306211165370158	-12.306212106437794	0	4	10.007521933842812	45	0	1.1	18.906189615484077	3.3573704202192665		bus
3.301785579201514	3.5667948668765477 	-0.2650092876750336	5.93021648141138	5.615201587989856	5.457694141279095	3.77227671322089e-9	-3.996802234505916	0	6	5.502975965335857	45	0	1.1	17.930914363216417	3.1309716884758725		bus
3.138346756411905	2.510677405129524 	0.627669351282381	8.545885359088604	4.18446234188254	2.0037508332795073	0	-4.53838369252959	0	4	3.487051951568783	45	0	1.1	17.060763327522036	2.9837186098174318		bus
7.3797669902591725	6.12784754404387 	1.251919446215302	12.519196237286156	9.224708885437368	7.577465209512973	5.930222124042181	-2.6357359568729155	0	5	10.249676375359963	45	0	1.1	16.522930197674096	2.887507545172869		bus
18.01953614773102	14.415628918184817 	3.603907229546204	21.13913390722843	19.084192502686882	18.056721800416106	5.930226825600522	-6.3135668243649885	0	4	20.021706830812246	45	0	1.1	16.60169893188762	2.9252127917188337		bus
14.330008062844325	11.464006450275459 	2.8660016125688657	22.249558402321554	16.7208952335055	13.956563649097475	6.251048567662565e-9	-13.598434190222326	0	4	15.922231180938137	45	0	1.1	16.488114388435456	2.9222522327613354		bus
1.1957786214890902	1.4271291917360833 	-0.23135057024699313	4.98517348187542	2.3785486528934725	1.0752362384024985	0.7195427561706748	-0.7412777659768126	0	10	3.3216072819141393	45	0	1.1	15.75990792334277	2.77208067071332		bus
0.40075016691082305	0.20037508345541152 	0.20037508345541152	1.0018754172770576	0.3339584724256859	0	0.5009377086385288	0	0	10	1.1131949080856196	45	0	1.1	15.0617643889595	2.655184962201597		bus
1.678626070446698	1.5798399808764736 	0.09878608957022439	4.985174043657836	2.6330666347941225	1.4570129303622656	1.751308902952216	0	0	9	4.196565176116745	45	0	1.1	14.479888809893724	2.5440371851306676		bus
19.314110720721075	18.03740457449029 	1.2767061462307865	38.54646217404022	28.085599307145944	22.855167873698814	8.565880482700905	-5.684947152580101	0	6	32.19018453453513	45	0	1.1	14.681314722844865	2.491231725176506		bus
35.18662589956225	28.1493007196498 	7.03732517991245	38.546480532368484	36.94191896875063	36.139638186941696	0	-5.885603665825922	0	4	39.096250999513614	45	0	1.1	15.501527169913562	2.6730754633659433		bus
31.936317659892847	25.54905412791428 	6.387263531978565	38.5465111132122	33.68640816181	31.256356686108898	11.860464959070804	-5.684960134903662	0	4	35.48479739988094	45	0	1.1	16.133634496451226	2.8159288506202746		bus
28.320030402869204	22.656024322295366 	5.664006080573838	32.616273457820924	29.74101927687921	28.30339218640835	0	-3.2347090037009636	0	4	31.466700447632448	45	0	1.1	16.584982492985223	2.921413192470407		bus
20.614227983797512	16.491382387038012 	4.1228455967595	24.057078627486618	21.856237522639717	20.755816970216266	7.168879260215707	-3.8676110173801703	0	4	22.904697759775015	45	0	1.1	16.728884117657092	2.964321492623589		bus
18.566879365563864	14.853503492451091 	3.7133758731127724	23.720937446661534	20.58276660781442	19.013681188390866	4.368981728458721	-8.61994537069863	0	4	20.629865961737625	45	0	1.1	16.792263264136633	2.9901509540197675		bus
16.66404307767501	13.331234462140008 	3.3328086155350025	18.236469896892853	17.276865273651698	16.797062962031124	3.410890648723459	-3.41089340714791	0	4	18.5156034196389	45	0	1.1	16.787989257921247	3.0015728760702753		bus
7.533631982101133	6.026905585680906 	1.5067263964202269	13.405529127775472	9.056472131321334	6.881943633094265	5.748883922873638	-9.398027456118026	0	4	8.370702202334591	45	0	1.1	16.489461603862534	2.953352021888016		bus
3.369123979042225	2.8706066032973223 	0.49851737574490285	5.930223068881044	3.9534820459206994	2.965111534440527	2.9651115382127964	-2.9651115306682367	0	5	4.679338859780868	45	0	1.1	16.0794510530869	2.8766384391960433		bus
5.207961305378611	5.898763003553535 	-0.6908016981749237	19.512769899650625	9.501814783147701	4.496337224896239	6.174799743775352	-15.50526823309161	0	7	10.126591427125076	33	0.3333333333333333	0	15.750011969823012	2.7685341926090445		bus
1.3358338901276126	0.8015003340765675 	0.534333556051045	4.007501670382838	1.3358338901276126	0	4.007501670382838	-2.003750835191419	0	6	2.226389816879354	33	0.3333333333333333	0	15.326065555714322	2.7028224091808677		bus
2.3795571596972085	2.4948003450551135 	-0.11524318535790501	5.93021930084147	3.5615552235961867	2.377223184973545	1.0352208115886157	-0.5878870332336372	0	11	7.270869099074804	21.5	0.5	0	14.95616531582812	2.6223062493369027		bus
8.026333491931666	6.421066793545333 	1.605266698386333	8.895324718344767	8.315997362981145	8.026333685299333	1.7379828395615382	-7.73470669734877e-7	0	4	8.918148324368518	21.5	0.5	0	14.76366998738655	2.5940551506993867		bus
11.283845809385856	9.027076647508686 	2.2567691618771697	12.51918554309094	12.080019035865734	11.86043578225313	3.623859413144716	-2.9651087112394503	0	4	12.537606454873172	21.5	0.5	0	14.669620685278423	2.5849393131636513		bus
10.588229076097157	8.470583260877726 	2.117645815219431	15.357631527431264	12.140899942249844	10.532534149659131	2.6156680616868204	-6.588967282353234	0	4	11.764698973441286	21.5	0.5	0	14.562215642931548	2.57264211584933		bus
10.16943620558448	9.36204784629695 	0.8073883592875308	16.301930786242373	13.539621522134821	12.158466890081044	4.14346372465026	-3.4302213691717043e-7	0	6	16.9490603426408	21.5	0.5	0	14.44958027274316	2.527379199014412		bus
14.0942364195386	11.27538913563088 	2.8188472839077203	16.301928992170527	14.784813557792974	14.026255840604197	4.279423987395051	-4.007501671657442	0	4	15.660262688376221	21.5	0.5	0	14.440696676413046	2.5346659011367443		bus
16.351536205183674	13.08122896414694 	3.2703072410367344	19.94062731907405	17.333546889796892	16.03000667515831	6.535123167730035	-2.6245025225396894	0	4	18.168373561315192	21.5	0.5	0	14.487302518578185	2.5526083728416222		bus
14.639635773590058	11.711708618872047 	2.9279271547180112	24.04501001464938	17.542797808480184	14.29169170539559	15.499134944300922	-14.107358671523045	0	4	16.26626197065562	21.5	0.5	0	14.490929500840371	2.5615445343148693		bus
8.816503670508578	7.213503002865285 	1.6030006676432924	12.022505004775477	9.350837226219726	8.015003336941852	0	-4.007501666559017	0	5	12.24514398681747	21.5	0.5	0	14.358966109437308	2.5392528164852974		bus
8.876736842926167	7.101389474340934 	1.7753473685852335	12.022505007324693	10.847293826470834	10.259688236043903	9.057439115032524	-9.008440078297113	0	4	9.86304093658463	21.5	0.5	0	14.234369989743874	2.521891329033023		bus
5.142093509603086	4.113674807682469 	1.028418701920617	8.545869031087653	6.856124679470781	6.011252503662345	4.538367359430207	-0.5308656954204078	0	4	5.713437232892318	10	0.6	0.3333333333333333	14.0323194012963	2.4887030484305255		bus
2.4844069521021015	1.9875255616816812 	0.49688139042042034	4.007501666559015	3.3125426028028016	2.9650630709246952	2.965063069038586	-4.007501666559015	0	4	2.7604521690023347	10	0.6	0.3333333333333333	13.781277826313817	2.4454025776042188		bus
2.517912040212651	2.626152831194736 	-0.10824079098208506	7.1572654578393	4.37692138532456	2.98674934906719	4.985144655483268	-6.168911415188187	0	6	4.196520067021085	10	0.6	0.3333333333333333	13.541631745758474	2.391069739974723		bus
1.27074091251889	1.087189447796408 	0.18355146472248207	2.965062131725555	1.811982412994013	1.235442553628242	2.965062131725555	-0.7412655329313887	0	7	2.4708851076756195	10	0.6	0.3333333333333333	13.28598818673265	2.345079775906968		bus
3.7925872945232464	3.7925872945232464 	0	9.970290152817588	6.320978824205411	4.496323159899322	4.98514549957796	-4.007501666559015	0	5	5.2674823535045086	10	0.6	0.3333333333333333	13.092245311381438	2.2972210049700914		bus
4.63426920120132	5.806514222608517 	-1.172245021407197	18.33264250571543	9.262094842951933	4.726821011570184	4.621382177703652	-3.7388594663491097	0	9	11.5856730030033	8.5	0.6666666666666666	0.25	12.923085789177835	2.2278316844425454		bus
2.7601458029666643	2.5106746299932725 	0.24947117297339183	8.545871482132739	4.184457716655454	2.0037508339168113	6.373039873608377e-10	-6.542120648853231	0	6	4.60024300494444	8.5	0.6666666666666666	0.25	12.72381245611487	2.189040301864719		bus
3.895204971338845	3.6190038036233982 	0.2762011677154468	8.545872134085295	4.825338404831197	2.9650715425618044	5.580800591523491	0	0	6	6.492008285564741	8.5	0.6666666666666666	0.25	12.554031542946102	2.1522549339003096		bus
