_avgSpeed	_exSpeed	 DiffAvgExpSpeed	 Max Speed	AvgTop3Speed	_speedMedian	_maxAcceleration	_maxDecceleration	Num Of Stops(including end/start point)	duration	distance	stopDurationMedianSoFar(while moving)	ratio Of Short Stop(while moving)	ratio Of Instant Stop(in short stop)	Avg of AvgSpeed	Avg of DiffAvgExp	label
0.4872460258491567	9.409054361674496 	-8.92180833582534	22.73067384151569	15.655584488549996	12.118039812067149	3.075624206307808	0	0	343	46.423718573961324	334	0	1.1	0.4872460258491567	-8.92180833582534		bus
5.691088193843802	7.152427402782182 	-1.46133920893838	26.38864022887896	11.475434374736055	4.0188314476646045	0.007553185987495992	-6.569823593738327	0	21	33.19801446408884	334	0	1.1	3.0891671098464792	-5.19157377238186		bus
10.451812216674794	9.776622347248638 	0.6751898694261556	20.037508342142193	15.169054129704142	12.734827023485114	2.3363322470642727	-1.5665872901076792	0	15	43.54921756947831	334	0	1.1	5.543382145455918	-3.235985891779188		bus
29.73068029226653	23.784544233813225 	5.946136058453305	32.07524382046921	30.729256283148334	30.0562625144879	0.8844644168134259	-1.7800971669493642	0	12	99.10226764088844	334	0	1.1	11.59020668215857	-0.9404554042210647		bus
2.4416152779582005	7.3712260331231985 	-4.9296107551649975	14.694172784180962	12.035873067839747	10.706723209669141	0.1425507042686674	-4.215446192480915	0	60	40.69358796597	192.5	0	1.1	9.760488401318495	-1.7382864744098512		bus
9.831433471437556	14.270456550072215 	-4.4390230786346585	26.684589337946868	23.418454201878518	21.785386633844347	2.6303874152668834	0	1	23	62.81193606751772	51	0	1.1	9.772312579671672	-2.1884092417806524		bus
31.141032638945344	24.91282611115627 	6.228206527789073	36.56775896585967	33.27336626692779	31.62616991746185	0.6588785404571477	-2.623485324383193	0	12	103.80344212981781	51	0	1.1	12.824986873853627	-0.9860355604135488		bus
7.9744947170242115	8.331068814467468 	-0.3565740974432563	16.31301078448878	12.853177319144464	11.123260586472304	1.4685776299538693	-1.8516841423794403	0	18	39.87247358512106	51	0	1.1	12.21867535424995	-0.9073528775422622		bus
39.09011845490528	31.272094763924223 	7.818023690981057	44.494489055887456	41.667655269528154	40.2542383763485	3.4126137456126435	-1.8604538503550074	0	12	130.30039484968427	51	0	1.1	15.204391254322765	0.062133407849217726		bus
