_avgSpeed	_exSpeed	 DiffAvgExpSpeed	 Max Speed	AvgTop3Speed	_speedMedian	_maxAcceleration	_maxDecceleration	Num Of Stops(including end/start point)	duration	distance	stopDurationMedianSoFar(while moving)	ratio Of Short Stop(while moving)	ratio Of Instant Stop(in short stop)	Avg of AvgSpeed	Avg of DiffAvgExp	label
18.81762956688137	18.81762956688137 	0	31.7281678720189	31.728157977358126	23.115073054171752	9.729107873745292	-9.33536173411596	1	25	130.67798310334285	0	1.1	1.1	18.81762956688137	0		bus
20.909985151819008	26.886718854509965 	-5.976733702690957	48.723290959216655	44.7599302533325	33.978639708004366	13.402136893703869	-10.33762330637721	1	34	197.48319310051286	14	0	1.1	19.86380735935019	-2.9883668513454786		bus
8.509840344780137	9.471726004559443 	-0.9618856597793055	26.6828613615043	24.883744718205495	8.545764215870863	17.931672481346983	-12.391204206923234	1	28	66.18764712606774	14.5	0	1.1	16.07915168782684	-2.312873120823421		bus
12.888176865182999	25.72053362412859 	-12.83235675894559	48.72351966841157	47.17242156465192	25.930398784321255	13.656409880700409	-19.060005851544606	1	103	368.74506030940245	15	0	1.1	15.281407982165879	-4.942744030353963		bus
7.950252771583314	7.5836067161914205 	0.3666460553918931	20.896475937210084	17.652163095842237	8.280396754571068	20.896475937210084	-14.966810007556791	2	25	55.21008869155078	14.5	0.25	0	13.815176940049366	-3.880866013204792		bus
21.963080194440316	21.084556986662705 	0.8785232077776115	38.995222742073324	36.95612463914667	22.60350683455315	8.785032818140483	-13.357810092510814	0	24	146.42053462960212	14.5	0.25	0	15.173160815781193	-3.0876344763743915		bus
30.62129910110098	29.39644713705694 	1.224851964044042	47.43905912033357	44.598511324318196	32.33190151455667	20.564226481458256	-16.573783007462225	0	24	204.14199400733986	14.5	0.25	0	17.380037713684022	-2.4715649848860437		bus
24.4192288910076	21.559061816658087 	2.860167074349512	41.70240630213059	38.84713185962659	21.859873158208845	29.50786046210828	-15.193697580419688	0	33	223.84293150090298	14.5	0.25	0	18.25993661084947	-1.8050984774815992		bus
8.49441086739306	10.912304053946462 	-2.4178931865534015	48.090020021651114	37.763560554200865	7.432721230243477	27.834334064093127	-25.12564495241841	1	57	134.49483873372347	15	0.2	0	17.17487819490987	-1.873186778489577		bus
13.367797116978721	14.779695955674754 	-1.4118988386960325	36.06751501687564	33.57711640025967	16.03000667643292	15.052390837179775	-15.052393358380122	1	28	103.97175535427894	14.5	0.16666666666666666	0	16.794170087116754	-1.8270579845102226		bus
21.857865916021108	21.79856401463123 	0.059301901389879674	44.18212213215694	42.77988572356123	26.048760846654282	16.129610450948547	-16.030006676432922	1	25	151.79073552792437	14.5	0.16666666666666666	0	17.254506071562602	-1.655570722155668		bus
20.915256906545817	20.59465677306814 	0.3206001334776758	39.37119218106085	37.00677033025507	20.46707493045713	20.03750834044272	-16.030006673883705	0	25	145.2448396287904	14.5	0.16666666666666666	0	17.559568641144537	-1.490889817519556		bus
14.288236533455315	14.63187549661327 	-0.3436389631579555	38.75450002957776	36.720996267132854	12.382756369650512	12.382756425986157	-12.382756313314866	1	26	103.19281940828839	14.5	0.16666666666666666	0	17.30792770978383	-1.402639751799433		bus
16.14382912271847	15.498075957809727 	0.6457531649087418	33.586823908037026	31.355716130200538	16.574280303934753	8.8954009519799	-8.200373175323563	1	24	107.62552748478977	14	0.2857142857142857	0	17.22477781070773	-1.2563259720345634		bus
11.76170465605414	13.02596701844981 	-1.2642623623956695	44.9710550408604	31.714552859565135	13.343105655185624	18.745748694493887	-35.21465786660835	1	30	98.01420546711783	14	0.2857142857142857	0	16.860572933730825	-1.2568550647253038		bus
12.575194539458694	12.475491025128408 	0.09970351433028668	23.720805693445403	21.861571096628765	14.955493156543522	14.955485740054486	-9.970327373252704	1	25	87.32773985735204	12.5	0.375	0	16.592736784088817	-1.1720701535343294		bus
30.274662383948957	24.219729907159167 	6.054932476789791	41.746424766210254	34.66896439629634	31.130234211339385	14.038492386029592	-10.6162050764679	0	4	33.63851375994329	12.5	0.375	0	17.397555937021767	-0.7469523517505576		bus
34.076544114358406	32.713482349784066 	1.36306176457434	92.1725383767432	66.3248770550739	33.70030677047731	32.06001335031662	-52.09752169330855	0	24	227.17696076238934	0	1.1	1.1	34.076544114358406	1.36306176457434		bus
23.520452847246613	19.46831948235886 	4.0521333648877516	42.27589073804606	35.41095519421115	19.4950407566998	21.024215858830328	-18.059273247867615	0	32	209.07069197552545	0	1.1	1.1	28.798498480802508	2.7075975647310457		bus
18.115909527923236	17.554859294299064 	0.5610502336241723	82.43321962223997	60.56980322250212	14.170210530066903	36.17804743656755	-19.488274786487484	1	25	125.80492727724467	6	1	0	25.237635496509416	1.9920817876954213		bus
7.792838474183416	8.25596548535376 	-0.4631270111703447	33.584944016964585	27.40999992094451	5.92989932755752	18.995487571101886	-18.995492272967855	2	27	58.44628855637561	5	1	0	20.876436240927916	1.3782795879789798		bus
20.02875501634954	19.77838357355941 	0.25037144279012935	40.51137542488334	40.29349089668245	24.045010012100164	31.289714210564007	-20.754608132205867	0	25	139.08857650242734	5	1	0	20.70689999601224	1.1526979589412096		bus
16.444740916099153	16.204290816003645 	0.24045010009550793	44.0825183550921	40.07501668598386	12.89407826675943	19.317060825913497	-21.138364197403675	1	25	114.199589695133	6	1	0	19.996540149360058	1.0006566491335926		bus
33.94803412008884	32.5901127552853 	1.3579213648035449	52.09752169075934	49.36294943793492	36.128352228992476	24.785217165046234	-24.045010014649378	0	24	226.32022746725892	6	1	0	21.989610716607025	1.0516944656578715		bus
19.898184384625537	21.26456715352792 	-1.3663827689023833	44.476948269967544	41.51182873645096	25.371671523241414	11.86052141901482	-14.314759380940222	1	27	149.23638288469152	6	1	0	21.72818242510934	0.7494348113378397		bus
3.7290112727736604	4.382307490575141 	-0.653296217801481	14.314767176674001	12.67861149785036	3.1086418784309098	4.703151399980389	-4.703149521636571	0	34	35.218439798417904	6.5	1	0	19.72827451929426	0.5935758081001374		bus
20.61807525628478	19.79335224603339 	0.8247230102513896	41.51183156340237	32.42195569062552	20.7559091942769	23.721046606040158	-16.473291090723656	0	24	137.45383504189851	6.5	1	0	19.817254592993315	0.6166905283152626		bus
7.779937027830233	8.229174843610272 	-0.4492378157800392	23.720892271751072	20.697031952856708	7.157350060453698	20.755780737310545	-9.076770644194951	1	28	60.51062132756848	7	0.8571428571428571	0	18.722952996160306	0.5197879515793261		bus
21.731530147091814	20.86226894120815 	0.8692612058836637	55.11466852593502	45.65791325336813	21.47195778719358	37.526709973110165	-31.128531101293692	0	24	144.87686764727877	7	0.8571428571428571	0	18.973667758737932	0.5489107227713542		bus
14.529461219086409	14.52946121908641 	-1.7763568394002505e-15	29.920373651132465	29.74064068356263	15.856745654191151	21.933206390604674	-13.923015495941447	1	25	100.89903624365562	6.5	0.875	0	18.63180571722628	0.5066868210197115		bus
23.240177052590177	22.07816819996067 	1.1620088526295085	38.54603398608743	33.95896462244032	23.720643832403436	9.959424444745853	-17.25839000110399	0	19	122.65648999978148	6.5	0.875	0	18.960975098323697	0.5534955375632684		bus
31.08873936931367	29.845189794541117 	1.2435495747725547	62.26038855611907	49.494340164509644	31.995479550255467	27.499278945978887	-17.784153145570507	0	24	207.25826246209115	0	1.1	1.1	31.08873936931367	1.2435495747725547		bus
13.789991639800979	13.238391974208934 	0.551599665592045	33.371162427338824	32.062175732912756	8.545884866382814	6.811740500482912	-16.379965005226772	1	24	91.93327759867319	8	1	0	22.439365504557326	0.8975746201822998		bus
2.952762240250711	3.184754098493347 	-0.2319918582426359	9.970348920767385	9.540690176628882	2.0037508351914193	5.930224009947415	-8.01500333821646	0	29	23.786140268686285	7	1	0	15.943831083121788	0.5210524607073213		bus
5.028083931580409	5.494370865352368 	-0.4662869337719595	31.764208484610112	22.35417327175391	4.007501668470926	15.357622442799501	-7.005235461819679	0	29	40.50400944884218	8	0.8333333333333334	0	13.214894295236444	0.27421761208750106		bus
16.06726092532332	15.867853622267132 	0.19940730305618892	28.629428316289466	26.236603242649764	16.853512744334363	14.314718837311661	-13.314246099715461	0	25	111.57820087030085	8	0.8333333333333334	0	13.78536762125382	0.25925555028123864		bus
30.153769885677672	28.947619090250573 	1.2061507954270994	40.378075735438955	39.501260101936516	29.78610443060361	14.166959571868828	-8.625804835988461	0	24	201.02513257118449	8	0.8333333333333334	0	16.513434665324464	0.4170714244722154		bus
5.203762165168607	5.823956459215781 	-0.6201942940471739	27.863838115276835	22.13849251258564	2.965136707838858	13.336801078200988	-13.336802956543899	0	32	46.255663690387614	8	0.8571428571428571	0.16666666666666666	14.897767165302199	0.26889060754087407		bus
18.54353887095302	18.988766533934427 	-0.4452276629814058	48.18134379606218	42.959103621325994	16.301935706973495	16.301933782366266	-19.972564148502723	1	26	133.92555851243847	7	0.875	0.14285714285714285	15.35348862850855	0.1796258237255891		bus
33.03876945499357	31.71721867679382 	1.3215507781997502	44.47959572110621	44.2148774770968	36.06751501687564	8.015003335667245	-8.853494680837073	0	24	220.25846303329044	7	0.875	0.14285714285714285	17.31851983145133	0.3065063742227181		bus
10.20197881117929	10.981317583485326 	-0.779338772306037	32.06001335031662	26.789403478324928	12.20260964564591	12.022505004775475	-16.030006678982133	1	29	82.18260709005538	8	0.7777777777777778	0.14285714285714285	16.606865729424126	0.1979218595698426		bus
27.52928416113807	26.42811279469254 	1.1011713664455272	57.25647374616469	51.15835883366068	26.638428772653484	31.595131355484924	-34.744722825725475	0	24	183.5285610742538	8	0.7777777777777778	0.14285714285714285	17.599812859579938	0.28003545110399575		bus
20.43200285525511	25.985614768756882 	-5.553611913501772	45.30825349501008	42.948963997670745	27.521317165444643	21.095804075226468	-35.00380653550861	0	58	329.18226822355456	8	0.7777777777777778	0.14285714285714285	17.83582869255287	-0.20610182927981824		bus
20.832124398407387	20.156626059397855 	0.6754983390095326	48.723765217303566	43.34773942457667	16.887516308050834	19.29489209552665	-14.42635332566164	0	25	144.66753054449575	8	0.7777777777777778	0.14285714285714285	18.0663129776186	-0.13828643171909893		bus
18.90892636267357	21.61616855890049 	-2.7072421962269217	63.52543386678109	53.258290510002645	20.395407295651964	25.261656658722934	-40.40243271631664	1	52	273.1289363497293	8	0.7	0.14285714285714285	18.12649964797967	-0.3217832720410863		bus
20.667453664521588	21.160341196169803 	-0.49288753164821486	47.43630338947833	43.48327591026532	20.587137398140495	20.037508342991934	-26.682912190043247	1	26	149.26494313265593	8	0.7272727272727273	0.25	18.2958965824158	-0.3331902226815615		bus
5.401107391019062	14.538371310478533 	-9.137263919459471	41.7110330682063	38.55578816728771	12.517852587289678	23.858972024103174	-19.840303629009433	0	75	112.52307064623047	8	0.6666666666666666	0.25	17.489972257953504	-0.8834448287301808		bus
17.26157209275174	16.57110920904167 	0.6904628837100724	52.376866102262404	45.63714109285281	18.33214180465282	27.452176977641198	-14.409809868994742	1	24	115.0771472850116	8	0.6923076923076923	0.2222222222222222	17.476536954118107	-0.7908620221160483		bus
44.634589241092485	41.20115929946998 	3.4334299416225065	92.95715084518379	68.73170283765917	37.967036536770465	59.740345744351984	-35.74443032048925	0	12	148.78196413697495	8	0.6923076923076923	0.2222222222222222	18.985317636727796	-0.5561791352416842		bus
17.273078625639986	27.5161951587464 	-10.243116533106413	54.84939916626271	52.73454786496179	31.53287236286819	4.238541617505752	-7.248501274271521	2	123	590.1635197093661	34.5	0	1.1	17.273078625639986	-10.243116533106413		bus
14.537874393243822	13.682705311288304 	0.855169081955518	38.73918279543139	33.59924919064905	11.757023990539148	4.623529085770126	-3.692961646036135	1	48	193.83832524325095	21	0	1.1	15.905476509441904	-4.6939737255754475		bus
17.30375226834367	18.918769146722415 	-1.6150168783787464	48.722158952246225	45.37210211174246	14.139940095589314	6.221720490711646	-7.577217451362846	2	82	394.14102389005023	12	0	1.1	17.30375226834367	-1.6150168783787464		bus
12.018936712439737	12.420627388341934 	-0.40169067590219676	34.591710761172756	33.612175099503865	7.970555202545304	5.364159651998732	-6.918622111512936	3	78	260.4102954361943	9	0.6666666666666666	0	14.661344490391702	-1.0083537771404716		bus
7.0054656910627955	8.157993018571476 	-1.1525273275086807	28.05251167865918	16.109012553882398	6.098795054906847	0.5729537046809797	-23.281099878989398	1	52	101.19005998201816	9	0.6666666666666666	0	12.1093848906154	-1.056411627263208		bus
17.498632226362556	17.39892656256841 	0.09970566379414691	48.11693719101759	45.1978322733349	11.91759296375194	10.389568211162484	-10.276723740435376	1	25	121.51827934973997	6	1	0	17.498632226362556	0.09970566379414691		bus
4.963791479383633	8.098373078655781 	-3.134581599272148	26.687617205639206	25.13373542544291	3.2500721207056293	10.948351247854426	-13.908464673308483	0	44	60.66856252579995	7	0.6666666666666666	0	11.231211852873095	-1.5174379677390006		bus
15.599487972270468	21.75709801324401 	-6.157610040973543	68.70584373249363	63.18167721101531	17.09188760151234	36.06751501687564	-15.828296700536207	1	36	155.99487972270467	14.5	0.5	0	12.687303892672219	-3.0641619921505145		bus
34.53621774977097	33.15476903978013 	1.381448709990842	60.18561315063158	60.13688773534466	37.18407036723608	12.723311289539431	-22.622250337745037	0	24	230.2414516651398	14.5	0.5	0	18.149532356946906	-1.9527593166151753		bus
11.402945683215767	12.809059889867735 	-1.4061142066519672	32.616273457820924	29.65115768732807	8.895350832927782	11.860463076942128	-8.449569272513788	1	29	91.85706244812702	14.5	0.5	0	16.80021502220068	-1.8434302946225336		bus
7.190276155639758	9.912200450968646 	-2.721924295328888	24.227141602465018	22.903328457218077	8.280444837964454	15.681255267301784	-7.484120338720471	1	35	69.90546262427542	22	0.4	0	15.198558544440525	-1.9898459614069262		bus
27.134637905912253	25.325662045518104 	1.808975860394149	40.51140063711292	36.21297633476839	28.05251167865918	12.458888958453741	-12.458888955904527	0	14	105.52359185632542	22	0.4	0	16.903712738936488	-1.4471571297210581		bus
18.268460032425672	18.819346240533385 	-0.5508862081077126	44.479596721316625	44.24807908004794	14.162209423025237	4.1896216216707565	-16.151675045661833	1	26	131.93887801196317	6	1	0	18.268460032425672	-0.5508862081077126		bus
6.863813231911612	9.769627500526836 	-2.9058142686152237	33.58530090526634	31.95004127354355	2.964995776760139	21.960521805519573	-18.995532138441003	0	38	72.45136189240034	14.5	0.5	0	12.566136632168643	-1.7283502383614682		bus
12.696763210285374	19.84307238441432 	-7.146309174128946	44.65508494408925	41.6343035714465	22.429108939063205	10.371963884451176	-12.243319825412502	1	41	144.6020254504723	22	0.3333333333333333	0	12.609678824874221	-3.5343365502839608		bus
10.188511173507433	11.65250627809057 	-1.4639951045831374	47.27558016882903	38.490148334099565	5.929998148837133	14.660642111306153	-21.02457677034674	1	29	82.07411778658765	18.5	0.25	0	12.004386912032523	-3.016751188858755		bus
32.073724417807924	30.7907754410956 	1.2829489767123228	45.191457235078566	41.7488361530403	32.61500016702645	6.900387012892075	-9.611434465902839	0	24	213.8248294520528	18.5	0.25	0	16.018254413187602	-2.1568111557445393		bus
2.757892179385005	4.0613807299003915 	-1.3034885505153864	17.790019856449565	12.848348615210385	2.9650028369681998	3.1496671055849967	-7.906678002005051	0	44	33.707571081372286	10	0.5714285714285714	0	13.808194040887171	-2.0145907215396806		bus
7.048738919194879	9.304648190067883 	-2.255909270873005	47.67237670127438	28.89572167607081	8.015003336941852	7.114545088182717	-25.749275824543822	1	35	68.5294061588391	12	0.5	0	12.842557594931128	-2.0490648000158695		bus
3.566552770073941	10.264891088877253 	-6.698338318803312	20.89658169393087	20.323866126638247	12.022505004775477	6.059776975334939	-12.022505007324693	0	112	110.95941951341149	47.5	0	1.1	3.566552770073941	-6.698338318803312		bus
29.808226287106454	28.615897235622192 	1.1923290514842613	65.20770568581469	51.57077207501697	28.67245720009405	32.60385489510628	-36.535239726615	0	24	198.72150858070967	47.5	0	1.1	16.6873895285902	-2.7530046336595255		bus
19.123689788967006	18.35874219740833 	0.764947591558677	41.511548303457445	35.67117808057517	18.284567748217945	15.367593638045415	-29.65108711239221	0	24	127.49126525978004	47.5	0	1.1	17.49948961538247	-1.5803538919201248		bus
8.234987478443609	8.733432454267383 	-0.4984449758237748	22.249558402321554	21.38149540600465	7.157346553986313	13.703672065849476	-13.598434190222326	1	28	64.04990261011696	33	0.3333333333333333	0	15.183364081147753	-1.3098766628960372		bus
7.956392636020389	12.055641626372886 	-4.099248990352496	42.27827103685901	39.790404581089234	4.985173620784076	9.416756015398889	-5.885603665825922	1	43	95.03468981913242	32.5	0.25	0	13.73796979212228	-1.867751128387329		bus
23.820093966608574	22.867290207944215 	0.9528037586643592	38.5465111132122	36.6515223613466	23.88900061375037	11.860464959070804	-8.61994537069863	0	24	158.80062644405714	32.5	0.25	0	15.41832382120333	-1.3976586472120476		bus
3.579771997505493	4.21153736829278 	-0.6317653707872872	19.512769899650625	14.224894873985725	2.965111532554387	6.174799743775352	-15.50526823309161	0	37	36.79210108547312	24.5	0.3333333333333333	0	13.727102132103639	-1.2882453220085104		bus
10.448804124391408	10.298501169286176 	0.15030295510523217	16.301930786242373	16.301930073877713	10.808405715533308	6.462303978339305	-6.588967282353234	0	26	75.46358534282683	24.5	0.3333333333333333	0	13.317314881139609	-1.1084267873692926		bus
10.391190646162375	10.07059051263372 	0.32060013352865546	24.04501001464938	21.34104855805538	8.545872785923493	15.499134944300922	-14.107358671523045	1	25	72.16104615390539	24.5	0.3333333333333333	0	12.992189966142139	-0.9496460183806317		bus
2.8731461953945545	3.408814989553777 	-0.5356687941592226	18.33264250571543	11.820066038790772	2.965062600382071	4.98514549957796	-6.168911415188187	0	39	31.125750450107674	14	0.3333333333333333	0	11.98028558906738	-0.9082482959584908		bus
3.0640840131873306	3.1679915704283044 	-0.10390755724097378	8.545872134085295	6.685605052926612	2.4844111862003038	5.580800591523491	-6.542120648853231	0	14	11.915882273506284	12.5	0.4	0	11.16972180944192	-0.8351264106205346		bus
26.169330092240227	24.650083718376628 	1.5192463738635986	36.18919210154029	34.95231634948792	26.685984751473175	14.8255459050928	-12.18457328245808	0	26	189.00071733284608	0	1.1	1.1	26.169330092240227	1.5192463738635986		bus
12.199027648178715	16.214782261870365 	-4.01575461369165	44.47962131797549	41.716145054922755	12.022505004775477	11.962047939445256	-20.252475343916963	1	34	115.21303889946563	16	0	1.1	19.18417887020947	-1.2482541199140256		bus
30.102847188476375	28.89873330093732 	1.2041138875390551	44.0825183550921	44.08251835424236	32.060013349042016	16.03000667643292	-15.811790005172593	0	24	200.68564792317585	16	0	1.1	22.82373497629844	-0.43079811742966534		bus
25.873571588578933	24.838628725035775 	1.034942863543158	38.54879264655966	37.56036017885407	26.83722454126027	8.69993858226479	-8.895875222356388	0	24	172.49047725719288	16	0	1.1	23.586194129368565	-0.06436287218645953		bus
3.4729516336285298	3.1022902053957164 	0.37066142823281334	8.015003340765675	6.62539010423717	3.4863967055757836	5.930583484086664	-8.015003340765675	0	12	11.576505445428433	10	0.5	0	19.563545630220556	0.022641987897395043		bus
6.546421292339245	13.42255771651149 	-6.876136424172245	74.13228177727227	50.247794266376225	8.89586675714963	31.05238189661104	-68.20169923606926	0	54	98.19631938508867	19.5	0	1.1	6.546421292339245	-6.876136424172245		bus
17.301597579911896	20.929722791323453 	-3.6281252114115574	40.184568785523375	40.111534052497035	22.15036926701044	8.558905825362924	-8.015003333118031	1	31	148.98597916035243	19	0	1.1	11.92400943612557	-5.252130817791901		bus
28.863508580517056	27.708968237296375 	1.154540343220681	40.51143700547025	40.36596182054467	28.412763944904306	8.015003340765677	-8.015003343314891	0	24	192.42339053678035	19	0	1.1	17.57050915092273	-3.1165737641210405		bus
13.15767799323657	12.63137087350711 	0.5263071197294593	20.755793908463964	19.07623814079855	12.382752651946959	11.860453658745817	-5.930227770438657	0	24	87.7178532882438	19	0	1.1	16.467301361501193	-2.2058535431584154		bus
8.275564465607813	13.802681588175542 	-5.527117122567729	29.429065131370677	25.132438971658303	15.693832729738773	12.337298337249123	-8.532438840005895	1	43	98.84702000587109	19.5	0	1.1	14.828953982322517	-2.870106259040278		bus
3.2292164477784095	3.5318410860089933 	-0.3026246382305837	13.405502488420131	11.919520807688663	2.7288301871986094	6.248204278782579	-13.405502488420131	0	34	30.498155340129422	12	0.42857142857142855	0	12.895664393231833	-2.4421926555719957		bus
7.918716016268779	19.418632649427362 	-11.499916633158584	80.15003336941852	68.36111100669113	8.5458442971685	36.76826294556909	-44.08251834999367	2	71	156.17467698752313	28	0.5	1	7.918716016268779	-11.499916633158584		bus
14.885313991884274	17.522223310085494 	-2.6369093182012193	40.07501668853308	38.739182797130866	20.146605345612482	20.037508348090366	-20.03750834554115	1	30	124.04428326570229	28	0.5	1	11.402015004076526	-7.068412975679902		bus
12.308263563559366	12.340541840302576 	-0.03227827674320949	23.720880982722548	21.871934091346827	12.189824852752896	9.75638559004463	-9.542419522262138	1	26	88.89301462570654	4	0.6666666666666666	0.5	11.704097857237473	-4.723034742701004		bus
15.98122393490974	15.92192155365053 	0.0593023812592115	39.371024498305275	36.596765267600006	13.399595650958242	8.88053608037822	-8.89536283148832	1	25	110.98072177020653	5	0.75	0.3333333333333333	12.77337937665554	-3.5274504617109503		bus
29.258208735746745	28.087880386316876 	1.1703283494298695	35.80636157965021	35.656381890868836	30.318033201947966	6.724538087966518	-6.19981963162282	0	24	195.0547249049783	5	0.75	0.3333333333333333	16.07034524847378	-2.5878946994827863		bus
11.102074485399978	11.368250725696239 	-0.26617624029626086	32.616206171601135	29.75084076883626	8.455166853368848	11.860440487588894	-8.080246775074114	1	26	80.18164906122206	6	0.8	0.25	15.242300121294816	-2.200941622951699		bus
10.89636891742361	11.661211719641276 	-0.7648428022176663	38.54642547621343	34.59294593980523	8.720606910690524	5.930220238136256	-8.895328956919244	1	27	81.72276688067707	7.5	0.8333333333333334	0.2	14.621452806456073	-1.9957846485611228		bus
16.1553847219763	15.984467044180967 	0.17091767779533384	43.846400499925366	36.50152651224564	16.301930359575564	23.80889215693343	-21.575660684268684	1	25	112.19017168039099	6	0.8571428571428571	0.16666666666666666	14.813194295896102	-1.7249468577665656		bus
6.102649013903356	6.4565006639123945 	-0.3538516500090383	16.301922655061695	13.909969779104244	4.985138498355396	5.962772804175984	-9.97027447583343	0	18	30.51324506951678	6	0.875	0.14285714285714285	13.845355931230241	-1.5726029457935071		bus
9.3178946699963	11.086590170407149 	-1.7686955004108498	36.189191793429764	36.10807394239368	5.9302127171390255	15.266952308152174	-11.860429198551046	1	30	77.64912224996915	19	0	1.1	9.3178946699963	-1.7686955004108498		bus
41.820349628101	41.41523508654025 	0.40511454156074933	69.1522596459454	67.22449021216242	48.135685253487665	20.21155363901635	-15.94569209563668	0	25	290.4190946395903	19	0	1.1	25.56912214904865	-0.6817904794250502		bus
24.935964581751048	23.938525998481005 	0.9974385832700428	44.479347893170264	43.555245950284906	24.49637142912323	12.204658185295408	-15.681215633958583	0	24	166.2397638783403	19	0	1.1	25.358069626616114	-0.1220474585266859		bus
7.8536208599451145	9.259079332802877 	-1.4054584728577622	32.61818846052648	29.76493922326071	5.457930382252268	4.538446707135583	-11.86116132596024	1	31	67.62840184952738	14.5	0.5	0	20.981957434948363	-0.44290021210945496		bus
4.990880529219838	4.952065196851317 	0.03881533236852164	12.022505007324693	9.704804285805963	4.272974922113115	12.022505007324693	-8.015003335667245	0	27	37.43160396914879	7.5	0.75	0	17.78374205380266	-0.34655710321385963		bus
4.677480698275178	4.620753907689151 	0.05672679058602714	8.545958824296047	8.545957463123587	4.007501669108231	8.545957353927056	-6.01125250111313	0	27	35.08110523706384	5	0.8	0.25	15.599365161214743	-0.27934312091387853		bus
3.7957881111523335	4.459635368309176 	-0.6638472571568421	23.73985348511363	14.71255258522474	4.007501667833623	12.38280093234413	-8.01500333821646	0	51	53.77366490799139	5.5	1	0	3.7957881111523335	-0.6638472571568421		bus
3.482337867479108	4.2823782876151135 	-0.8000404201360056	16.030006673883705	13.177274874206011	4.007501668088544	16.030006673883705	-7.798200011060133	0	39	37.72532689769034	5	1	0	3.639062989315721	-0.7319438386464239		bus
3.533278217254489	13.403793291065224 	-9.870515073810735	44.65960486229795	41.89900556824468	4.496393126903156	21.52372127988999	-9.756895241781146	0	100	98.14661714595803	7	0.6	0	3.6038013986286437	-3.7781342503678608		bus
5.836894990813968	17.096221712291925 	-11.259326721477958	44.6595697208281	39.74154210386681	19.089317085145233	6.870246831885304	-15.006638189213902	0	77	124.84469841463208	23.5	0.5	0	4.1620747966749745	-5.648432368145385		bus
36.9262786728953	35.449227525979495 	1.4770511469158052	52.43397877502608	49.59889381811387	40.07501668470926	12.122122899719386	-16.030006678982136	0	24	246.1751911526353	23.5	0.5	0	10.71491557191904	-4.223335665133147		bus
10.080317638052984	13.061577850223701 	-2.9812602121707172	44.082518352542884	40.11557611247745	12.20263043373965	24.045010012100168	-13.336777165409933	2	33	92.40291168215234	14	0.42857142857142855	0	10.609149249608029	-4.016323089639409		bus
13.5163755351106	12.975720513706175 	0.5406550214044241	27.863692107338554	25.615556146706027	15.091629033844434	8.545889114018946	-10.072997495695493	1	24	90.10917023407066	14	0.42857142857142855	0	11.024467290394112	-3.365326216633147		bus
9.74652191605649	12.665708316632536 	-2.919186400576045	32.06001334521819	29.181177825667778	11.971915044303614	8.589561861815104	-7.09813827556378	2	35	94.75785196166032	11	0.4444444444444444	0	10.86472411860191	-3.3095587396260093		bus
9.71604140102703	15.717310971609704 	-6.001269570582673	40.18455684462967	36.28530926181414	16.030006673883705	8.01500333821646	-16.139546835078722	1	41	110.65491595614118	11	0.4444444444444444	0	10.737092705538034	-3.6086377208434164		bus
0.7294375115709921	3.4399300305327563 	-2.710492518961764	12.382734232124768	9.647866635861439	2.4925657496804345	8.01500333821646	-10.37898339884526	0	104	21.072639223161993	12.5	0.4166666666666667	0	9.73632718614133	-3.518823200655251		bus
2.89470477122528	7.250551889922397 	-4.355847118697117	24.7654721774815	16.390238566157404	8.015003336941852	19.78033368136973	-12.742967170156806	0	70	56.28592610715822	44	0	1.1	2.89470477122528	-4.355847118697117		bus
11.832033175115019	12.671729117948004 	-0.8396959428329858	32.06001334521819	28.113219213378983	14.001694448974211	7.965880557505703	-12.022505004775475	2	27	88.74024881336264	24.5	0.5	0	7.363368973170149	-2.5977715307650513		bus
7.119313790740675	8.946559926912531 	-1.8272461361718566	26.224581644604825	22.458946867068647	8.455020042710775	12.819158674420736	-8.981888255028569	2	33	65.26037641512285	10	0.5	0	7.282017245693658	-2.3409297325673197		bus
11.826572255676004	11.35350936544896 	0.47306289022704284	33.37045126268075	29.30600995431239	7.412486626112226	12.615517035532626	-15.580493523263137	1	24	78.84381503784002	10	0.5	0	8.418155998189244	-1.637431576868729		bus
20.777098958287738	20.65849920235533 	0.1185997559324079	36.47157092934935	35.87718478357706	23.098565455621284	15.124216094417626	-10.131294465683311	0	25	144.28540943255373	10	0.5	0	10.889944590208943	-1.2862253103085017		bus
12.944427511607449	13.880279591911046 	-0.9358520803035972	38.75271734348696	37.62586685197334	11.859979357686285	23.71995870405356	-13.33114782608715	2	27	97.08320633705587	9	0.6666666666666666	0	11.232358410442027	-1.227829771974351		bus
23.770229582467238	22.819420399168543 	0.9508091832986949	33.705827179172516	32.9785970909859	26.68496625790545	9.985845880915466	-9.553777087183324	0	24	158.46819721644823	9	0.6666666666666666	0	13.023482863588486	-0.9165956355067729		bus
4.791074440443043	11.692208966263587 	-6.901134525820544	66.54216420060303	50.13449857091545	8.545837359802396	27.546708897232364	-21.67628799183037	0	66	87.83636474145578	10	0.5714285714285714	0	11.994431810695305	-1.6646629967959945		bus
7.07531470820218	7.075314708202183 	-2.6645352591003757e-15	16.852789406909462	15.429399274313992	7.157115751547706	10.440433256533371	-12.518654162270792	3	25	49.1341299180707	7	0.7	0	11.447863243751625	-1.4797004415964399		bus
7.385469341170775	7.207570639051064 	0.1778987021197107	21.13820249039034	16.4561649497279	5.929953442153602	11.382184990874944	-16.153108216056424	0	25	51.28798153590815	7	0.7	0	11.04162385349354	-1.3139405272248248		bus
13.446937652431748	21.28814501712934 	-7.841207364697594	56.10502336241679	55.02053264563043	18.463367492107956	16.6623482027861	-11.044735518040987	2	44	164.35146019638802	12.5	0.5	0	13.446937652431748	-7.841207364697594		bus
23.013114493873623	25.534238132991945 	-2.521123639118322	60.1125250289758	57.440857249570314	24.154112179056618	12.846076266990607	-12.022505004775475	1	28	178.99089050790593	10	0.6666666666666666	0	18.230026073152686	-5.181165501907958		bus
18.04440133620444	17.87348356705414 	0.1709177691503001	38.75422624461733	37.4847645514923	19.02319125372299	12.921126472549584	-16.301934038431877	1	25	125.30834261253084	10	0.75	0	18.168151160836604	-3.3971377448885387		bus
28.3553019107157	27.221089834287078 	1.1342120764286214	44.656884543640594	40.2664720821667	28.052511681208394	12.022505004775475	-17.67162723746791	0	24	189.035346071438	10	0.75	0	20.714938848306378	-2.2643002895592486		bus
4.091933324077299	5.842974311817145 	-1.751040987739846	20.037508342991934	16.681762601809215	4.985135277802249	4.538360669443645	-12.022505004775475	0	37	42.05598138635002	10	0.6666666666666666	0	17.390337743460563	-2.161648429195368		bus
5.096199574290776	5.354525577094886 	-0.2583260028041101	26.593256028462125	15.368574063593499	4.963447829804796	19.435998366527333	-16.837013292230022	0	30	42.46832978575647	9	0.75	0	15.341314715265598	-1.8444280247968254		bus
0.8751223265555189	10.419980656937739 	-9.544858330382219	61.27135869397461	44.50935270062498	4.0075016703828386	49.24885368664992	-28.667520568374314	0	352	85.5675163743174	9	0.7	0	13.274715802592729	-2.94448949702331		bus
19.426236403265683	18.649186947135053 	0.77704945613063	42.72923169078829	39.70098947273515	15.156193650625578	17.85660971690324	-28.16204867810441	0	24	129.5082426884379	9	0.7	0	14.043655877676848	-2.4792971278790676		bus
5.050237373209255	7.312458469524557 	-2.2622210963153027	36.4714882993733	24.8325453895303	4.968738613745021	19.583643179670958	-15.33318554985803	0	41	57.51659230599429	9	0.6666666666666666	0.125	13.044387154958226	-2.4551775688164272		bus
19.230810374004378	18.461577959044206 	0.7692324149601717	40.37637640838528	31.64131274800644	20.754947404609556	15.338884409588982	-22.140611602888946	0	24	128.20540249336253	9	0.6666666666666666	0.125	13.66302947686284	-2.1327365704387673		bus
4.899193108062811	5.314725225545066 	-0.4155321174822557	23.719973769374185	16.032907895598413	4.442768403228493	9.420969317287323	-11.859986882800696	0	32	43.54838318278054	9	0.6428571428571429	0.1111111111111111	12.8663170796992	-1.9766270747154484		bus
16.325256280198865	16.225554204271535 	0.09970207592732905	40.37633553010543	33.18801191638235	16.22438160208543	19.23804895508132	-23.989536267461855	1	25	113.36983527915879	9	0.6428571428571429	0.1111111111111111	13.154562013074171	-1.8035996454952168		bus
14.684643812457177	14.144959019684814 	0.5396847927723627	69.40712082244453	42.984132623923756	11.859996297674364	60.512136307951906	-47.158296786524176	1	25	101.97669314206372	9	0.6428571428571429	0.1111111111111111	13.272260613026711	-1.6233469963977107		bus
1.4005855692808862	2.2782083556515795 	-0.8776227863706934	9.970214023462672	7.911265419576671	1.869414937151379	9.756080566159111	-9.970214023462672	0	41	15.951113427921202	10	0.6	0.1111111111111111	12.424283824187723	-1.570080981395781		bus
1.3487609912295275	2.6021646648843775 	-1.25340367365485	17.79050263316343	9.568614338320016	2.077149483178444	4.007501669108231	-17.79050263316343	0	86	32.220401457149826	13	0	1.1	1.3487609912295275	-1.25340367365485		bus
6.4655517940814144	13.293575253434128 	-6.828023459352713	28.629284848840335	25.8706996361676	12.96234803301612	12.327355603110437	-9.554068953701634	0	52	93.3913036922871	15.5	0	1.1	3.907156392655471	-4.040713566503782		bus
4.401226155771352	5.809105614023886 	-1.407879458252534	14.825560024868357	13.106121075861763	6.259596337333092	6.588972327190971	-6.679169445964502	0	39	47.6799500208563	18	0	1.1	4.071846313694098	-3.1631021970866993		bus
36.378653341124966	34.923507207479965 	1.4551461336450018	56.41758229142502	54.89947658075241	36.06751501687564	8.499282675057131	-8.499282675057131	0	24	242.52435560749979	18	0	1.1	12.148548070551815	-2.008540114403774		bus
19.013416648403744	21.18815993503597 	-2.174743286632225	60.76717338203943	53.81004835452592	20.037508342991934	16.287528476360485	-16.684655029496547	1	28	147.88212948758468	18	0	1.1	13.521521786122202	-2.0417807488494644		bus
23.69586176881765	22.748027298064944 	0.9478344707527064	35.58350654295519	34.676826559814245	26.687617205639206	8.84503274995223	-8.895878052893327	0	24	157.97241179211767	18	0	1.1	15.217245116571442	-1.5435115455824358		bus
4.243740794157411	5.345408588548612 	-1.1016677943912008	12.382795522635723	10.228542534986763	4.985287525532893	4.3677921844192635	-9.756879791671695	0	38	44.795041716106006	17.5	0	1.1	13.649601641940867	-1.4803910096979735		bus
5.6958439914304515	5.543305327937072 	0.1525386634933792	10.127868016339198	9.073261561080963	4.985295080426492	4.538456011327146	-5.930640880811692	0	28	44.301008822236845	17	0.14285714285714285	1	12.655381935627066	-1.2762748005490545		bus
1.8402894703924872	2.102860846738639 	-0.2625713763461517	5.9306549955851615	3.9537699995718127	1.482663749839432	0.7413318739765744	-4.942212495692207	0	21	10.735021910622843	15	0.25	0.5	11.453704995045447	-1.163641086748732		bus
1.9807560955233863	10.188168723352307 	-8.207412627828921	33.58850263984978	30.079875369087947	5.020780560774192	2.5262359074921137	-5.451392447358956	0	500	275.105013267137	207.5	0	1.1	1.9807560955233863	-8.207412627828921		bus
17.9992920917697	23.952906623400494 	-5.9536145316307945	61.7338757698612	57.129037269418525	22.084194475019395	4.598970998271028	-6.191670880598846	2	102	509.97994260014144	31.5	0	1.1	9.990024093646543	-7.080513579729858		bus
0.9974499058164812	5.934794996714747 	-4.937345090898266	22.795044296318654	18.40600732489408	4.497432951992682	2.412788224284942	-6.514322915948562	0	691	191.45496803310792	21	0	1.1	6.992499364369856	-6.366124083452661		bus
5.243786362680068	5.403924926147393 	-0.16013856346732513	8.741610633268548	8.247574963655994	5.435900218331975	0.9544002487426925	-1.3995287571870165	0	111	161.6834128493021	21	0	1.1	6.555321113947409	-4.814627703456327		bus
3.9765534721582627	6.327486051680861 	-2.350932579522598	17.840320730235558	17.09498971056419	5.598887544448097	2.0590575246351963	-3.6299091110256367	0	175	193.30468267435998	21	0	1.1	6.039567585589579	-4.321888678669581		bus
6.327321073051592	7.175239594047513 	-0.847918520995921	18.77858972246958	14.875197905668395	6.715533841786616	1.5599029739782384	-2.551719893295972	0	99	174.00132950891876	21	0	1.1	6.0875265001665815	-3.742893652390638		bus
14.087593748410596	14.82966078073863 	-0.7420670323280341	33.63030902552823	32.54568981789851	13.726851004641997	5.570562207414446	-4.367128835149611	1	89	348.27662322459526	15	0	1.1	14.087593748410596	-0.7420670323280341		bus
13.797892370228526	21.65759336875661 	-7.859700998528085	42.583857201830284	41.21727123971795	23.272529390291666	3.83954382054074	-6.679169446814239	2	123	471.4279893161413	30	0	1.1	13.942743059319561	-4.30088401542806		bus
4.959263177030854	8.67779008225438 	-3.7185269052235252	29.40496073894377	25.837462256346296	5.330086107985848	4.414460184648021	-4.4527796314927395	0	109	150.1554684156564	30	0	1.1	10.948249765223325	-4.1067649786932146		bus
6.329998443368928	11.47837708764933 	-5.148378644280402	44.107652824138945	38.466269740548086	8.715522801086742	6.25963421057575	-12.030883161974161	0	157	276.0582654469227	30	0	1.1	6.329998443368928	-5.148378644280402		bus
18.97421880597263	20.602160633319485 	-1.6279418273468558	44.1821341309312	40.703716566886555	19.95170064878193	5.502221400089336	-7.515912452985982	1	78	411.10807412940693	30	0	1.1	12.65210862467078	-3.3881602358136287		bus
15.617260273451695	21.903471505791757 	-6.286211232340062	50.77130982194449	45.48287455921676	24.963182098825996	5.825083660078525	-13.370595307290913	2	110	477.194063911024	16.5	0.5	0	15.617260273451695	-6.286211232340062		bus
12.372395401995187	20.196066620794667 	-7.823671218799481	44.08251835424236	39.33036103259599	22.817241035123416	4.002424328784592	-6.310461439621862	1	78	268.06856704322905	27	0.3333333333333333	0	13.994827837723442	-7.054941225569771		bus
2.616759003577765	15.001580730714341 	-12.384821727136575	34.731681128022636	32.51036813580209	14.098987003386613	4.898057595293481	-6.569823593738327	0	466	338.72491546312176	51	0	1.1	2.616759003577765	-12.384821727136575		bus
19.360158205013665	23.366845214826785 	-4.00668700981312	44.494489055887456	41.667655269528154	25.730967756744672	3.4126137456126435	-2.623485324383193	1	74	397.9588075475031	34	0	1.1	10.988458604295715	-8.195754368474848		bus
5.631288517921223	12.516029992686638 	-6.884741474765415	34.02592499600774	28.154600398337095	11.860150637181782	3.2658002913049473	-5.584114703936197	0	192	300.33538762246525	54	0	1.1	5.631288517921223	-6.884741474765415		bus
15.197448488768936	20.2445448586529 	-5.047096369883965	41.511607589321315	37.23725719702927	22.226675762806817	3.6240292344227583	-3.5622237050242433	1	102	430.59437384845313	36	0	1.1	10.414368503345079	-5.96591892232469		bus
5.612478130612594	6.787566951518832 	-1.1750888209062378	14.727375201068154	12.56787592959563	7.699418029314683	0.6337519392654846	-1.8956104460269236	0	48	74.83304174150125	24	0	1.1	8.813738379100917	-4.368975555185206		bus
11.455478063873427	21.648635646537763 	-10.193157582664336	57.44936019961137	52.100356008006194	18.697486882617966	5.69026170282523	-5.781739218606629	2	154	490.0398949545855	41	0	1.1	11.455478063873427	-10.193157582664336		bus
19.579759862577294	18.828353299725716 	0.751406562851578	39.5372169476049	29.4350532811294	18.96925893018921	3.5612179275756723	-0.10305484674795196	0	24	130.53173241718196	41	0	1.1	15.51761896322536	-4.720875509906379		bus
14.627135669513256	17.022461255686835 	-2.3953255861735787	36.06751501687564	32.144450847796136	19.636413118400352	2.990528934445624	-6.476740341242043	1	155	629.7794524373763	39	0	1.1	14.627135669513256	-2.3953255861735787		bus
13.697298278361323	17.506952209314186 	-3.8096539309528623	34.82299550387661	33.04014379500277	20.13476912120227	2.9620231338418144	-5.725826099000369	1	97	369.0660925002912	19	0	1.1	13.697298278361323	-3.8096539309528623		bus
11.679023022732787	17.31955488140215 	-5.640531858669364	41.42264356755163	37.02204150466961	20.705425287418436	6.265080197856168	-4.938613513569305	1	117	379.5682482388156	39	0	1.1	11.679023022732787	-5.640531858669364		bus
13.735795121104495	18.040500616197257 	-4.304705495092762	38.54646829345421	35.28945042030931	18.16270651682904	3.9935297769115636	-5.051738518539624	1	117	446.4133414358961	28.5	0	1.1	12.70740907191864	-4.972618676881063		bus
5.643324972778587	5.9682476829227 	-0.32492271014411234	12.848712658373072	10.871987634459623	6.646876145499019	0.988362512375964	-1.6036540827679995	0	60	94.05541621297645	28.5	0	1.1	10.35271437220529	-3.4233866879687462		bus
15.615344354777388	20.349329809610964 	-4.733985454833576	48.181351990295056	47.69220579914262	18.939134130715498	4.9284631261183875	-7.170057469100403	1	106	459.78513933511204	0	1.1	1.1	15.615344354777388	-4.733985454833576		bus
8.832062972583081	13.248094458874618 	-4.416031486291537	30.724179458914406	28.05831353689342	15.04366330848674	2.5924080042965234	-5.939166581447584	1	63	154.5611020202039	0	1.1	1.1	12.223703663680235	-4.575008470562556		bus
18.37366943637508	20.83429724342212 	-2.4606278070470395	40.95221536266338	40.03562243969199	23.055113145503476	4.282777798528348	-5.039020109216178	1	88	449.1341417780575	21	0	1.1	18.37366943637508	-2.4606278070470395		bus
16.741633236400098	17.62281899448217 	-0.8811857580820721	41.510033149872875	32.635602977352086	20.825790277019873	1.940036839155906	-5.370372173118182	0	36	167.416332364001	21	0	1.1	17.55765133638759	-1.6709067825645558		bus
15.205972048523808	25.059065347513407 	-9.853093298989599	53.51556811551079	48.18188560896249	27.812376665991934	3.669201929017056	-7.19866040458177	2	129	544.8806650721032	30	0	1.1	15.205972048523808	-9.853093298989599		bus
11.08408997196182	20.33689317751904 	-9.252803205557221	41.422643713475736	36.96620401674979	20.94336304089785	7.435886617991158	-4.008392154068116	1	63	193.97157450933184	36	0	1.1	13.145031010242814	-9.55294825227341		bus
40.90759060188503	47.85216150195258 	-6.944570900067546	66.2273324614683	63.316178847620584	55.41842417400164	2.9444140210192913	-6.359223917526094	0	80	909.0575689307785	0	1.1	1.1	40.90759060188503	-6.944570900067546		bus
17.445093703996346	36.23819431245609 	-18.793100608459742	63.570414160032	61.440403097257075	39.94062783890534	6.255583609433843	-7.204719886438557	1	167	809.2585134909416	61	0	1.1	29.17634215294069	-12.868835754263644		bus
10.920679328708207	13.853507303117663 	-2.932827974409456	29.486754356924223	21.705314502063313	17.814594574632856	2.1416047625850734	-2.623672747268074	0	37	112.24031532283436	61	0	1.1	23.091121211529863	-9.556833160978915		bus
46.44547918134807	49.004213016563966 	-2.5587338352158966	70.5505200734632	69.69500708525582	52.900721258155414	12.777458113353802	-20.753766616587562	0	71	916.0080616321425	0	1.1	1.1	46.44547918134807	-2.5587338352158966		bus
16.071928334853805	33.26042514881826 	-17.188496813964452	70.73367738353005	65.94055316631872	33.566683176011715	9.56284269054396	-19.502659801977522	0	174	776.8098695179339	0	1.1	1.1	31.258703758100935	-9.873615324590174		bus
11.309239403155582	17.279465171655012 	-5.97022576849943	40.191567453002875	33.85416717765998	14.729916283860534	3.5726997345212084	-11.019934555226214	0	56	175.92150182686458	0	1.1	1.1	24.608882306452486	-8.572485472559926		bus
20.52031547496789	33.91913924580402 	-13.398823770836128	70.4308599887512	64.68676632826653	33.63787344629115	12.22802651346861	-21.76146711578682	1	133	758.1116550474248	42	0	1.1	20.52031547496789	-13.398823770836128		bus
27.594962873306812	32.81435108607251 	-5.2193882127657005	54.79175951109453	52.27250904396417	34.89601367843427	4.384800823329714	-8.767484055715894	0	68	521.2381876069064	42	0	1.1	24.05763917413735	-9.309105991800914		bus
9.089972828469612	12.125662416767558 	-3.035689588297945	31.77876339992636	30.201131171574755	10.79583934577241	5.64711899581948	-6.430679590522449	1	109	275.22417730644105	29	0	1.1	9.089972828469612	-3.035689588297945		bus
11.182805470526265	17.78944552149124 	-6.606640050964973	41.15477497059996	39.51762449017699	21.146962616709576	3.2239442119090373	-6.315065675267778	3	106	329.27149440994003	22	0	1.1	10.136389149497939	-4.821164819631459		bus
4.9809579269486814	10.552670405343951 	-5.57171247839527	30.582036497932688	27.3992654095865	9.310591359934875	3.704035171309644	-6.652339629141132	0	152	210.30711247116653	25	0	1.1	8.417912075314852	-5.071347372552729		bus
19.35958900623875	22.137133930343904 	-2.777544924105154	42.13178146246313	41.590075047944765	24.524561283105818	3.089551368238712	-6.256026935239888	0	73	392.5694437376191	25	0	1.1	11.153331308045827	-4.4978967604408355		bus
8.19160277062484	10.686996998234306 	-2.4953942276094665	23.942092787545203	21.694494104641695	10.737025080958942	4.43841441214459	-3.8419099803921473	2	90	204.79006926562099	22	0	1.1	10.56098560056163	-4.097396253874562		bus
4.720665339127945	5.754690883535977 	-1.0340255444080322	33.282886186272066	22.23415384912845	3.140766616532929	5.5275890752936645	-1.5274452475548035	0	85	111.46015384052092	22	0	1.1	9.587598890322683	-3.5868344689634735		bus
2.2923369688989763	5.809196477381935 	-3.5168595084829586	25.663502382170314	11.031141434336673	1.1561927777407353	0.00895741416152922	-6.463257746357115	0	65	41.389417494009294	22	0	1.1	8.545418615833581	-3.5768380460376856		bus
6.255457629451895	13.737602334161052 	-7.482144704709157	33.95233242542571	30.225334948543566	14.267741164666816	5.187786607206584	-8.76902569571865	0	146	253.69355941666018	29	0.3333333333333333	0	6.255457629451895	-7.482144704709157		bus
10.039773902614757	15.375493824270164 	-5.335719921655407	63.18533644429042	41.960044493918296	10.488791899709582	1.8157990066925391	-11.191464509054484	1	47	131.07482595080376	24	0.25	0	8.147615766033326	-6.408932313182282		bus
11.480086378981904	21.50631442966116 	-10.026228050679256	37.42114221420262	36.195252556361226	25.75781091269355	6.4342385565541615	-7.474278270211275	1	118	376.2917201999624	58	0	1.1	11.480086378981904	-10.026228050679256		bus
14.651369021773109	22.97338917690558 	-8.322020155132472	46.10652703885154	43.34154338820495	24.048071332806238	7.2320104293362855	-11.103876993407592	1	100	406.9824728270308	45	0	1.1	13.065727700377506	-9.174124102905864		bus
16.412507540959894	23.48878004025739 	-7.076272499297495	53.84313491426929	44.94587535884045	27.869109568510538	8.388201234234316	-13.022827555927483	2	91	414.8717183964862	28.5	0.25	0	14.181320980571636	-8.474840235036408		bus
10.79161958809839	20.116489448903025 	-9.324869860804634	33.871824357458955	33.4828694680742	23.936451662731912	4.215156059508995	-10.697210188644513	1	125	374.7090134756386	32	0.2	0	13.333895632453325	-8.687347641478464		bus
15.911297436525086	17.611828202056802 	-1.7005307655317168	36.12217778679224	35.7072699579727	20.02137918024692	7.0504392721020945	-6.419499129217586	1	70	309.38633904354333	28.5	0.16666666666666666	0	13.849375993267676	-7.289984266289115		bus
8.532279843611114	12.036460743405888 	-3.5041808997947737	59.43808892449638	40.65034952660978	5.480937425930897	8.10054698371369	-29.569043674331486	2	105	248.85816210532414	18	0.375	0	12.96319330165825	-6.659017038540058		bus
7.174369099005257	11.05966640446271 	-3.8852973054574536	38.434923043283504	34.28653859577694	7.531721954256746	3.6702990015378907	-4.346663228357483	2	104	207.25955174904075	29	0	1.1	7.174369099005257	-3.8852973054574536		bus
35.35319000090053	34.05238539546755 	1.3008046054329796	44.11593173334451	43.74986795494535	39.2185331678202	3.905998130757995	-7.815221715234509	0	61	599.0401639041479	29	0	1.1	21.263779549952893	-1.292246350012237		bus
14.494179459791875	22.750840515900922 	-8.256661056109047	47.661952608471864	43.11807516095481	22.801913680396027	4.8190920834986	-5.2906795855326	1	106	426.7730618716496	40	0	1.1	19.007246186565887	-3.613717918711174		bus
10.028391027728187	19.017725289057836 	-8.989334261329649	38.225998627779305	36.10572635080826	19.12433216560939	3.787215679339703	-7.81966069459787	2	127	353.77935014485547	40	0	1.1	16.76253239685646	-4.957622004365793		bus
14.677084068726785	15.18195779488396 	-0.5048737261571752	33.05570385423832	28.209972009856504	15.002426927723931	5.086229098373959	-6.335942370007707	0	34	138.61690509353073	40	0	1.1	16.345442731230527	-4.06707234872407		bus
2.435771928961556	4.371023012876188 	-1.9352510839146322	20.298058682377363	15.210288669915313	2.689303325497537	2.222417803470576	-3.4256577679246885	0	173	117.05237325287479	50.5	0	1.1	2.435771928961556	-1.9352510839146322		bus
27.16338593820117	30.648522330962965 	-3.4851363927617953	188.80103439268325	91.87172554787082	27.613285150373798	29.153540076619993	-72.67565095866185	1	71	535.7223337811897	31	0	1.1	14.799578933581364	-2.710193738338214		bus
12.755412938660625	17.48771737505994 	-4.732304436399316	35.25746162453952	33.88689789998462	16.324267831931927	4.609305641941339	-6.977834850175299	1	70	248.02191825173435	31	0	1.1	14.118190268607783	-3.3842306376919145		bus
