_avgSpeed	_exSpeed	 DiffAvgExpSpeed	 Max Speed	AvgTop3Speed	_speedMedian	_maxAcceleration	_maxDecceleration	Num Of Stops(including end/start point)	duration	distance	stopDurationMedianSoFar(while moving)	ratio Of Short Stop(while moving)	ratio Of Instant Stop(in short stop)	Avg of AvgSpeed	Avg of DiffAvgExp	label
4.829823895956469	5.322595003043412 	-0.49277110708694316	9.40292572402035	8.797768364018536	6.014210270771557	0.9079187590687031	-1.5820068035273673	0	40	53.66470995507188	11	0	1.1	4.829823895956469	-0.49277110708694316		wk
4.429938142081138	4.054155988340933 	0.3757821537402046	6.011252503662345	5.544381088507418	4.15112189322642	0.4046250946890678	-0.2698054295970886	0	43	52.91315003041359	11	0	1.1	4.629881019018804	-0.05849447667336927		wk
5.546254963804317	5.1851790205877295 	0.3610759432165871	7.3077422946441395	6.984151666112265	6.19137486101798	0.7395103968894376	-0.8329134309113169	0	34	52.381296880374094	11	0	1.1	4.935339000613975	0.08136232995661619		wk
4.990862124241165	5.044932050627376 	-0.05406992638621144	9.543837756948106	7.843586475696427	5.009377085747984	0.745361845106881	-2.3674178775189585	0	38	52.68132242254563	11	0	1.1	4.949219781520772	0.04750426587090928		wk
4.34268190068361	4.397492577431568 	-0.05481067674795792	6.751903837382934	6.703414243953717	5.063927963997067	0.5484469615528553	-0.5626586244619558	0	42	50.66462217464212	11	0	1.1	4.82791220535334	0.02704127734713584		wk
4.737340678319604	4.921077869777269 	-0.18373719145766554	14.104393061014575	8.348035067303597	4.583198640088538	2.222654133830381	-4.613062326532278	0	39	51.321190681795706	11	0	1.1	4.812816950847718	-0.008088467453664391		wk
5.8018498691619715	5.835140224602383 	-0.03329035544041137	10.127858786440441	8.941927468675084	6.409434220065125	0.929606141593829	-1.6697923629781672	0	33	53.183623800651404	11	0	1.1	4.954107367749754	-0.011688737166056815		wk
6.026539942966514	5.754077692611814 	0.2724622503547005	8.895602801114554	7.97852332525715	6.504421370516199	0.7633767178279592	-1.1076965784898098	0	32	53.569243937480124	11	0	1.1	5.088161439651849	0.02383013627403785		wk
4.814333663221272	4.59122106994665 	0.22311259327462185	6.746536277345566	6.411144262148647	5.284957300085125	0.3484072903707367	-0.7362968422310251	0	42	56.16722607091484	11	0	1.1	5.057736131159562	0.04597263149632496		wk
