_avgSpeed	_exSpeed	 DiffAvgExpSpeed	 Max Speed	AvgTop3Speed	_speedMedian	_maxAcceleration	_maxDecceleration	Num Of Stops(including end/start point)	duration	distance	stopDurationMedianSoFar(while moving)	ratio Of Short Stop(while moving)	ratio Of Instant Stop(in short stop)	Avg of AvgSpeed	Avg of DiffAvgExp	label
7.200759273498276	11.314829436209923 	-4.114070162711647	29.64676722801745	21.740962632874105	14.823383612123497	7.54345563791503e-9	-11.858706896486744	1	17	34.0035854581863	0	1.1	1.1	7.200759273498276	-4.114070162711647		dr
35.006395690257285	31.50575612123156 	3.5006395690257257	50.39951228697553	47.434835093181135	35.576126318002316	8.361869614596605	0	0	9	87.51598922564321	0	1.1	1.1	21.10357748187778	-0.3067152968429605		dr
64.39993027932373	57.95993725139134 	6.439993027932388	68.65709036039439	67.3968883412557	62.772048394441114	6.3988100005868205	-5.800507119892487	0	9	160.9998256983093	0	1.1	1.1	35.53569508102643	1.9421874780821557		dr
63.63133461292152	57.26820115162938 	6.3631334612921435	68.3053404849038	66.29145684920381	62.38715107665583	5.918189408247962	-6.047020597134839	0	9	159.0783365323038	0	1.1	1.1	42.5596049640002	3.0474239738846527		dr
63.94921743699537	57.55429569329583 	6.394921743699541	65.71367433112596	64.76398070001916	64.28899031933136	3.326473941886441	-1.701009564962554	0	9	159.87304359248841	0	1.1	1.1	46.83752745859923	3.716923527847631		dr
3.665467984599388	26.053259500769553 	-22.387791516170164	62.772489488206936	55.925588272092305	26.682323458867618	0	-12.066596975613106	0	73	74.32754524326536	0	1.1	1.1	39.64218421293259	-0.6338623128220018		dr
33.02317323775411	29.720855913978692 	3.3023173237754158	48.77651568463887	45.2324500689709	31.992025742472936	7.02911214252067	0	0	9	82.55793309438526	0	1.1	1.1	38.69661121647852	-0.07155093616522785		dr
48.81066119516453	43.92959507564808 	4.881066119516447	57.68137431160573	56.211084264908095	50.09701551290533	2.571676575322833	-7.5843587987004	0	9	122.02665298791132	0	1.1	1.1	39.960867463814274	0.5475261957949815		dr
51.63923552918387	46.47531197626549 	5.163923552918384	59.82041351884884	58.96085495561123	53.588637446748315	7.8566957014108425	-2.5771322919011794	0	9	129.09808882295968	0	1.1	1.1	41.25846391552201	1.0604592354753595		dr
50.195246388080875	45.175721749272796 	5.019524638808079	60.18559451249805	58.211156294307834	52.09752169075934	3.7680974893658217	-7.617983058499362	0	9	125.48811597020219	0	1.1	1.1	42.15214216277789	1.4563657758086315		dr
36.17653123894993	32.55887811505494 	3.617653123894989	40.184542473478054	40.14803339156884	36.55171282435986	8.124529128259866	-7.980415634561911	0	9	90.44132809737482	0	1.1	1.1	41.608904806066256	1.6528464438164823		dr
42.05194909405676	37.846754184651076 	4.205194909405684	48.1813316632539	45.614334585118634	44.18211240603311	4.1070974545741805	-4.982750471353327	0	9	105.12987273514189	0	1.1	1.1	41.6458251633988	1.865542149282249		dr
31.38488085067296	28.24639276560567 	3.1384880850672907	41.702314498301966	35.80727513772695	31.050276945659206	11.783204552714952	-8.842561607461931	0	9	78.4622021266824	0	1.1	1.1	40.85652175472758	1.9634610674195598		dr
7.304717069708162	10.082687660620032 	-2.7779705909118695	26.68457239766796	21.891585577290527	5.929905919225478	0	-12.305610995407593	1	12	24.349056899027207	0	1.1	1.1	38.4599642772262	1.6247873775387434		dr
6.303213804097193	5.932594742966065 	0.3706190611311282	15.356877479929155	10.46960598299892	7.1570830019205545	6.462020012782105	-4.192130987207406	0	8	14.00714178688265	0	1.1	1.1	36.31618091235092	1.5411761564449022		dr
32.08756769108612	28.87881092197751 	3.2087567691086107	40.18454989816482	37.43985997730536	32.1968238965019	4.117034881289179	-8.124536547848194	0	9	80.2189192277153	0	1.1	1.1	36.05189258602188	1.645399944736384		dr
27.467917443854105	24.721125699468697 	2.7467917443854084	38.75271734348696	36.719301472473056	26.9841977582963	5.892481526151855	-0.20776608688986187	0	9	68.66979360963526	0	1.1	1.1	35.54695287177671	1.7101876976569148		dr
35.275518264778086	31.747966438300278 	3.527551826477808	38.54496349857836	38.54496349354885	35.57996630260841	3.18997805411756	-2.964997195970085	0	9	88.18879566194522	0	1.1	1.1	35.5318731713879	1.811152371480298		dr
12.855384778719056	11.569846300847152 	1.2855384778719046	24.056135842848807	24.056132132392317	8.894991576595826	15.16114055484003	-15.161138261734266	0	9	32.13846194679764	0	1.1	1.1	34.33837378230007	1.783488482343014		dr
31.45757393805313	28.31181654424782 	3.1457573938053116	35.57997759970268	35.57997759467316	32.61497945885028	5.929996259072098	-4.75230133032067	0	9	78.64393484513283	0	1.1	1.1	34.19433379008772	1.8516019279161289		dr
2.9454949517238775	5.0661156057347565 	-2.120620654010879	13.405432132901732	9.46431426661814	2.9650056621772176	0	-9.057499342598259	0	11	9.000123463600737	0	1.1	1.1	32.70629384540372	1.6624484716338903		dr
10.191621571063493	9.05921917427866 	1.1324023967848333	16.030006673883705	13.819318629207496	12.022505004775477	8.015003338216463	-4.007501669108228	1	8	22.64804793569665	4	1	0	31.68289965111553	1.6383554682316606		dr
9.86994209439029	9.469191927479466 	0.4007501669108233	20.037508342991934	16.503983036049863	8.01500333821646	9.076708607209948	-12.022505007324689	0	10	27.416505817750803	4	1	0	30.734510192127473	1.5845465420872764		dr
1.6169101263024086	1.3053398097661693 	0.31157031653623934	2.49256267222537	1.7404530796882256	1.4825153006943503	0.5050236857655098	-0.6231407030402065	0	8	3.5931336140053522	4	1	0	29.52127685605143	1.53150586602265		dr
27.53954739801991	25.035952180018093 	2.5035952180018164	40.075016683434654	36.42774446676829	30.744510439452128	28.05251167865918	-13.127087956426344	1	10	76.49874277227752	3	1	0.5	29.442007677730167	1.5703894401018164		dr
27.72262207791796	24.95035987012616 	2.772262207791801	32.60384873668703	30.957546765053536	28.052511681208394	7.832875201025292	-4.551337055478633	0	9	69.3065551947949	3	1	0.5	29.375877462352776	1.6166153157822003		dr
23.277038232046298	20.94933440884167 	2.3277038232046294	28.052511681208394	28.05251167950892	24.04501001464938	8.449566100583578	-5.712304496840964	0	9	58.19259558011574	3	1	0.5	29.14999452789698	1.6429519271682163		dr
21.110248534509562	18.999223681058602 	2.11102485345096	35.80633352882291	32.691240303974375	23.720907332580975	0.22496689110375456	-9.120312783441857	0	9	52.7756213362739	3	1	0.5	28.862860742418857	1.6596688173925997		dr
20.845656206831055	17.86770532014091 	2.977950886690145	29.92072337360377	27.854116470913713	22.238350620522468	11.860453666290155	-2.9651134165724393	0	6	34.74276034471843	3	1	0.5	28.586405413605487	1.7051268197821703		dr
19.986345013311475	17.987710511980325 	1.99863450133115	29.920700058585236	28.752606558646715	21.13911773302783	9.164922615007338	-9.278673473626652	0	9	49.96586253327868	3	1	0.5	28.299736733595687	1.714910409167136		dr
0.39763032053957165	0.7157345769712289 	-0.31810425643165724	3.5786728848561444	1.1928909616187149	0	1.7893364424280722	-1.7893364424280722	0	18	1.988151602697858	3	1	0.5	27.399668784787423	1.6493292909220136		dr
32.74241029306982	29.46816926376284 	3.274241029306978	83.88909741641157	52.67230701995191	35.58135534493028	69.06354209687552	-53.96837870982119	0	9	81.85602573267452	3	1	0.5	27.566629456921248	1.7001077827465438		dr
37.58804932074762	33.82924438867286 	3.75880493207476	50.406920075123935	46.4534361495874	35.58134970607878	5.930224958556945	-5.930225895850185	0	9	93.97012330186905	3	1	0.5	27.87030884673417	1.762492544847399		dr
21.49053724523967	21.325808852590804 	0.16472839264886474	41.511568062082766	37.55808539004301	24.062178668910473	2.9651120012005094	-10.377888718016857	1	9	53.72634311309917	3	1	0.5	27.682668505513742	1.715499481547442		dr
29.408022058261842	26.467219852435658 	2.9408022058261842	38.546437706312204	35.66308471715016	32.616216523338196	8.895331780120266	-5.93022117920173	0	9	73.5200551456546	3	1	0.5	27.731964321306545	1.7505081308125492		dr
7.143041812305469	8.64978523108652 	-1.506743418781051	20.755770856110132	14.825550612944445	10.377885428055283	1.170981987981904	-8.895330364748528	1	9	17.857604530763673	3	1	0.5	27.160049807167624	1.660028921101616		dr
30.14490288001897	27.130412592017073 	3.014490288001898	41.70452426973078	39.73843793055767	32.61619064776039	9.08831809435737	-5.898245911544336	0	9	75.36225720004742	3	1	0.5	27.240721511839286	1.6966359850718937		dr
20.247295042100017	18.222565537890013 	2.024729504210004	25.637640887318764	23.869343575863216	20.255704417113986	5.600132546876047	-4.285703155231843	0	9	50.618237605250044	3	1	0.5	27.056683973161938	1.7052700250492123		dr
33.69867413817122	30.3288067243541 	3.369867413817122	50.05928941877045	43.40310759606299	36.06751501687564	13.991774401894808	-13.507517505906684	0	9	84.24668534542805	3	1	0.5	27.22699141329038	1.7479520093765946		dr
12.462847643090349	8.308565095393567 	4.154282547696782	14.955416332431488	12.46284764309035	12.46284764309035	4.985137378682275	0	0	2	6.923804246161305	3	1	0.5	26.85788781903538	1.8081102728345992		dr
