_avgSpeed	_exSpeed	 DiffAvgExpSpeed	 Max Speed	AvgTop3Speed	_speedMedian	_maxAcceleration	_maxDecceleration	Num Of Stops(including end/start point)	duration	distance	stopDurationMedianSoFar(while moving)	ratio Of Short Stop(while moving)	ratio Of Instant Stop(in short stop)	Avg of AvgSpeed	Avg of DiffAvgExp	label
1.4826628088555243	2.065137483291483 	-0.5824746744359586	5.930651231649543	2.753516644388643	1.4826628107418025	0.7262021915535655	-4.447988420907741	0	10	4.118507802376456	0	1.1	1.1	1.4826628088555243	-0.5824746744359586		dr
5.504707788801276	4.816619315201117 	0.6880884736001587	11.861306234780455	10.458417475443156	8.457337275179992	7.157702095279464	-2.104332498311962	0	7	10.703598478224702	5	1	0	3.4936852988284	0.05280689958210005		dr
2.0962874581497615	2.152397825254375 	-0.0561103671046137	4.985301938006831	3.481093515197349	2.4926511079063527	0.7413318758628547	-3.5026381900536765	0	9	5.240718645374404	5	1	0	3.027886018602187	0.016501144019862135		dr
1.9184876095112684	2.5167069837513067 	-0.5982193742400383	7.157704431164742	4.71017802263145	2.4845394017250486	3.1502027646057273	-5.153953597885234	0	11	5.862045473506654	5	1	0	2.7505364163294574	-0.13717898554511299		dr
17.319197509862747	15.744725008966128 	1.5744725008966185	28.20880204987459	25.493659475796875	20.037508341717327	15.499050048498333	-8.01500333821646	1	10	48.10888197184096	5	1	0	5.664268635036115	0.2051513117432333		dr
12.778599627816213	11.50073966503459 	1.2778599627816227	24.04501001464938	22.781918042769785	9.75688236898513	11.351022394939111	-15.49906016401572	0	9	31.94649906954053	5	1	0	6.8499904671661325	0.3839360869162982		dr
28.06378627360208	25.257407646241873 	2.806378627360207	35.80847120740501	32.69320741748723	29.6529315316142	5.930586310849371	-6.155539672018296	0	9	70.1594656840052	5	1	0	9.88053272522841	0.7299993069797137		dr
23.805116839250363	21.424605155325327 	2.380511683925036	32.61822468515248	30.641362581536125	26.687638378075818	0.2992102485793424	-8.895876641397976	0	9	59.51279209812591	5	1	0	11.621105739481154	0.936313354097879		dr
0.706021955367121	0.4447938318812872 	0.2612281234858338	0.7413230531354756	0.6671907478219308	0.6671907478219308	0.02965292212541797	0	0	21	4.118461406308206	5	1	0	10.408318652357373	0.861303884029874		dr
31.285136890468756	28.156623201421883 	3.1285136890468728	52.433986651458326	48.55543954415123	24.765584174894382	11.786258580626463	0	0	9	78.21284222617189	5	1	0	12.49600047616851	1.0880248645315738		dr
62.006812859799	55.80613157381909 	6.200681285979911	68.38515875592384	65.76928783153379	64.12002669553482	8.01500333821646	-12.201833318673941	0	9	155.01703214949748	5	1	0	16.996983420134917	1.5528118119359682		dr
57.08134809155856	51.37321328240271 	5.708134809155851	60.18561217720577	60.161249245778045	56.183324344816334	8.088088837843998	-8.015003340765674	0	9	142.7033702288964	5	1	0	20.337347142753554	1.8990887283709583		dr
55.71212056879545	50.14090851191591 	5.5712120568795385	60.185607911471564	60.161246727463414	56.18331833276209	7.930693118085493	-4.002288909180784	0	9	139.2803014219886	5	1	0	23.05848356014139	2.1815597536408493		dr
1.9758408268684895	13.523736035118413 	-11.547895208249923	48.45426742036002	24.257063501485277	8.01500333821646	8.286916407662897	-40.43926408214356	0	49	26.89338903237666	5	1	0	21.552580507764755	1.2008843992200797		dr
33.41873311925229	30.076859807327065 	3.341873311925223	52.181826483478716	45.44645384066849	32.06001335031662	12.106809800044061	-4.007501671657447	0	9	83.54683279813072	5	1	0	22.34365734853059	1.3436169934004227		dr
45.24399769142686	40.71959792228417 	4.52439976914269	61.271313881177555	54.09151491440928	44.182117013937635	12.838194151866091	-12.022505007324689	0	9	113.10999422856715	5	1	0	23.774928619961607	1.5424159168843143		dr
53.044083709521054	47.73967533856895 	5.304408370952103	68.12752836719226	60.16471629880383	56.18330907262212	19.94619552177692	-11.944217928751257	0	9	132.61020927380264	5	1	0	25.496643625229808	1.7637095906530078		dr
32.09331857678252	28.883986719104264 	3.209331857678258	48.18132963646965	46.848256361278295	32.19681410346133	0	-9.272057031821673	0	9	80.2332964419563	5	1	0	25.863125566982735	1.8440219388210772		dr
6.954106541590872	6.508828578498247 	0.44527796309262513	14.824240108343991	11.797513287578198	5.5822061701243815	8.015003338216463	-8.015003335667245	0	9	17.38526635397718	5	1	0	24.867914039330532	1.7704038348353694		dr
0.027077713980461018	0.6679169448513718 	-0.6408392308709108	2.0037508345541153	1.0018754172770576	1.0018754172770576	0	-1.0018754172770576	0	148	1.1131949080856196	5	1	0	23.62587222306303	1.6498416815500554		dr
8.141300548848172	7.236711598976151 	0.9045889498720205	16.301885939089708	11.534459461411936	7.851363539571123	2.9648597862358472	-7.756088251829912	0	8	18.09177899744038	5	1	0	22.888511667148038	1.6143534562320538		dr
5.788573366252414	11.118308782916316 	-5.329735416663902	28.247515572389453	14.824411710555088	14.955065365174733	3.8538373397554824	-13.29245020721472	0	9	14.471433415631033	5	1	0	22.111241744380052	1.2987130529186013		dr
38.48179960785735	32.655812154288604 	5.825987453568743	62.68942860306107	54.40444523646004	34.118524871344825	20.03750834554115	-10.255541520942337	0	9	96.20449901964336	5	1	0	22.823005129748633	1.4955510703381727		dr
11.270701380969507	12.300362552651817 	-1.02966117168231	32.19680946420376	25.426442605582213	12.202590492811872	4.007501667833623	-12.022505009873903	1	10	31.307503836026406	5	1	0	22.34165914021617	1.390333893587319		dr
0.6133622086322766	2.9513485521561162 	-2.3379863435238395	8.545776297404224	4.427022828234175	4.427022828234175	0	-8.237506938340099	0	27	4.600216564742075	5	1	0	21.472527262952813	1.2412010841028729		dr
32.13109158200345	28.917982423803103 	3.2131091582003464	44.18210353497884	42.81307446697954	32.196807037502765	20.03750834554115	-3.82540958985879	0	9	80.32772895500861	5	1	0	21.88247204445476	1.317043702337391		dr
51.09944177303649	45.98949759573284 	5.109944177303646	53.430171837743714	52.905103220727305	52.1818111627207	8.099293478829765	-3.7276193989452366	0	9	127.74860443259122	5	1	0	22.96458203440223	1.4575214977065116		dr
55.83265025670815	50.24938523103733 	5.583265025670819	58.85738484158518	58.85734587058215	58.0302204645102	4.691995865169197	-8.534574544280908	0	9	139.58162564177036	5	1	0	24.1384416137703	1.604869480848094		dr
5.567303577961674	11.641427328512101 	-6.074123750550427	29.428638013024674	25.316235704688662	10.710049541847663	0	-12.33720096554475	0	20	30.929464322009302	5	1	0	23.49805754357	1.3400766107998692		dr
43.74163535199319	39.367471816793866 	4.374163535199322	61.913113416457755	58.871396026941774	44.970745104143994	8.459326459909683	-3.9347740648728546	0	9	109.35408837998295	5	1	0	24.17284347051744	1.4412128416131842		dr
72.788547792614	65.50969301335259 	7.278854779261408	76.37302308495416	76.23859144999193	72.19591943690823	4.007501669108237	-3.8219378723714215	0	9	181.97136948153496	5	1	0	25.741091997036687	1.6295238718599012		dr
74.98765637724819	67.48889073952338 	7.4987656377248015	77.0602910573992	76.54450538156472	76.14253170540871	4.177090284951589	-4.0042998865558275	0	9	187.46914094312046	5	1	0	27.280047133918295	1.8129376770431793		dr
78.56098662280486	70.70488796052439 	7.856098662280473	81.02238495811736	80.76872319168751	77.06028004894982	4.3622742728041	-4.362280664171976	0	9	196.40246655701213	5	1	0	28.83401499721789	1.9960637675049153		dr
79.525967333573	71.57337060021568 	7.952596733357325	81.02234721290311	81.02233646678974	81.02230395431688	4.362254616126336	-4.362265362418583	0	9	198.8149183339325	5	1	0	30.324954771816564	2.171255913559398		dr
75.5984719336148	68.03862474025333 	7.5598471933614775	80.20482717965959	77.5926691480253	76.14253170285951	3.831853131788918	-4.062295476800074	0	9	188.996179834037	5	1	0	31.61848383358223	2.325215664410886		dr
72.75541477354241	65.47987329618817 	7.275541477354238	77.06009261015215	75.4351796394332	72.13503003375128	4.007501669108237	-4.925062576400876	0	9	181.88853693385602	5	1	0	32.761176359692236	2.4627247147704234		dr
90.58910245816631	81.53019221234969 	9.05891024581662	98.74060651735884	97.12075960138043	90.25487189630923	7.1872969135624345	-3.6105029968545352	0	9	226.47275614541576	5	1	0	34.32409328127262	2.6409999993932938		dr
92.18912770793773	82.97021493714395 	9.218912770793779	98.74046662431674	97.4663739510989	93.83116159235165	3.6103939797993263	-6.144145876714589	0	9	230.47281926984434	5	1	0	35.84685734513223	2.8141029670617272		dr
99.1854692933647	89.26692236402822 	9.918546929336486	108.36478314966185	105.80904312563301	98.39217425482013	11.774641026950746	-8.277160723007398	0	9	247.96367323341175	5	1	0	37.47092431816383	2.996268196863644		dr
111.51097007060415	100.35987306354373 	11.151097007060415	116.2175483888434	115.29517754730257	112.36648935267488	8.502917089656052	-6.055434243163603	0	9	278.77742517651035	5	1	0	39.321925461974836	3.2001389171185637		dr
104.14740671321378	93.7326660418924 	10.414740671321383	112.15178723725839	108.60126120107516	104.7471479393818	7.307664308613965	-14.712180891905746	0	9	260.36851678303447	5	1	0	40.903034760785545	3.3761048135625353		dr
109.0545492127359	98.1490942914623 	10.905454921273602	113.896566350828	111.53060762254087	109.60571772317937	3.650607751001786	-4.290350225007273	0	9	272.63637303183975	5	1	0	42.52568986678436	3.555375054222322		dr
107.76219835120335	96.98597851608301 	10.776219835120344	109.60557163714874	109.6053128852473	108.43718534284622	3.691324023791765	-4.85939757772762	0	9	269.40549587800837	5	1	0	44.04281797107318	3.723301677033904		dr
95.37336952795272	85.83603257515745 	9.537336952795272	105.11961793248115	102.21771802687446	94.69669268287122	5.540254420632522	-8.510942007048214	0	9	238.4334238198818	5	1	0	45.20942141554771	3.855438842392117		dr
112.34924383499911	101.1143194514992 	11.234924383499916	122.31327669363328	120.15816966786576	109.80257260438565	8.540383822489432	-1.6924860658865128	0	9	280.87310958749777	5	1	0	46.7014174693133	4.01942740997229		dr
118.26693414002442	106.44024072602197 	11.826693414002449	122.312964355047	121.89458902974775	117.07347570846335	5.239176314138973	-5.643686983802368	0	9	295.667335350061	5	1	0	48.25718957085049	4.189150583972945		dr
120.40160591869385	108.36144532682447 	12.04016059186938	125.64436348490516	123.57884317329689	119.92427535875346	5.699314762085933	-5.720548264996324	0	9	301.0040147967346	5	1	0	49.7921771527195	4.356193350098402		dr
129.39862363933238	116.45876127539914 	12.939862363933244	132.02435495125889	131.59563689874062	130.46124539915127	5.331776054794332	-4.633220155909456	0	9	323.496559098331	5	1	0	51.45064478785727	4.535019787886628		dr
129.962617910889	116.9663561198001 	12.996261791088912	132.5706639043406	132.12534931605862	128.97507912957525	2.927725535006033	-5.854094448358197	0	9	324.9065447772225	5	1	0	53.05292995363343	4.7076981961152455		dr
129.54428305861776	116.58985475275601 	12.954428305861754	131.9016167790501	131.39260410346924	129.65649266147918	4.876197987632594	-2.927897965051983	0	9	323.8607076465444	5	1	0	54.582757015733115	4.872632798310176		dr
129.0619579703554	116.15576217331984 	12.90619579703555	131.90089993708585	130.9825900236806	128.41137353341574	2.939150683893587	-6.428677087563699	0	9	322.65489492588847	5	1	0	56.04313350503943	5.030153641422438		dr
128.93848954587315	116.04464059128584 	12.893848954587313	130.61587804747072	130.61580221343854	127.97285894333872	3.1461108246470246	-3.14604877642455	0	9	322.3462238646829	5	1	0	57.44496727505547	5.181378551290994		dr
128.97256288753243	116.07530659877918 	12.897256288753255	133.8739203912826	132.5663422325886	127.97320167923982	12.326708216845418	-6.425767732211909	0	9	322.4314072188311	5	1	0	58.79454455076258	5.326961150111036		dr
112.96038516705126	101.66434665034613 	11.296038516705124	130.61643647803803	126.6092058334766	109.92230074952244	0.19336047160383885	-12.152672817801687	0	9	282.40096291762814	5	1	0	59.79761567328645	5.43749961986278		dr
101.24468142885868	90.74913997473764 	10.495541454121039	108.54775248155711	106.8515974931061	103.55943891984117	8.751780267208645	-6.972048201339078	0	9	253.1117035721467	5	1	0	60.551198687024126	5.5294640168492935		dr
105.51592770520034	94.9643349346803 	10.551592770520045	108.54773673484262	108.01695653988976	106.66846798424069	5.846356945764271	-2.96301299997684	0	9	263.7898192630008	5	1	0	61.35414027663442	5.619144887450558		dr
120.46423311485505	108.41780980336952 	12.046423311485526	130.25557999571484	127.63966421067532	120.52235944585013	5.401837035417174	-6.19468509773219	0	9	301.16058278713757	5	1	0	62.39115944923478	5.731904158047662		dr
119.4055362181768	107.46498259635912 	11.940553621817685	123.8838169798581	122.12965646425427	119.59594746896902	5.068764363676706	-5.854467345538609	0	9	298.513840545442	5	1	0	63.37416594525102	5.83894983845749		dr
126.10931424563744	113.49838282107369 	12.610931424563745	131.34948852484703	130.8588705521946	125.46998641178418	8.081706695985375	-5.8795021130628555	0	9	315.2732856140936	5	1	0	64.43747354356266	5.953729187374544		dr
127.21411117189702	114.49270005470733 	12.721411117189689	130.92036005954176	128.6812237741685	127.46717461325237	6.221069908378681	-3.453104481359219	0	9	318.0352779297425	5	1	0	65.48375083736822	6.066523886204797		dr
127.48771621737303	114.73894459563573 	12.748771621737305	130.61310653838618	130.46948168145158	127.4040912748186	5.8612459676041055	-6.107438509749869	0	9	318.7192905434326	5	1	0	66.50020928622077	6.176068931049593		dr
127.48703677860307	114.73833310074276 	12.748703677860306	130.61296175199556	129.5656580450051	127.46687099759897	3.0258840650625416	-6.171934340517382	0	9	318.71759194650764	5	1	0	67.48386779416242	6.282079168901379		dr
128.46689000140134	115.62020100126122 	12.846689000140117	130.6127756028187	130.5512006771926	127.46679003221396	6.171883949092475	-3.209048851758297	0	9	321.16722500350335	5	1	0	68.4518522736424	6.386279324952787		dr
128.14646315400512	115.3318168386046 	12.814646315400523	130.42798860054373	130.4074787573945	127.65548976674299	5.861224067600247	-5.667919996013481	0	9	320.3661578850128	5	1	0	69.38458056864806	6.486722559178533		dr
128.7342751809723	115.86084766287509 	12.873427518097216	133.32916358866882	131.35393053412926	127.46644592520899	5.862717663459833	-2.96287077326231	0	9	321.83568795243076	5	1	0	70.29765279345304	6.584979558546513		dr
126.45142242041963	113.80628017837769 	12.645142242041942	130.42780219470762	129.4201464112067	127.40332172695703	5.861216450102475	-5.859661448791087	0	9	316.1285560510491	5	1	0	71.14846748477072	6.67680020526614		dr
126.7941609094071	114.11474481846639 	12.679416090940705	130.42769862401457	129.44053311131492	127.4032204697463	5.988734920926831	-5.9873239664465245	0	9	316.98540227351776	5	1	0	71.97900022245186	6.76639148714188		dr
126.78025051858964	114.10222546673067 	12.678025051858967	130.366044613801	128.43279664985445	127.40320021452307	8.822499184782401	-5.859654785504475	0	9	316.95062629647407	5	1	0	72.78490096210095	6.853327274858309		dr
127.97347666647815	115.17612899983033 	12.797347666647823	132.56448930909252	131.1879265908459	127.96902824449765	3.4643091806283905	-4.978010568670527	0	9	319.9336916661954	5	1	0	73.58473539259916	6.939472497927722		dr
127.71026734649286	114.93924061184359 	12.771026734649269	132.17547986415562	129.7727410614286	127.89790800367504	4.2775718604805775	-7.018435418873068	0	9	319.27566836623214	5	1	0	74.35795727765479	7.022780415595172		dr
128.08499279639761	115.27649351675784 	12.808499279639776	134.74536141694404	132.19568842166774	126.99786041683598	4.595143542174725	-9.673668816430464	0	9	320.212481990994	5	1	0	75.11467608777792	7.104269413680306		dr
128.2963279400096	115.46669514600862 	12.829632794000986	131.59049065742403	131.3457773067755	129.06513995820214	6.777367690916876	-6.777862660333781	0	9	320.740819850024	5	1	0	75.85331014128114	7.1837883495180925		dr
127.73180396222867	114.95862356600583 	12.773180396222841	133.70609340966857	132.17210279596932	126.99151243594575	9.690321281857535	-16.404902255580353	0	9	319.3295099055717	5	1	0	76.56397444019822	7.260355363856514		dr
128.16016063364154	115.34414457027738 	12.81601606336416	131.21854362304234	129.77967988251848	129.0586567851238	4.229227503772378	-2.159886837918549	0	9	320.40040158410386	5	1	0	77.26122019956908	7.335431859795807		dr
128.4758962533008	115.62830662797072 	12.847589625330073	131.58251250010974	131.4600996805565	128.75322453227082	5.031402379423	-5.031958858050558	0	9	321.189740633252	5	1	0	77.94408254695217	7.408927296669598		dr
128.2321412093921	115.40892708845293 	12.82321412093917	133.69961294532726	131.32280185698752	126.98578085354775	6.7138320917795085	-7.1507456225755845	0	9	320.58035302348026	5	1	0	78.6057675293527	7.480167912778407		dr
127.96259318597467	115.16633386737722 	12.79625931859745	132.1301238887869	131.08507463157952	129.05218799970785	5.1474120513218224	-7.147247073829249	0	9	319.9064829649367	5	1	0	79.24676526515299	7.5492080609059276		dr
126.67270025945066	114.0054302335056 	12.667270025945058	131.57511569741098	129.89187600720405	128.63275306861485	8.65911320152152	-11.165713573058426	0	9	316.68175064862663	5	1	0	79.85479007277219	7.61482423994489		dr
127.35555824163328	114.62000241746993 	12.735555824163342	131.63665930513983	131.43886549095856	125.99465014632752	7.504069661709877	-7.0795720478558195	0	9	318.3888956040832	5	1	0	80.45606561921346	7.679643627086897		dr
128.828968284124	115.94607145571158 	12.882896828412413	138.18488824717573	133.68571856464942	127.86255711750303	11.42665405766131	-8.677773948372462	0	9	322.0724207103099	5	1	0	81.06072690252485	7.744684292103466		dr
128.17448170813685	115.35703353732319 	12.817448170813663	135.3621837905201	131.8547025224781	129.12540501484528	8.636845253829293	-8.475499745264642	0	9	320.43620427034216	5	1	0	81.64237819642129	7.807311006655444		dr
128.730332779337	115.8572995014033 	12.8730332779337	131.8138035978359	131.25725425090658	127.86207875444522	3.9521385786813568	-7.583656626376452	0	9	321.8258319483425	5	1	0	82.21662154499343	7.869088107524691		dr
128.52035358239743	115.66831822415767 	12.85203535823976	134.02432157293703	132.21575109428755	129.12393025266937	8.269292504083865	-7.71919835553463	0	9	321.3008839559935	5	1	0	82.77449783460071	7.92912361656945		dr
130.62911779731883	117.56620601758694 	13.062911779731891	137.90739464405675	135.43710976904742	128.9703066199842	4.684750656046333	-13.365037237226403	0	9	326.57279449329707	5	1	0	83.34419569129975	7.990240142321384		dr
128.54119887007485	115.68707898306738 	12.85411988700747	136.44650118723737	132.81774369717468	126.95437914812389	8.046138871403883	-10.05487019950965	0	9	321.35299717518717	5	1	0	83.8759251404618	8.04746225696475		dr
128.61217480543417	115.75095732489076 	12.861217480543402	132.12082366404212	131.6378579553453	129.16950595693643	5.7295958670709695	-7.0539587512199375	0	9	321.5304370135854	5	1	0	84.39611409005451	8.10343615491334		dr
130.00494792196005	117.00445312976403 	13.000494792196022	134.84477185255017	134.3453915551404	130.59049651528971	12.598736051908475	-12.599155946132754	0	9	325.0123698049001	5	1	0	84.92035355938675	8.159724185226933		dr
130.1624949102062	117.14624541918559 	13.016249491020602	134.8430557563727	134.3597453652877	129.16589174188172	7.103848782492591	-9.742174988962063	0	9	325.4062372755155	5	1	0	85.43446880200969	8.21491197279277		dr
127.510428037978	114.7593852341802 	12.751042803797802	131.95005152667537	130.17091010735075	127.83726369600137	9.709037114719436	-5.566741703962634	0	9	318.776070094945	5	1	0	85.9072323889307	8.265879734938894		dr
119.83630190109596	107.85267171098637 	11.983630190109594	130.584119114687	128.34067572420108	115.34482250636599	5.542591921756397	-9.455614237573826	0	9	299.59075475273994	5	1	0	86.28422205017696	8.30718807332968		dr
112.58439319866996	101.32595387880295 	11.258439319867009	118.15947946903015	116.32901740554057	111.11574220524987	7.043891119736429	-7.044183446776543	0	9	281.4609829966749	5	1	0	86.57323491994063	8.33961940570921		dr
110.54097326220267	99.48687593598243 	11.054097326220244	113.88082974974711	113.01231509302175	111.11483445039345	5.399446177290869	-7.009444300732341	0	9	276.3524331555067	5	1	0	86.83375381496522	8.369124600497374		dr
126.43865639293341	113.79479075364006 	12.643865639293352	133.3356042390815	130.18554614667767	126.3771965974035	12.489257341938483	-8.244242672725406	0	9	316.09664098233355	5	1	0	87.25961298247026	8.415089557903782		dr
129.99105938274514	116.9919534444706 	12.999105938274539	133.33342555247984	132.9233120575416	129.3885461824767	2.7570496676011373	-6.958681360078003	0	9	324.9776484568628	5	1	0	87.71420283779233	8.463855689609854		dr
123.60876892402784	111.24789203162507 	12.360876892402771	129.3866823344272	129.23046141286454	126.37237290192607	4.29913887606763	-7.731140583073639	0	9	309.0219223100696	5	1	0	88.09204037554218	8.504876965428727		dr
110.92600319483199	99.83340287534878 	11.09260031948321	115.24698982303404	113.87837772298826	110.11181177305926	2.4644310060575236	-7.12193353768771	0	9	277.31500798708	5	1	0	88.32989415490978	8.531832417033462		dr
114.46307127623787	103.01676414861409 	11.446307127623783	118.13119033744562	117.40465993644382	114.76008624717602	4.817448525305068	-8.240757120362034	0	9	286.15767819059465	5	1	0	88.59930835203687	8.561878548070474		dr
123.47250317624284	111.12525285861855 	12.347250317624287	129.44657952160773	128.5952537638668	124.47230787968309	6.8067039177678765	-3.6071062384079937	0	9	308.68125794060705	5	1	0	88.95515727881448	8.600504790616942		dr
129.02877820583785	116.12590038525408 	12.902877820583768	133.22421438656252	131.35374105624695	129.4453747445528	6.56885760258524	-6.569186746945974	0	9	322.57194551459463	5	1	0	89.35994132858241	8.64396310405095		dr
126.68502485325075	114.0165223679257 	12.66850248532505	130.06735138302466	129.71671202299453	126.9696757542705	7.538673314082857	-6.666433440072353	0	9	316.7125621331269	5	1	0	89.73319216382907	8.684208497863692		dr
129.43942861970703	116.49548575773633 	12.943942861970697	133.63253900067622	131.73770919263424	129.36443443200974	7.425923484983713	-2.820781067022878	0	9	323.5985715492676	5	1	0	90.12632321784768	8.726384085627126		dr
128.69876283119112	115.82888654807198 	12.86987628311914	133.2704829581136	131.35946492597554	127.54182041379771	5.137639483082225	-5.728662544315895	0	9	321.74690707797777	5	1	0	90.50448439052751	8.767006558151557		dr
129.18172567904554	116.26355311114098 	12.918172567904563	133.75126332711991	132.50581398667654	127.85604120202723	8.87632605688485	-6.209827342926303	0	9	322.9543141976139	5	1	0	90.87999158750341	8.807309140770519		dr
129.12014269690954	116.20812842721861 	12.912014269690928	133.45058149138987	132.4655742933531	127.54127411845293	5.909201483462667	-6.098297893633514	0	9	322.8003567422739	5	1	0	91.24768534817078	8.84677745931783		dr
128.77141241002056	115.89427116901848 	12.877141241002079	133.26959228464892	131.3584912122385	127.54097061998439	3.147695979449054	-5.72862166466453	0	9	321.92853102505137	5	1	0	91.60505417733125	8.88516187628625		dr
126.82210906289708	114.13989815660736 	12.682210906289725	130.49512743971775	128.39945917104308	127.35149332484309	3.1434720079661247	-3.2065923326724857	0	9	317.0552726572427	5	1	0	91.93729054417622	8.920983093550435		dr
127.47171884515821	114.72454696064237 	12.747171884515836	130.3099869531202	130.30993857115433	127.85470908995394	8.677809813224968	-8.67787201475241	0	9	318.6792971128955	5	1	0	92.26938800493305	8.956741867297774		dr
128.78288510193647	115.9045965917428 	12.87828851019367	133.44916256560165	131.4792674643783	127.5400196557532	9.121439819049144	-6.0982366134868755	0	9	321.9572127548412	5	1	0	92.60747594101642	8.993052484361625		dr
128.42145248110518	115.5793072329947 	12.842145248110484	130.49419567849836	130.41196706412634	127.3505814684137	5.586738676008622	-5.586842205665619	0	9	321.0536312027629	5	1	0	92.93604453312733	9.028365262010697		dr
129.17653404636852	116.25888064173166 	12.917653404636852	136.2266472278716	132.2815504263843	127.85388155690268	8.87636970965967	-5.979303549426646	0	9	322.9413351159213	5	1	0	93.26550352870224	9.063722426943663		dr
129.1668654364723	116.2501788928251 	12.916686543647202	133.26759883434198	131.5206297516248	127.85331641323447	3.143434849451239	-5.7285301588572395	0	9	322.9171635911808	5	1	0	93.58893922156504	9.098433815382434		dr
130.0053353167702	115.5266149120417 	14.47872040472852	134.13421645108997	133.0924333911602	130.42717410981038	8.132583743687235	-10.357073814953623	0	9	325.0133382919255	5	1	0	93.91408561527223	9.146472088501595		dr
125.73576870454639	113.16219183409176 	12.57357687045463	130.06190664124506	129.48351501178763	126.2425236120676	3.2030787605919926	-6.992377006527221	0	9	314.33942176136594	5	1	0	94.19569343022155	9.176800449403833		dr
130.1417288292223	117.12755594630002 	13.014172882922281	136.2958150324387	135.1661508845614	128.91440921352208	11.014560149380756	-7.151162912183594	0	9	325.3543220730557	5	1	0	94.51100953021277	9.210461611101366		dr
131.27375392360076	118.14637853124069 	13.12737539236008	157.68590781449723	141.62075761108608	129.4673004600428	9.394194945520567	-35.34484144967627	0	9	328.1843848090019	5	1	0	94.83068556841614	9.244521730938397		dr
127.73486910968134	114.96138219871322 	12.773486910968117	132.28352042282071	130.38667172244809	127.79845561310792	5.68487459207131	-7.731462516377235	0	9	319.33717277420334	5	1	0	95.11434232308223	9.274943844559344		dr
125.94679015542576	113.35211113988319 	12.594679015542567	132.4312941170444	129.26351805858215	125.51451424885992	6.916779868184463	-10.48648899986533	0	9	314.8669753885644	5	1	0	95.37786751823046	9.303317649439542		dr
129.11172212457012	116.20054991211316 	12.911172212456961	133.431229608201	131.322214888268	129.11028256534107	3.993695517607648	-4.3209470428599275	0	9	322.77930531142533	5	1	0	95.66374764201299	9.33389268810918		dr
129.89803175512404	116.90822857961163 	12.989803175512407	133.61938749579548	132.20584918162857	129.46943307975246	4.643005570194987	-6.570451083475206	0	9	324.74507938781005	5	1	0	95.95143070178703	9.364614624978115		dr
128.2435224767773	115.41917022909956 	12.824352247677723	132.0497586073286	131.3683245630198	127.53347935491475	7.099085774041029	-4.516516295591771	0	9	320.6088061919432	5	1	0	96.22053146657862	9.393445771833946		dr
126.06450530695196	113.45805477625677 	12.606450530695184	136.395132644506	132.011733711355	124.57772289004184	5.601997813427914	-13.981478534580617	0	9	315.16126326737987	5	1	0	96.46717587848252	9.419999530171642		dr
113.1531315232972	101.83781837096748 	11.315313152329722	118.39967905238018	116.44953396089026	112.47969509901812	5.989532632254765	-8.87997593004367	0	9	282.882828808243	5	1	0	96.6039460067187	9.435534887730315		dr
114.16501872761944	102.74851685485751 	11.416501872761927	118.67072993309473	117.09421703370879	116.0641614604728	5.91998677491506	-5.377385275502647	0	9	285.4125468190486	5	1	0	96.74671895566911	9.451640310372849		dr
79.95826921844673	71.96244229660206 	7.995826921844667	106.35406629317397	101.27611218591535	73.81219676114034	6.81708724887919	-21.046332298650483	0	9	199.89567304611683	5	1	0	96.61132823198184	9.439899879820201		dr
57.107370214406345	51.3966331929657 	5.710737021440643	62.56792243371273	61.08408626345278	56.10502336241679	4.840236459407784	-8.654643502217695	0	9	142.76842553601585	5	1	0	96.29529656784123	9.410066576953165		dr
56.687835269299114	51.0190517423692 	5.668783526929914	61.43583316364137	59.44310599939115	56.24178260344092	6.853495312296118	-4.2089025674218945	0	9	141.7195881732478	5	1	0	95.98095163690041	9.380373854333932		dr
87.4442840728706	78.69985566558356 	8.744428407287046	114.68142214582508	100.80578646759189	84.62473764640073	28.670341225135957	-7.856881554726769	0	9	218.61071018217652	5	1	0	95.91373378206552	9.375366409868995		dr
110.8230613312836	99.74075519815524 	11.082306133128355	116.04834824171559	114.60489939582249	111.07281306701638	11.579810121321287	-6.3367218770248	0	9	277.05765332820897	5	1	0	96.0302129035438	9.38870187645696		dr
112.57940093987118	101.32146084588409 	11.257940093987088	119.32918964936727	117.70338012330869	113.25918495166275	6.070004697704519	-2.4861144799150168	0	9	281.44850234967794	5	1	0	96.15850118289517	9.403192095197504		dr
124.78660658005087	112.30794592204579 	12.478660658005083	136.3664565480068	132.31292539723438	125.51212904576902	9.501090024977188	-9.752342406935398	0	9	311.9665164501272	5	1	0	96.37871737825792	9.42684954568064		dr
130.9194866297792	117.82753796680126 	13.091948662977927	136.3662311619852	134.81008985156038	130.42219848199795	7.066962779286456	-11.12598371409726	0	9	327.29871657444795	5	1	0	96.64238737254433	9.454827401537871		dr
129.87422423590817	116.88680181231734 	12.987422423590829	132.72406008897974	132.72390950100691	130.42070024369082	7.9439580367194935	-4.325238480887435	0	9	324.68556058977043	5	1	0	96.8941437124183	9.48158948503827		dr
130.4001764402035	117.36015879618314 	13.040017644020352	134.00350584111004	133.14987005400522	130.4198226879452	9.224711001092501	-5.547477332347498	0	9	326.00044110050874	5	1	0	97.14606877052194	9.508344583977985		dr
129.64742096664236	116.68267886997812 	12.964742096664239	134.76533516986987	133.21252204745863	130.05184803552046	3.6873827012611002	-4.713487134349407	0	9	324.1185524166059	5	1	0	97.38861617497061	9.534138595266688		dr
132.60718292597733	119.34646463337958 	13.260718292597744	138.29609745000087	137.97897051351387	132.2475550627271	4.386447179874267	-9.035306538341416	0	9	331.5179573149433	5	1	0	97.6494944472003	9.561742889320993		dr
122.51710332543959	110.26539299289566 	12.251710332543936	128.54689852896576	125.72936434215717	124.23255172451064	4.043904732600183	-4.279116341505443	0	9	306.292758313599	5	1	0	97.83234451248146	9.581522061697633		dr
123.48750119602825	111.13875107642545 	12.348750119602798	140.29375894919863	131.12096344470703	124.23255172451064	12.019580330968637	-16.06120722468799	0	9	308.71875299007064	5	1	0	98.01960842987961	9.601720806645845		dr
130.56999322622215	117.51299390359995 	13.056999322622204	140.29375604402932	134.98475461597758	132.2806419812318	8.046200978753035	-16.0259826177885	0	9	326.4249830655554	5	1	0	98.25548078347629	9.626759056761616		dr
128.3505257215487	115.51547314939383 	12.83505257215488	136.2550567318353	132.36083453139983	128.3764716699637	7.878585061871604	-11.987287293103407	0	9	320.87631430387177	5	1	0	98.47199189813868	9.649840305073798		dr
130.55931563282815	117.50338406954532 	13.055931563282826	140.29374929828225	136.3616883520186	128.376454756621	12.170407955561885	-11.91729454166125	0	9	326.39828908207033	5	1	0	98.7011870676722	9.67416952834672		dr
128.01905554634442	115.21714999170997 	12.801905554634445	135.5153731125037	132.3412516046894	129.090162739493	17.467615600261794	-11.853243123325157	0	9	320.047638865861	5	1	0	98.909115212911	9.696352053355852		dr
130.31616549293628	117.2845489436426 	13.031616549293673	134.02334336157998	133.575457956041	130.3171811827434	5.918275578108464	-4.805903317326752	0	9	325.79041373234065	5	1	0	99.1302916233337	9.71983983149626		dr
129.74763705802906	116.77287335222616 	12.9747637058029	131.77523733285202	131.29539739928057	129.71293900391473	4.793660642718606	-2.0622983289372883	0	9	324.36909264507267	5	1	0	99.34439893406585	9.74260153691099		dr
129.35918169986073	116.42326352987463 	12.935918169986095	132.74554909310461	131.91284387286547	130.4051465121003	7.338119265117754	-8.226696829938959	0	9	323.3979542496518	5	1	0	99.55283492549499	9.764777346862902		dr
128.26376216048763	115.43738594443884 	12.826376216048786	133.85817936617286	131.15507289402706	128.24005339616807	5.855428792782348	-8.748642206329293	0	9	320.6594054012191	5	1	0	99.75084132021908	9.785891821822805		dr
130.67821296833074	117.61039167149765 	13.067821296833088	133.8579984767502	133.45411026194373	129.9001560565734	3.0284305554589253	-6.806293854741625	0	9	326.6955324208268	5	1	0	99.96267263287737	9.808370790829724		dr
129.27673650607127	116.34906285546415 	12.927673650607119	132.7755134595566	132.64358598341357	129.0896601905482	7.65354804208846	-8.330852378469217	0	9	323.1918412651782	5	1	0	100.1620880333753	9.829590538175148		dr
128.74982334236927	115.87484100813231 	12.874982334236961	132.28061180120758	132.28061078372818	128.54653654165634	8.048057705185457	-8.015003335667217	0	9	321.8745583559231	5	1	0	100.35524840708472	9.850167509770161		dr
128.73067960543938	115.85761164489543 	12.873067960543949	132.3797121157958	130.97815273180353	128.27413727481098	4.105574133695995	-4.105574840984815	0	9	321.8266990135984	5	1	0	100.54568754264415	9.870455432258577		dr
130.9600280748206	117.86402526733855 	13.096002807482051	136.28713350226687	133.64914839035467	132.2475550627271	4.007501669108251	-8.047080108648032	0	9	327.4000701870515	5	1	0	100.74844981285865	9.891959081426734		dr
129.5980270655923	116.63822435903307 	12.95980270655923	132.3796901365611	132.30261558533172	132.24755506017786	8.015003340765645	-4.13963674039303	0	9	323.99506766398076	5	1	0	100.93950661585689	9.912275926626286		dr
129.60962506564712	116.64866255908241 	12.960962506564712	136.2871275306571	133.61610726070157	128.37629094942224	8.015003338216445	-12.05457580614646	0	9	324.02406266411776	5	1	0	101.12812581618445	9.932333075178514		dr
125.15438619068765	112.63894757161889 	12.51543861906876	132.28059473915476	130.92273439680073	124.2677199812404	4.111776513490625	-4.148117759084144	0	9	312.8859654767191	5	1	0	101.28516019771716	9.949216117949039		dr
115.81413621636449	104.23272259472806 	11.581413621636429	124.23255172960909	121.62142734157983	116.25514018819739	16.024417911518142	-12.018469231585357	0	9	289.5353405409112	5	1	0	101.37950419783824	9.959814803037917		dr
107.34357750418383	96.60921975376544 	10.734357750418383	112.24897741064756	110.94098855974114	108.20254505317612	4.0478709557900885	-7.971404398894251	0	9	268.35894376045957	5	1	0	101.41798209013724	9.964811854311339		dr
113.35055507906861	102.01549957116177 	11.335055507906844	119.59761554733961	117.70881816927134	113.8682710839449	10.447169964838466	-8.532501064189887	0	9	283.37638769767153	5	1	0	101.4944729426304	9.973595467475414		dr
109.17199745423669	98.25479770881302 	10.917199745423673	114.85406198054203	113.04170512069986	108.51496128829389	6.339100692248138	-8.428439994197376	0	9	272.9299936355917	5	1	0	101.54337437264063	9.979605685806295		dr
105.15232357924218	94.63709122131796 	10.51523235792422	116.991632023403	114.15672911460258	106.28021558098713	10.22443418489594	-11.085238507805613	0	9	262.8808089481054	5	1	0	101.56621582331533	9.982995728034888		dr
126.09579615953753	113.48621654358377 	12.609579615953763	132.28057586403028	132.2585619981943	128.24005339106964	11.877277034032076	-4.73812042674777	0	9	315.2394903988438	5	1	0	101.72048991348025	9.99951512355639		dr
129.4475292829227	116.50277635463044 	12.944752928292246	137.0539718182623	133.87170681881503	128.37619629551074	8.677775522751574	-11.110770948572934	0	9	323.6188232073067	5	1	0	101.89378390953927	10.01792285983599		dr
127.0571477590698	114.35143298316284 	12.70571477590697	136.9199234087288	132.74639648374537	126.04372149070046	14.516799539930886	-12.892237797363165	0	9	317.64286939767453	5	1	0	102.05007809494008	10.034617219563138		dr
115.48376016891619	103.93538415202457 	11.548376016891623	122.23836436231862	121.77990699788717	112.50704443191528	9.260339837928399	-4.859555471259071	0	9	288.70940042229046	5	1	0	102.1330020583597	10.043961409670104		dr
127.76168567091884	114.98551710382694 	12.7761685670919	133.51836793717356	131.1783112172196	127.37043928425143	7.989081718399447	-6.147928652922133	0	9	319.4042141772971	5	1	0	102.29023324616679	10.060723416770852		dr
130.9747095206139	117.87723856855253 	13.097470952061386	134.92973440943265	133.83673971559986	131.04720992723733	7.2757677538184	-9.685944339353256	0	9	327.4367738015348	5	1	0	102.46513858930366	10.079240170034819		dr
129.5759760842433	116.61837847581899 	12.957597608424322	133.91382316944345	133.35004804320758	128.63357807951726	7.496365618405065	-7.496638368149988	0	9	323.93994021060826	5	1	0	102.62944669533361	10.096684760570513		dr
129.9564459595879	116.96080136362912 	12.995644595958794	133.51515699980595	131.83976521357545	130.5722749133718	7.099338200917799	-4.156849426648961	0	9	324.89111489896976	5	1	0	102.79406717282913	10.114148374036706		dr
129.05090049674183	116.14581044706765 	12.905090049674186	130.57204720507733	130.4693209857487	130.26390975603863	5.883523447597156	-5.8836476515956235	0	9	322.62725124185454	5	1	0	102.95129371967892	10.130860599639327		dr
130.1896319821508	117.17066878393571 	13.018963198215076	131.00130590569407	130.71471252273147	130.57121917286332	2.6341782148011816	-0.4298590232827735	0	9	325.47407995537696	5	1	0	103.11342668552695	10.148051686535611		dr
130.29719048092775	117.26747143283498 	13.029719048092772	133.21241412661422	131.9213918011396	130.5708879578949	3.6867688217938905	-5.898662883288068	0	9	325.74297620231937	5	1	0	103.27427735887252	10.165102972698671		dr
129.43122414744767	116.48810173270292 	12.94312241474475	133.5128065428669	132.37136142123757	130.5702669278022	5.883447517434888	-9.148600304869845	0	9	323.57806036861916	5	1	0	103.42814175174648	10.181444263534237		dr
127.81708680623129	115.03537812560816 	12.781708680623126	130.26202151247244	130.26178634471378	127.62768395726788	5.575577393347913	-2.941495183778528	0	9	319.5427170155782	5	1	0	103.57076716142183	10.196650488195575		dr
128.48770326956995	115.63893294261297 	12.84877032695698	130.99920132756972	130.60991653212344	128.06687654937062	3.446329243456333	-3.4577507438129658	0	9	321.2192581739249	5	1	0	103.71563306902733	10.212069789583722		dr
131.93254320494313	117.27337173772723 	14.659171467215899	135.98262993600116	134.23472735055415	133.11968697046973	5.721936428405144	-4.3998940933139465	0	8	293.18342934431803	5	1	0	103.87873659582455	10.237775579627838		dr
130.4487407030587	117.40386663275282 	13.044874070305866	136.15926904783308	133.39526947582178	130.26034074424706	3.371732850850492	-8.533183011847058	0	9	326.1218517576467	5	1	0	104.03143776885462	10.253908329574264		dr
130.35691660815283	117.32122494733758 	13.035691660815246	133.51020192481604	133.24927802495506	130.25992573572842	5.583452944451793	-6.199593585173048	0	9	325.89229152038206	5	1	0	104.18186907650777	10.269804234324214		dr
129.53605092207815	116.5824458298703 	12.953605092207852	133.2089334610192	132.16534760278543	130.0126495618876	2.953438947673078	-5.898507619150735	0	9	323.8401273051953	5	1	0	104.32592692790304	10.285053102834915		dr
129.22395819516157	116.30156237564543 	12.92239581951614	133.02759409772378	133.00736555512347	127.31014196540929	5.717452132314492	-8.28351520237058	0	9	323.05989548790393	5	1	0	104.46659377122089	10.299953344172097		dr
129.52113499906173	116.56902149915554 	12.95211349990619	133.20812694595648	132.1445632268325	130.07368146830427	6.091739668981248	-6.09180191707712	0	9	323.8028374976543	5	1	0	104.6073496208155	10.314853120327907		dr
129.2024704103837	116.28222336934535 	12.920247041038365	131.0398226560229	130.5760462870588	128.9191056718443	2.9534006842467306	-2.8628324137376353	0	9	323.0061760259593	5	1	0	104.74475253025442	10.329408393627967		dr
129.7393694194551	116.76543247750958 	12.973936941945524	133.5113543495723	131.9117012891935	129.1675008079086	3.8766031400539447	-2.6980372598141997	0	9	324.34842354863775	5	1	0	104.8836115129722	10.344100218896397		dr
129.9155257932573	116.92397321393159 	12.991552579325713	131.87930227469636	131.87869720808112	130.34864142331833	5.40783599800541	-5.4073732956058365	0	9	324.78881448314326	5	1	0	105.02190938192405	10.358727027517554		dr
128.499617132076	115.64965541886838 	12.84996171320762	131.88111744760045	130.86045702800183	128.17699731060702	4.295969511637907	-4.272763691733346	0	9	321.24904283019	5	1	0	105.15090777615563	10.372415130186182		dr
128.27849702957337	115.45064732661601 	12.827849702957366	133.10354997690052	130.53294443741908	128.92824404473814	9.71328265158239	-4.219854455236941	0	9	320.6962425739334	5	1	0	105.2772880453	10.385832805447226		dr
130.2418157537365	117.21763417836284 	13.024181575373646	133.52129760027987	133.15974870460136	130.27059095422553	5.847008576144532	-5.910177099470943	0	9	325.60453938434125	5	1	0	105.4129648263241	10.400171657457696		dr
130.40747844707235	117.3667306023651 	13.040747844707255	133.03917629725896	132.03455483473348	130.0855255429626	5.717983834113156	-3.0154670523698996	0	9	326.01869611768086	5	1	0	105.54807030535517	10.41444504225364		dr
130.4131863528431	117.37186771755884 	13.041318635284256	133.22001178437534	133.05912167249343	130.02358451778724	2.9550809942827243	-3.1964272665881026	0	9	326.03296588210776	5	1	0	105.68175372496532	10.428568018560256		dr
128.77231387585636	115.89508248827073 	12.877231387585624	130.2702382301777	130.1469163628943	130.023418222282	5.907202061051905	-2.9550776983985543	0	9	321.93078468964086	5	1	0	105.8052326562535	10.441662475079108		dr
130.54549978127503	117.49094980314752 	13.054549978127511	134.4793879348957	133.02535312191435	130.57786395689774	3.901523977997954	-5.907367613923597	0	9	326.36374945318755	5	1	0	105.93682982181213	10.45556081286128		dr
130.69107825251345	117.62197042726211 	13.069107825251336	134.49625195386582	132.81028330900446	131.0494555575219	5.249801213162016	-5.569263929658092	0	9	326.7276956312836	5	1	0	106.06780468123381	10.469389103932128		dr
129.5672580626146	116.61053225635314 	12.95672580626146	131.70548054429725	131.25353206299795	128.9259868342454	4.0952314146832265	-4.095624106787781	0	9	323.91814515653647	5	1	0	106.19148601482003	10.48248034973386		dr
128.69159386314692	115.82243447683227 	12.86915938631465	133.09936827867682	130.42116912616095	127.60882651438737	5.492590009017135	-5.490541764289446	0	9	321.72898465786733	5	1	0	106.30928762659137	10.494976051496064		dr
128.26714841387798	115.44043357249018 	12.826714841387798	132.97071434393675	131.69738726917714	128.92223683425965	11.819619050681737	-8.926472001719063	0	9	320.66787103469494	5	1	0	106.4236514848585	10.507120524360083		dr
130.1581477585246	117.14233298267216 	13.015814775852434	134.18142138923938	131.8626726611807	129.9782916035533	7.857879438354672	-3.6547496526685848	0	9	325.3953693963115	5	1	0	106.54662814948888	10.520118940170924		dr
128.3486571967195	115.51379147704756 	12.834865719671939	132.05177188351885	131.15575123289025	129.28587404223262	7.504070554724905	-8.092169791095245	0	9	320.87164299179875	5	1	0	106.65900974251583	10.532050624601343		dr
125.31938300086033	112.78744470077429 	12.53193830008604	128.18130468408964	127.43605749201204	124.77588827885023	7.908682204733765	-6.481257753486545	0	9	313.29845750215077	5	1	0	106.75470396435351	10.542306458834597		dr
120.22176615007207	108.19958953506485 	12.022176615007226	124.77656225731326	123.28964894248988	121.12060602347367	6.039932390270309	-7.094444105375246	0	9	300.55441537518016	5	1	0	106.82341346530106	10.549856816774254		dr
120.64399413995461	108.57959472595917 	12.064399413995446	127.622472133246	126.19959222107981	119.63356094219506	12.481785983379908	-10.944435582104674	0	9	301.60998534988653	5	1	0	106.89356869715209	10.557544850262685		dr
127.43985424006173	114.69586881605558 	12.743985424006155	133.5319052230081	131.74638842514824	127.64653353650388	9.158782845909215	-5.765023657540084	0	9	318.59963560015433	5	1	0	106.99733781605568	10.568587479423005		dr
130.40398039139538	117.36358235225585 	13.040398039139532	133.0501623370961	132.04536960122869	130.09616333897247	5.84747052486361	-2.953978222193115	0	9	326.00995097848846	5	1	0	107.11495913552974	10.581008638014547		dr
129.80143912358565	116.82129521122707 	12.980143912358585	133.23094047902038	133.1103013091689	130.09601790734837	5.9078204509876855	-5.907861061413087	0	9	324.5035978089641	5	1	0	107.22839153547002	10.593004314386267		dr
127.71487366052376	114.94338629447137 	12.771487366052398	131.0181823335668	130.46490957174078	127.14184420454612	5.391444269633354	-3.2021202850226587	0	9	319.2871841513094	5	1	0	107.33031433211207	10.60384253852391		dr
129.04465555342387	116.1401899980815 	12.90446555534237	131.05887094051695	130.5425528591754	129.33317811366234	4.001408955765584	-3.7160731556438975	0	9	322.6116388835597	5	1	0	107.43781107083144	10.615231761379448		dr
128.9505950735029	116.05553556615264 	12.895059507350268	133.02343987513314	132.27517854514215	128.64583916328945	4.984285341424112	-8.652506390546321	0	9	322.3764876837573	5	1	0	107.54378537626333	10.626462439931027		dr
128.12384308570117	115.31145877713107 	12.812384308570103	132.9860643283686	131.05705362068065	127.3281668613707	5.845804074004391	-5.847326586388704	0	9	320.30960771425293	5	1	0	107.6446680120939	10.63717774320867		dr
129.47655303045678	116.52889772741112 	12.947655303045664	136.1773195985315	133.14688351896874	130.09236127701266	5.972213146715646	-8.80105454481722	0	9	323.69138257614196	5	1	0	107.75116501218349	10.648448365451777		dr
128.92531344720146	116.03278210248132 	12.89253134472014	135.94081038495568	132.41098800265752	130.03034036381848	8.613170642700823	-9.585320679648035	0	9	322.31328361800365	5	1	0	107.85395214050882	10.659341972147256		dr
128.7305410765739	115.85748696891653 	12.873054107657367	130.5848188123965	130.31796373028644	130.0918003058478	2.7644296514078377	-5.39133319750853	0	9	321.82635269143475	5	1	0	107.95480522715647	10.67003623367146		dr
129.20427490602125	116.28384741541913 	12.920427490602123	133.22631448046172	132.18275371091534	130.02973755148037	3.0169724071234754	-5.970822573123527	0	9	323.01068726505315	5	1	0	108.05696613907409	10.680855422406703		dr
130.7877476791099	117.70897291119893 	13.078774767910986	135.9994440592639	133.26786449857408	130.02994542193986	5.96949864108376	-8.92474498796419	0	9	326.96936919777477	5	1	0	108.16572585936134	10.69232872071055		dr
128.2078699456343	115.38708295107085 	12.820786994563434	133.0454238102693	131.076126780514	127.32715316861358	5.907480939341738	-5.391320868957479	0	9	320.5196748640857	5	1	0	108.26116464072456	10.702464236300328		dr
130.46846809826536	117.42162128843881 	13.046846809826548	138.89511282857376	135.93992663588878	130.09136399302653	11.568324591766938	-14.776075841914292	0	9	326.17117024566335	5	1	0	108.36641252440958	10.713575054184338		dr
128.80479816216177	115.92431834594561 	12.880479816216166	136.4362706721481	135.3464980687344	131.5644711242529	13.726360491232896	-21.48876300493434	0	9	322.01199540540443	5	1	0	108.46282000383293	10.723796303061848		dr
130.23057249456025	117.20751524510419 	13.023057249456059	138.8358018309694	134.98264448207647	128.13776518434278	11.022032868091443	-12.223337746204365	0	9	325.5764312364006	5	1	0	108.56501602491616	10.734590955392337		dr
128.6069753568008	115.74627782112073 	12.860697535680075	136.54322922867013	134.46848690787203	126.46252209524178	8.88819654240173	-7.454566122082781	0	9	321.517438392002	5	1	0	108.65867004048572	10.744526032870317		dr
116.99554390498083	98.14194971476259 	18.853594190218246	121.50894733515491	120.12250179992178	117.34965871022706	4.8925150354798745	-5.481898121091916	0	9	292.4888597624521	5	1	0	108.697446197995	10.782242628951005		dr
119.99019089739467	107.9911718076552 	11.999019089739463	125.55022642537057	123.85766518160615	119.64867369205685	7.9432769197272535	-4.771721317420813	0	9	299.97547724348664	5	1	0	108.74972742345518	10.787875853306506		dr
128.22245338716172	115.40020804844555 	12.822245338716172	133.97037459568438	132.0545617853604	129.3506611154457	6.415250008050947	-8.799070670901102	0	9	320.55613346790426	5	1	0	108.83946348780407	10.797250827893647		dr
116.84666642790276	97.75344595858205 	19.093220469320713	127.09598625868335	122.50369414497902	116.27483052490818	10.715963585275759	-7.865435126437333	0	9	292.1166660697569	5	1	0	108.87619377652013	10.835305734505699		dr
125.10649681104756	92.73956082333228 	32.36693598771528	129.96845078119367	123.65274776444305	125.83337133434983	10.676950156564232	0	0	9	312.76624202761894	5	1	0	108.95030474928052	10.933623680867386		dr
123.8378815975972	111.45409343783749 	12.383788159759717	127.16464246241502	126.5415573944972	124.23502127227303	5.705677602381158	-5.2533847860496365	0	9	309.594703993993	5	1	0	109.01797555313651	10.940215337589624		dr
130.87965260947885	117.79168734853101 	13.08796526094784	135.96903599701324	134.03863004629173	130.61174400814593	5.719553249191534	-5.908903567625231	0	9	327.19913152369713	5	1	0	109.11689716877605	10.949933663034685		dr
131.45266682109693	118.30740013898723 	13.145266682109693	135.9687318358146	134.0986572048577	130.1187652119582	3.1353430162872087	-5.849966623856403	0	9	328.6316670527423	5	1	0	109.21750874378651	10.959822550507996		dr
129.7971035599188	116.81739320392691 	12.979710355991898	133.07302343203833	132.12975165319236	130.118495180304	5.972020678697248	-5.848520106925648	0	9	324.49275889979697	5	1	0	109.30979392233418	10.968880343357698		dr
129.1614083307494	116.24526749767445 	12.916140833074948	130.30334782802365	130.18005041453114	130.11826669159183	2.765064670621271	-5.847004360185366	0	9	322.90352082687343	5	1	0	109.39841720094319	10.977573470543936		dr
128.60048131049092	115.74043317944185 	12.86004813104907	133.9748270380567	132.42546976754372	127.10063719057158	9.571536647159732	-3.5900136266470497	0	9	321.50120327622733	5	1	0	109.48375970809674	10.985940024590626		dr
127.89057420311761	115.10151678280586 	12.78905742031175	132.2612212038425	130.97683019526897	127.3540127822168	5.911700996670916	-4.152929394339736	0	9	319.726435507794	5	1	0	109.5652057899331	10.993918420146914		dr
128.84137509713688	115.95723758742318 	12.884137509713696	133.0130811229373	131.0836964337026	127.6687564034104	5.3443247195269095	-2.9544338544273785	0	9	322.1034377428422	5	1	0	109.65012283533929	11.002245376488617		dr
128.20545891367738	115.38491302230963 	12.820545891367743	130.30376267548053	130.1804171853148	127.35360740032695	3.13938410089051	-2.954428180537519	0	9	320.51364728419344	5	1	0	109.73150588831447	11.010220378746858		dr
127.83067941591565	115.04761147432407 	12.783067941591582	130.30270481741042	129.93918084488578	128.10712313148355	5.8998697299914795	-3.7042880440646115	0	9	319.5766985397891	5	1	0	109.81054158057472	11.017962071161026		dr
124.15858799742351	111.74272919768116 	12.415858799742352	127.10002790647353	125.17259569095404	124.14423314065532	5.911629202054542	-3.020490792198075	0	9	310.39646999355875	5	1	0	109.87292439108276	11.024039883024424		dr
121.08102283597415	108.97292055237679 	12.108102283597361	125.17439276438007	123.26362361815717	121.2545736079224	3.2792925003449227	-2.9541766919837187	0	9	302.7025570899354	5	1	0	109.9214442977706	11.028732793849414		dr
118.00055968291959	106.20050371462764 	11.800055968291943	122.24335932919972	120.93684841218146	119.3134883032385	5.352543699140469	-8.862155161925969	0	9	295.00139920729896	5	1	0	109.95626807098245	11.03205746270477		dr
111.13406579767613	100.02065921790853 	11.113406579767599	112.96139819586845	112.58132874635844	112.3197523824516	3.0272475674636325	-3.0272650507152292	0	9	277.83516449419034	5	1	0	109.96132299684808	11.032406600546242		dr
114.04039643476709	102.63635679129035 	11.404039643476736	121.25318010254804	118.2991031403971	112.60527027867391	2.9541049176895626	-2.8823909674089805	0	9	285.1009910869177	5	1	0	109.97875493461697	11.03399477594338		dr
118.29140744297824	106.4622666986804 	11.829140744297845	121.18683014518685	119.32944006718763	118.29896189344002	2.9557763453658765	-3.0236839737513606	0	9	295.7285186074456	5	1	0	110.01412792401426	11.03737837580872		dr
115.62582844717606	104.06324560245847 	11.562582844717596	124.2073033436212	121.25312877571565	115.27533271575987	5.9762306510427265	-5.908303686447013	0	9	289.06457111794015	5	1	0	110.03790631606155	11.039603818473589		dr
102.49358656539914	92.24422790885923 	10.249358656539911	109.36377718735258	107.41911979770505	103.45218860414842	5.911555517127539	-5.993837088922419	0	9	256.23396641349785	5	1	0	110.00607374327396	11.036269450701715		dr
78.32734105521911	70.4946069496972 	7.832734105521908	83.14898829449945	81.93913093446342	79.80603782942275	4.33365114730303	-3.2424007943140793	0	9	195.81835263804774	5	1	0	109.87296982441657	11.022809218158944		dr
74.39494763840415	67.17409554713447 	7.220852091269677	89.395085014519	84.87169392166025	73.88388878240367	12.340124974241476	-5.313411597411388	0	9	185.98736909601038	5	1	0	109.72452621694372	11.006901447753547		dr
91.88553064446103	82.69697758001493 	9.188553064446097	103.65874378679496	100.35771968263815	95.0317478703493	14.018148964631663	-11.369425733044068	0	9	229.71382661115254	5	1	0	109.65019706872503	10.999324996156435		dr
112.71254734817254	101.44129261335529 	11.271254734817248	119.91682273280426	117.35378166402064	112.981062620806	7.78294629667684	-10.767548721185292	0	9	281.7813683704313	5	1	0	109.66290391635759	11.000453335321003		dr
124.3502703878009	111.91524334902081 	12.435027038780092	130.94158852091772	129.01889290807625	124.54285873721231	9.433125957633905	-9.433225226613715	0	9	310.87567596950225	5	1	0	109.72359551334704	11.006381325831164		dr
130.00063307383337	117.00056976645003 	13.000063307383343	136.18433437725827	133.1288149787898	129.19507757830746	6.989256798950805	-7.769096938128655	0	9	325.0015826845834	5	1	0	109.80704011236138	11.014585778430144		dr
124.10713112321986	111.6964180108979 	12.410713112321957	131.60092001950386	130.08961312423565	124.54197571620608	3.8384455411307528	-6.980080978686317	0	9	310.2678278080497	5	1	0	109.86564704273374	11.020307611765766		dr
116.61770601270781	104.95593541143705 	11.66177060127076	120.55142959474631	119.41860097821409	116.55515351703461	3.9962760777116983	-1.2180022247901547	0	9	291.54426503176956	5	1	0	109.89320646710098	11.022925828049459		dr
115.89683285574046	104.30714957016639 	11.589683285574068	120.37020858160167	120.29764083536082	116.36770187567494	8.004647304112552	-11.696309347816808	0	9	289.7420821393511	5	1	0	109.91761145242066	11.025229720153218		dr
114.69255740877315	103.22330166789581 	11.469255740877344	120.37019795430375	117.60176490896401	113.86351105373033	8.121255241785235	-4.152649568009579	0	9	286.7313935219329	5	1	0	109.93694321742613	11.027027396350483		dr
113.84397457010125	102.45957711309111 	11.384397457010138	118.35530590685131	117.80549011993594	114.41770731520228	9.719874862253164	-8.451006107499552	0	9	284.6099364252531	5	1	0	109.95269737610627	11.028468404659593		dr
116.69376370142464	103.72778995682191 	12.965973744602735	120.80448136653666	120.43029234808967	118.52095184357188	10.05053751466832	-4.563601615196177	0	8	259.31947489205476	5	1	0	109.97976993162963	11.03624955060314		dr
117.23089843980776	105.50780859582702 	11.723089843980745	120.80444272125385	120.46655128283687	116.25509296853248	7.859549816224543	-4.549349752721369	0	9	293.07724609951936	5	1	0	110.00877444566235	11.03899691177665		dr
119.43340789957114	107.490067109614 	11.943340789957134	128.54591507624244	124.39457727387556	120.37013931178197	12.32836668739904	-4.152590922938572	0	9	298.5835197489278	5	1	0	110.04632278611616	11.04259987543474		dr
128.76177116193628	115.88559404574264 	12.876177116193645	136.2550567318353	133.59438460421714	128.37607227261873	7.980984378390076	-7.878984459216582	0	9	321.90442790484065	5	1	0	110.12059043840117	11.049875975596482		dr
129.17207743851043	116.25486969465935 	12.91720774385108	132.28054099169591	132.28054052981892	128.37605947956393	4.006404375524113	-4.108396108368055	0	9	322.930193596276	5	1	0	110.1958927585597	11.057256733573773		dr
130.126610547314	117.11394949258256 	13.012661054731424	136.28706844310017	133.64901046607795	128.54582084201377	4.03951338037308	-7.911022839069062	0	9	325.31652636828494	5	1	0	110.27436015142881	11.064955175783055		dr
131.900745127542	118.71067061478782 	13.19007451275418	136.54287097044366	133.7891555775557	132.2805324339418	0.26352880930835454	-4.295315905167371	0	9	329.751862818855	5	1	0	110.35916950427632	11.073288977104509		dr
130.1003545132444	117.09031906191997 	13.010035451324441	140.26255840349276	134.941205602969	128.37602150213894	8.012876249310494	-4.108363784555593	0	9	325.250886283111	5	1	0	110.4362835082176	11.08085439301943		dr
131.01650909699666	117.91485818729696 	13.1016509096997	136.2550567318353	133.67127795843237	132.2475550627271	8.012876337706842	-4.007501669108223	0	9	327.5412727424916	5	1	0	110.51636220700662	11.088717414485114		dr
129.66192303719006	116.69573073347105 	12.966192303719012	132.37937965090074	132.33543494310746	128.545712619558	7.979909550699475	-7.979909553248675	0	9	324.15480759297515	5	1	0	110.59056980712361	11.095994448939507		dr
129.7580282372024	116.78222541348218 	12.97580282372023	136.38299456789915	133.72790973797171	128.37597347318825	8.108945878601276	-11.590172878010549	0	9	324.39507059300604	5	1	0	110.66457543812778	11.103252396332483		dr
131.4347994680864	118.29131952127776 	13.14347994680864	132.3793496054586	132.34640449088636	132.28051566351428	3.904551283868784	-3.904559553774078	0	9	328.58699867021596	5	1	0	110.74446091516609	11.111099425372776		dr
129.2243279056468	116.30189511508213 	12.922432790564656	136.38296929988783	135.07129784220902	128.27403952364875	12.01940997820165	-12.010141178358964	0	9	323.060819764117	5	1	0	110.81526500325222	11.118039399952055		dr
130.11634918644953	117.1047142678046 	13.01163491864493	132.28050919815846	132.26952402709773	132.24755506017786	7.699632575726028	-3.9735176240423584	0	9	325.2908729661238	5	1	0	110.88893326349343	11.12526686376386		dr
131.41616590967445	118.27454931870697 	13.141616590967473	136.38293751692404	134.9834932434515	132.2475550627271	8.013004713331696	-7.9111243820755135	0	9	328.54041477418605	5	1	0	110.96698357773747	11.132933592764633		dr
128.5037129928321	115.6533416935489 	12.85037129928321	132.77374622038403	132.53267694398417	128.54550682888419	3.9976697095561917	-8.171003669617946	0	9	321.25928248208027	5	1	0	111.03341058309768	11.13943903862266		dr
128.7893345968078	115.91040113712702 	12.87893345968078	132.28751554357117	130.987600541357	129.1702491283114	3.9391209165111434	-3.103045887091639	0	9	321.9733364920195	5	1	0	111.10041406994186	11.146003168513445		dr
128.8160942920719	115.93448486286471 	12.881609429207202	131.18339347240317	130.9723906114937	128.72529420575944	4.612527963623194	-4.367429442491698	0	9	322.0402357301798	5	1	0	111.16701437152882	11.152528004079963		dr
128.0104286688888	115.2093858019999 	12.801042866888906	131.774562797073	131.19514446622455	128.06587173171502	4.0931879107972975	-5.195774937182392	0	9	320.026071672222	5	1	0	111.23009832020807	11.158702217049287		dr
118.17050077654127	106.35345069888714 	11.81705007765413	121.28988135070868	121.15730397341099	118.34457602790938	8.850246204960143	-5.903639762224714	0	9	295.42625194135314	5	1	0	111.25599534429887	11.161158738917214		dr
126.6356961197748	113.97212650779731 	12.663569611977493	129.94218834156888	129.94216753259855	129.8803037996572	8.789152821503563	-5.838886614811884	0	9	316.589240299437	5	1	0	111.31316895312963	11.166743909449037		dr
131.04176150778667	117.93758535700803 	13.104176150778642	136.0205405127837	134.08016010977755	129.9424796104166	9.028620156766934	-6.078164931960799	0	9	327.6044037694667	5	1	0	111.38623781444316	11.173919584416923		dr
123.9986119871289	111.59875078841598 	12.399861198712912	129.88067847508955	125.98809577896702	123.977011271006	5.903667207838936	-5.968413528604941	0	9	309.9965299678222	5	1	0	111.43277794054164	11.178443354211375		dr
113.60451365828435	102.2440622924559 	11.360451365828453	121.2904232479883	120.24073578002138	112.45584472962975	3.148984983012781	-6.168765189297659	0	9	284.0112841457109	5	1	0	111.44076226303333	11.179112501312908		dr
103.02003944677236	92.7180355020951 	10.302003944677253	112.1699285354675	109.2677784447754	106.2662991768053	2.9518416404584826	-14.759208217317223	0	9	257.5500986169309	5	1	0	111.40991712451223	11.1758996494571		dr
91.25300954729902	82.12770859256912 	9.125300954729894	97.49316636812758	97.43822787924137	94.45893259995057	3.0342337681770033	-10.886284730073413	0	9	228.13252386824752	5	1	0	111.33635176839101	11.16841571261503		dr
83.48718051595425	75.13846246435884 	8.348718051595412	91.07784027966343	89.57858980768704	81.71362053980627	4.497628468065429	-0.7895618457850873	0	9	208.71795128988563	5	1	0	111.23508205474577	11.158162266574958		dr
92.69704108840223	83.427336979562 	9.26970410884023	96.17965622023004	95.4896371299286	91.37165364515964	5.848099558364609	-4.919382323304106	0	9	231.74260272100557	5	1	0	111.16791523965033	11.151320026873021		dr
63.37678751719998	57.039108765479966 	6.337678751720013	87.62783791251371	84.08312119927297	60.11252503152502	12.022505012423125	-14.847060717088326	0	9	158.44196879299994	5	1	0	110.99538409263788	11.13394226053673		dr
48.49965865307374	43.64969278776636 	4.849965865307375	51.46803115130893	50.49069229532103	47.8094799264773	3.693557943832694	-2.227540218861101	0	9	121.24914663268433	5	1	0	110.77057932486966	11.111338028899214		dr
30.021026213764294	27.018923592387857 	3.0021026213764372	50.303649594275754	45.43613346092295	32.06001334776741	3.3930814673575114	-12.022505004775475	0	9	75.05256553441073	5	1	0	110.48115440332447	11.082272669015618		dr
1.1634919463812736	2.3706056179709716 	-1.207113671589698	4.97720070447661	3.160807490627962	4.007501669108231	0.9696990353683796	-4.479480606177566	0	12	3.8783064879375786	5	1	0	110.09073418026395	11.038382003513457		dr
18.50778202555339	17.670677407408114 	0.8371046181452755	36.315836078482	30.776896701374145	24.936715405016738	13.104243201865348	-1.561202932703928	0	8	41.12840450122975	5	1	0	109.7648162010657	11.00207852527371		dr
60.58259259536149	54.52433333582535 	6.058259259536143	76.84873682327024	69.89172704770958	59.169838344709895	17.67889847856035	-11.911353403619401	0	9	151.45648148840374	5	1	0	109.59041115281852	10.984547251281732		dr
76.14812082037358	68.53330873833622 	7.614812082037361	79.6959179700162	77.76296964942055	76.74421730404516	5.903401328187115	-3.0562570398816575	0	9	190.37030205093396	5	1	0	109.4722405156014	10.972640059870976		dr
84.40592869515207	75.96533582563686 	8.440592869515214	88.64173413827176	87.65888270221036	85.59937418092834	5.802716752851538	-2.948567535435913	0	9	211.0148217378802	5	1	0	109.38397885426178	10.963724400750005		dr
82.71295145348599	74.44165630813738 	8.271295145348603	85.69328993770858	84.67924736937596	82.74486042839895	2.9483765848799663	-2.8510048614435135	0	9	206.78237863371496	5	1	0	109.29039630197836	10.954277280555614		dr
82.8045247932665	74.52407231393983 	8.28045247932667	91.85332758780172	88.82000660639034	79.79691257634265	5.997188748904961	-9.116404639811051	0	9	207.01131198316622	5	1	0	109.19778835964021	10.94492824278908		dr
86.42925159309334	77.78632643378401 	8.642925159309328	89.36386533461634	88.85247130602905	85.69353662557792	6.6187667509065164	-3.6703424135703386	0	9	216.07312898273335	5	1	0	109.11845547892054	10.936907326121904		dr
84.6982883669649	76.22845953026842 	8.469828836696479	88.91354751220209	87.74981262035568	85.59990924495271	8.845113679894936	-6.265412258655843	0	9	211.74572091741226	5	1	0	109.03366323200403	10.928341081366954		dr
64.86107386353213	58.374966477178916 	6.486107386353211	77.16216771887117	74.08934983163819	64.937924633931	0.41740919668772847	-9.154368555997863	0	9	162.1526846588303	5	1	0	108.88081690200933	10.912970030519155		dr
28.981419229552422	26.083277306597175 	2.898141922955247	35.64670096665026	32.71671774982035	29.517266856745618	3.198108427880687	-9.081160795954435	0	9	72.45354807388105	5	1	0	108.60530173762155	10.88533269221721		dr
20.388100848611927	18.349290763750737 	2.03881008486119	24.936984191238537	23.199320707799263	20.66210336048674	7.226615563078436	-5.903456214393319	0	9	50.97025212152982	5	1	0	108.30214984453217	10.85493227088609		dr
23.462975138966563	21.116677625069908 	2.346297513896655	29.788100437957652	29.60756679340771	20.662113291605245	12.077723290432981	-4.274888286261813	0	9	58.65743784741641	5	1	0	108.01160472567749	10.825793110759415		dr
23.032648817929687	20.729383936136717 	2.3032648817929697	29.517299973010363	27.649669896875015	23.951473045773962	4.1465249248997065	-5.754092451817312	0	9	57.581622044824215	5	1	0	107.72157415943944	10.796705983698097		dr
23.913641897224686	21.52227770750222 	2.3913641897224664	36.18809530727761	33.88138798892388	28.052511681208394	3.9924887428366276	-9.067482018841257	0	9	59.78410474306171	5	1	0	107.43651316535028	10.768116385759404		dr
6.4659009627701955	8.082376203462744 	-1.616475240692548	16.299498139967273	10.77650160461699	16.030006673883705	5.433166046655757	-0.26949146608356855	0	5	8.980418003847493	5	1	0	107.09423990364661	10.726134719229059		dr
11.944038684416283	10.749634815974655 	1.1944038684416274	18.157908351321822	17.554161746163505	9.954405617447833	10.8910340079779	-9.616669434878796	0	9	29.860096711040708	5	1	0	106.77278652114921	10.693932925814234		dr
39.290629646965044	35.36156668226854 	3.929062964696506	48.09002002420033	48.09002002250085	44.0825183550921	12.022505007324689	-4.00750166910823	0	9	98.2265741174126	5	1	0	106.54557387174118	10.671155585877813		dr
5.0052415011283395	8.240717405870924 	-3.235475904742585	24.225496834216212	17.515829757207737	8.54121995247007	0.2765094512552917	-7.926009404133911	0	14	19.464828059943542	5	1	0	106.20483450137	10.62448903725157		dr
17.64075163265363	15.876676469388267 	1.7640751632653622	21.046480115067247	20.78977193078229	19.43905926264399	7.416554257868514	-2.9516311200738876	0	9	44.101879081634074	5	1	0	105.90863355532079	10.594855546034223		dr
2.563858874599121	2.028834418323777 	0.5350244562753437	5.903263186363833	5.10262605786988	2.951631591304351	2.951631591304351	-4.977167597472947	0	10	7.12183020721978	5	1	0	105.56415097305171	10.561322775735029		dr
22.08169233959752	19.873523105637766 	2.2081692339597545	26.8652766406301	24.92223219476052	23.613052745454503	8.854894779545106	-0.3376515223984917	0	9	55.204230848993795	5	1	0	105.28680061214322	10.533571435064678		dr
