_avgSpeed	_exSpeed	 DiffAvgExpSpeed	 Max Speed	AvgTop3Speed	_speedMedian	_maxAcceleration	_maxDecceleration	Num Of Stops(including end/start point)	duration	distance	stopDurationMedianSoFar(while moving)	ratio Of Short Stop(while moving)	ratio Of Instant Stop(in short stop)	Avg of AvgSpeed	Avg of DiffAvgExp	label
38.3350638333553	34.850058030323005 	3.485005803032294	40.833821593356596	40.622403138507984	39.06053701465664	5.3205939128773565	-4.398561435685394	0	10	106.48628842598694	0	1.1	1.1	38.3350638333553	3.485005803032294		dr
49.900265188677416	44.91023866980968 	4.990026518867737	60.11252503152502	56.159222399300454	48.090020021651114	12.022505012423125	-8.099308930286838	0	9	124.75066297169354	0	1.1	1.1	44.11766451101636	4.237516160950015		dr
39.64325789275622	35.67893210348059 	3.9643257892756267	44.0825183550921	42.74668446538936	40.07501668598387	5.098428346173023e-9	-4.00750166910823	0	9	99.10814473189053	0	1.1	1.1	42.62619563826298	4.1464527037252195		dr
20.89209691120509	20.691721827877142 	0.2003750833279483	32.06001335031662	32.060013349466885	28.05251167865918	2.5492141730865114e-9	-8.015003335667245	1	10	58.033602531125254	0	1.1	1.1	37.19267095649851	3.1599332986259014		dr
10.370622015941299	9.333559814347167 	1.0370622015941322	16.30193446566506	13.569063723385312	12.02250500222626	8.015003340765677	-4.538386954213842	0	9	25.926555039853245	0	1.1	1.1	31.82826116838707	2.7353590792195477		dr
25.42029145402696	22.878262308624265 	2.5420291454026938	32.19684035835843	32.105622352147485	24.045010012100164	4.144328677150035	-0.13682701059101987	0	9	63.5507286350674	0	1.1	1.1	30.76026621599372	2.703137423583405		dr
43.28998132848103	38.960983195632934 	4.328998132848099	60.55223405970825	52.971542705539086	40.21675100135733	8.881350070689784	-3.5853112563070155	0	9	108.22495332120258	0	1.1	1.1	32.55022551777762	2.9354032391926475		dr
38.42991451754109	34.58692306578699 	3.842991451754102	47.89526134559776	42.477684422606366	38.17597048276345	9.719290862834313	-11.97379331591133	0	9	96.07478629385274	0	1.1	1.1	33.28518664274805	3.048851765762829		dr
49.010295445179594	44.10926590066164 	4.901029544517954	58.55960335430842	55.27884935036218	48.62903790594881	12.823922298741252	-7.893914769267816	0	9	122.52573861294898	0	1.1	1.1	35.03242095412933	3.2546492967356206		dr
51.423906674858344	46.28151600737251 	5.142390667485834	53.59299368980365	53.59289997276377	50.666200102057424	4.963526171601927	-4.963465490252055	0	9	128.55976668714587	0	1.1	1.1	36.671569526202234	3.443423433810642		dr
34.78825189967435	31.309426709706912 	3.478825189967438	52.7911316730018	46.74730630094023	33.77762402176965	2.995043786181739	-7.936795612160722	0	9	86.97062974918587	0	1.1	1.1	36.50035883288152	3.4466417752794416		dr
52.06900072832691	46.86210065549422 	5.2069000728326955	75.42609982773467	67.16238707250442	50.66667989288187	9.918997576543262	0	0	9	130.17250182081727	0	1.1	1.1	37.79774565750197	3.5933299667422127		dr
68.85484038969923	61.96935635072931 	6.885484038969921	72.49479998548502	71.14187330141942	70.46500700568028	7.001867716132772	-9.116435604037186	0	9	172.13710097424809	0	1.1	1.1	40.18675294459406	3.8465725876828056		dr
67.76106684559322	60.9849601610339 	6.776106684559323	70.46587879863448	70.46575208603993	67.55686053638308	4.957753737626163	-4.957640852153887	0	9	169.40266711398306	0	1.1	1.1	42.156346794665424	4.055825023173986		dr
70.83317877994736	63.749860901952616 	7.0833178779947445	73.47879305860997	72.82404534529654	72.49645736776212	8.964265125118253	-8.964126085850872	0	9	177.08294694986841	0	1.1	1.1	44.068135593684225	4.257657880162037		dr
73.09435814517761	65.78492233065984 	7.309435814517769	84.44801521906739	78.59289272370866	73.47947840867295	9.857936029197873	-7.7074314568782825	0	9	182.735895362944	0	1.1	1.1	45.88227450315256	4.4483940010592695		dr
79.32759147908031	71.39483233117227 	7.932759147908044	83.43267520499666	82.73928965820316	78.45553121145068	4.949932509273921	-4.949755245134213	0	9	198.31897869770077	0	1.1	1.1	47.849646089971834	4.653356656756256		dr
76.77416207099911	69.0967458638992 	7.67741620709991	80.39481247868238	80.102273962674	76.58443790251489	3.5802377445739495	-3.5800741734424264	0	9	191.93540517749776	0	1.1	1.1	49.45656364447335	4.821359965108681		dr
83.19207584415604	74.87286825974044 	8.319207584415594	90.33103381162712	87.4175615946915	83.43389419946651	6.897139612160615	-4.9689094461584205	0	9	207.98018961039008	0	1.1	1.1	51.23211691814086	5.005457208230098		dr
55.389365018940794	49.85042851704672 	5.538936501894071	67.5610051841257	65.22685236794545	55.611045437011775	2.0373693432746904	-7.002444673266936	0	9	138.47341254735198	0	1.1	1.1	51.439979323180864	5.032131172913297		dr
21.461177518576523	19.31505976671887 	2.146117751857652	38.722840056470226	34.13913874607528	23.950713481326066	1.060223597638707	-9.971281926127684	0	9	53.65294379644131	0	1.1	1.1	50.01241733248542	4.894701962386837		dr
0.8716754461692241	0.8716754461692241 	0	2.0037508332795073	1.1622339282256322	1.482950951397389	0.37073773784934727	-1.0018754166397537	0	8	1.9370565470427201	0	1.1	1.1	47.77874724674378	4.672215509551072		dr
0.41128686639353856	1.8536783214799712 	-1.4423914550864327	5.931803805589544	3.0255453521991664	1.5724161255039777	2.224426428039399	-4.269922504092334	0	58	6.62628840300701	0	1.1	1.1	45.719292447598114	4.406363032827702		dr
11.422868142151978	10.280581327936781 	1.142286814215197	16.30207678773562	14.42717480286897	11.97537247264111	4.326704315094508	-7.404358382835923	0	9	28.557170355379945	0	1.1	1.1	44.29027476820453	4.270359857052181		dr
3.093519742215657	9.091370624554983 	-5.997850882339327	11.97540077876809	11.975398681447473	11.97539344113071	0.000002101464884773918	-7.543135763245688	0	73	62.72970588381749	0	1.1	1.1	42.642404567164974	3.859631427476521		dr
97.06815082294273	84.93463197007489 	12.133518852867837	117.57269883016772	107.50339847369202	92.1725383767432	17.209630213495103	-29.3577661318662	0	7	188.7436266001664	0	1.1	1.1	44.735702500079505	4.177857866914649		dr
89.07207687400329	80.16486918660294 	8.907207687400344	96.2257832612959	94.87536412547892	92.1725383767432	8.015003338216445	-4.053244882003469	0	9	222.68019218500822	0	1.1	1.1	46.37779043985446	4.3530189713770815		dr
110.76241655603488	99.6861749004314 	11.076241655603482	117.57288976649457	115.6555220738594	111.44847636067882	8.48792627534256	-7.9158816813611	0	9	276.9060413900872	0	1.1	1.1	48.67724137257518	4.59313406724231		dr
109.86952031077392	98.88256827969653 	10.986952031077394	117.72295613589935	114.58588859670759	109.18657077755144	13.23461338519698	-8.528952335616466	0	9	274.6738007769348	0	1.1	1.1	50.787319956651	4.813610548753864		dr
106.27150649880478	95.6443558489243 	10.627150649880477	113.18647791950845	111.18068965747536	105.70489866272364	7.481579256784812	-8.317692484078336	0	9	265.67876624701194	0	1.1	1.1	52.63679284138946	5.007395218791419		dr
100.64278500731523	90.57850650658371 	10.064278500731518	104.19504338661712	102.87385239155178	100.18754171495969	4.007501676755865	-4.007501674206651	0	9	251.60696251828807	0	1.1	1.1	54.185373233838675	5.170520485950777		dr
93.9859714477643	84.58737430298787 	9.398597144776431	100.18754171495969	98.85170782525694	92.36338575913877	8.010458823904472	-8.15355667072616	0	9	234.96492861941073	0	1.1	1.1	55.42914192802385	5.3026478815390785		dr
95.79319553052306	86.21387597747076 	9.5793195530523	104.1950433840679	101.58191802328129	96.18004004840066	15.996631655977225	-11.859267532586074	0	9	239.48298882630766	0	1.1	1.1	56.652295067493526	5.432243992797055		dr
83.27862828848518	74.95076545963666 	8.327862828848524	88.21496225372884	85.51001077862692	84.15753504107597	4.057427212652868	-4.062418698110605	0	9	208.19657072121294	0	1.1	1.1	57.43542251516975	5.517409252680922		dr
58.549000884027826	52.69410079562505 	5.854900088402779	80.15003337451697	70.79919614489829	56.10502335986757	4.762716849026866	-12.022505012423125	0	9	146.37250221006957	0	1.1	1.1	57.46723903999427	5.527051847987261		dr
48.97351526137573	44.07616373523815 	4.897351526137584	59.895977171238336	55.389490370436555	47.482018941582055	8.311651190533212	-4.7517677944090835	0	9	122.43378815343932	0	1.1	1.1	57.23130226836598	5.509560172380326		dr
51.4124203029641	46.27117827266769 	5.141242030296411	56.509319599284105	56.239788773856155	52.38484248820333	11.332847097821897	-15.053027969486138	0	9	128.53105075741024	0	1.1	1.1	57.07403518821999	5.49960562799968		dr
61.031611594790576	54.928450435311525 	6.1031611594790505	72.73385682456095	71.10176684374666	59.351357932286824	16.66750456739195	-12.712768428041272	0	9	152.57902898697645	0	1.1	1.1	57.17818193576132	5.515488668301768		dr
101.76369431786269	91.58732488607642 	10.17636943178627	109.80171661044274	108.29934412839833	99.34387757924408	10.533534186710355	-5.423673994419616	0	9	254.4092357946567	0	1.1	1.1	58.32140020196905	5.634998431468037		dr
114.44835025044443	103.00351522539998 	11.444835025044455	121.73825780721678	119.73840003774455	115.80636965212409	17.873337989912656	-20.83928719437438	0	9	286.12087562611106	0	1.1	1.1	59.724573953180936	5.780244346307447		dr
123.36341750041545	111.02707575037391 	12.33634175004154	127.85902462389659	127.71233004137765	121.67228809047685	5.935233562338055	-5.935233562338055	0	9	308.4085437510386	0	1.1	1.1	61.276740868967146	5.94014916103267		dr
128.36215373838263	115.52593836454437 	12.836215373838257	134.08295630019188	131.78553061681862	127.67060546175516	5.996715483773784	-8.836874152467715	0	9	320.9053843459566	0	1.1	1.1	62.87401260395323	6.104341213718517		dr
127.67769448405036	114.90992503564534 	12.76776944840502	130.63696248261206	130.61641652357795	127.67072667495253	5.9323425318907255	-5.932303068051397	0	9	319.1942362101259	0	1.1	1.1	64.38107497325781	6.259304661036809		dr
129.37505050831194	116.43754545748077 	12.937505050831177	133.60330593010352	132.57407429638786	127.85952893463165	5.995380033449081	-5.3701278523653	0	9	323.4376262707799	0	1.1	1.1	65.85821078087268	6.411081942623045		dr
127.6427874042181	114.87850866379628 	12.764278740421815	130.6373139143315	130.61678869396567	127.6710701121196	8.964385651837603	-5.99816346282212	0	9	319.10696851054524	0	1.1	1.1	67.23120137250258	6.552264093685239		dr
126.71122179142887	114.04009961228601 	12.671122179142856	130.57592435974288	128.70226864615034	127.60824929438205	5.935269289925003	-5.677813501073018	0	9	316.7780544785722	0	1.1	1.1	68.52424529465314	6.6852827477169265		dr
122.40711009022245	110.16639908120021 	12.240711009022235	127.6084716233714	125.67298487743676	121.739220886701	5.724088772605853	-5.932040786254689	0	9	306.0177752255561	0	1.1	1.1	69.67068922647377	6.8034833490212945		dr
125.3426529386913	112.8083876448222 	12.534265293869097	127.86003324279005	127.71334655675292	124.64095120368664	5.998202263737454	-5.935280567300055	0	9	313.35663234672825	0	1.1	1.1	70.83052180381164	6.922874639538957		dr
124.22836989189001	111.80553290270105 	12.422836989188966	127.60863331963223	125.80176282193702	124.70525136663886	2.961336789463374	-2.967642631997734	0	9	310.57092472972505	0	1.1	1.1	71.92027380560914	7.035118769123651		dr
123.9347771230068	111.5412994107061 	12.393477712300694	125.66696110210057	125.36834953142932	124.89809116126004	3.4016132619542248	-3.282466995488278	0	9	309.836942807517	0	1.1	1.1	72.9605638719571	7.142285947987192		dr
109.5640473997804	98.60764265980235 	10.956404739978055	119.08787600798682	115.07913901527276	109.50603770413797	8.632266003142448	-12.474845809757667	0	9	273.910118499451	0	1.1	1.1	73.67827923524776	7.217072590967405		dr
113.07964821991959	101.77168339792765 	11.307964821991945	117.23656365765831	116.56435234224641	112.7568342989537	4.479729358704603	-5.697230510410137	0	9	282.699120549799	0	1.1	1.1	74.43599786956837	7.295743595410185		dr
116.26210714196354	104.63589642776716 	11.626210714196375	119.67603265635587	118.86208000485442	115.57102563206168	3.134525136659178	-5.575290975696262	0	9	290.6552678549088	0	1.1	1.1	75.22516974263242	7.3774505221797355		dr
117.87855845312347	106.0907026078111 	11.787855845312379	124.85901495175273	121.91808120993824	117.23379740849654	9.289707809663383	-5.185338698885289	0	9	294.6963961328087	0	1.1	1.1	76.01504731134521	7.45912469483034		dr
122.03766751208549	109.83390076087692 	12.203766751208576	126.61853289323365	124.38288135385217	122.47233558431425	5.591891391419949	-7.176291938106402	0	9	305.0941687802137	0	1.1	1.1	76.85182222408595	7.545390914037216		dr
122.84834107109387	110.56350696398447 	12.284834107109404	128.09272727146455	126.23129943207823	124.05507891821343	8.126823767221893	-2.9833340742729604	0	9	307.12085267773466	0	1.1	1.1	77.67318863206823	7.63002382819922		dr
128.27750250765982	115.44975225689382 	12.827750250766002	133.54225674741244	130.89549824290165	128.68567301111963	6.7949758940305145	-3.9475958045431554	0	9	320.6937562691495	0	1.1	1.1	78.56098361234177	7.721212011051269		dr
127.49226297670059	114.74303667903052 	12.749226297670063	132.7577534521686	130.17129442893292	126.22787001431544	5.831820205337465	-6.529883437853158	0	9	318.7306574417515	0	1.1	1.1	79.40462636000314	7.807901912544697		dr
126.29105539726012	113.66194985753414 	12.629105539725984	128.59690451547021	128.0958391368695	125.65342986940264	3.391686068001164	-3.970346222400096	0	9	315.7276384931503	0	1.1	1.1	80.19931159792273	7.889617228259634		dr
120.68450246581106	108.61605221922996 	12.068450246581108	127.5937157962971	125.636987421504	118.69180984591017	2.9672952502007206	-8.9018857317256	0	9	301.71125616452764	0	1.1	1.1	80.87406477905421	7.959264445231658		dr
122.66233489752479	110.39610140777229 	12.266233489752494	130.62242874519686	127.61415482775065	121.7250626817026	8.901882918591625	-5.93458861616908	0	9	306.65583724381196	0	1.1	1.1	81.55911838755372	8.029870495141836		dr
124.66243845443819	112.19619460899438 	12.466243845443813	127.5936349367235	127.59362145760343	124.62634109309055	2.96729289208011	-8.834252803436016	0	9	311.65609613609547	0	1.1	1.1	82.25433322734219	8.101424904017675		dr
120.85176765535913	108.76659088982322 	12.085176765535905	130.56084603271347	127.6814711467494	118.96208251045786	3.2310431683885383	-11.869167822505645	0	9	302.1294191383978	0	1.1	1.1	82.86699091667579	8.164659060549711		dr
127.53689420094032	114.78320478084629 	12.753689420094034	144.4459262949076	137.62641896163257	124.85210351514621	16.916601401039898	-13.794516567619468	0	9	318.84223550235083	0	1.1	1.1	83.56495815549242	8.23636265991759		dr
123.25578397334992	110.9302055760149 	12.325578397335022	133.04763920594223	128.96403649429593	123.29643043005451	11.97832344883409	-9.751208775887719	0	9	308.1394599333748	0	1.1	1.1	84.17558624499792	8.299273671262474		dr
127.21457876927292	114.49312089234563 	12.721457876927289	136.01465531199773	133.13579809552613	129.05878758028373	15.128166054170137	-4.912177004985949	0	9	318.0364469231823	0	1.1	1.1	84.82769219233542	8.366276462257394		dr
129.9492535739004	116.95432821651033 	12.99492535739006	138.04131590103265	134.47553009503636	128.14623798170012	11.154412012835294	-8.273487861084632	0	9	324.87313393475097	0	1.1	1.1	85.50114833235877	8.435360774125046		dr
131.84669257296613	118.66202331566952 	13.184669257296619	136.01873555947873	135.05748666463626	132.3403443664845	5.843788382963027	-10.721261651266104	0	9	329.61673143241535	0	1.1	1.1	86.18270045354417	8.505203545936393		dr
127.10192948574485	112.97949287621763 	14.122436609527213	130.23031772330927	129.32156716292567	127.42456874518419	3.477322524040531	-5.543876954586636	0	8	282.4487321905441	0	1.1	1.1	86.77573275835867	8.586612720771042		dr
120.27868983222777	108.25082084900495 	12.027868983222817	128.1526449778246	126.27315149762224	119.79778111621482	9.881675412861583	-12.69849502910266	0	9	300.6967245805694	0	1.1	1.1	87.25434643084252	8.635773524520353		dr
115.8739315741829	104.28653841676461 	11.58739315741829	126.93348412664628	121.73119014420628	116.21853439131081	9.764307028106728	-10.426743094691489	0	9	289.6848289354573	0	1.1	1.1	87.65743917934027	8.677345632025958		dr
123.5986956973544	111.23882612761895 	12.359869569735451	127.87352763122573	126.15516866159707	123.32488137100736	3.2253455524465124	-6.00030613628941	0	9	308.996739243386	0	1.1	1.1	88.15662329764604	8.728491797827479		dr
122.8894144088593	110.60047296797339 	12.288941440885907	131.5694168725205	127.64349448986674	122.27821588297826	8.832609246101399	-14.098388986398803	0	9	307.22353602214827	0	1.1	1.1	88.63241495670374	8.7772650806091		dr
122.94800160966787	110.65320144870108 	12.294800160966787	129.86566862818376	127.1165738728101	121.94866333796963	4.634805576623037	-4.304526600716173	0	9	307.37000402416965	0	1.1	1.1	89.09613910066271	8.824799338451772		dr
123.26452283308653	110.9380705497779 	12.326452283308626	130.58756776942158	127.83362856944764	124.03713609709398	10.972127637062542	-3.282706260570677	0	9	308.16130708271635	0	1.1	1.1	89.55171755042836	8.871488044383197		dr
129.61873443274536	116.65686098947086 	12.961873443274499	133.61554689158325	131.6173761721601	130.58752640962942	3.027999802055774	-5.995918809868158	0	9	324.04683608186343	0	1.1	1.1	90.07891514098517	8.925308904894925		dr
128.28589987498887	115.45730988748998 	12.828589987498887	133.61558917233663	131.59692202365338	127.61968871518044	5.935799472038752	-5.9357994758145765	0	9	320.71474968747214	0	1.1	1.1	90.57510974792028	8.976000867006663		dr
128.97317987664826	116.07586188898344 	12.89731798766482	130.64905520930478	130.64900697640078	130.58754708952748	8.965165973715585	-2.9664907030907273	0	9	322.43294969162065	0	1.1	1.1	91.06739269828859	9.026274163425358		dr
126.31461445269264	113.68315300742339 	12.631461445269252	130.58744368999731	128.6298114140915	124.71602436541329	2.967896447922641	-3.030812248420972	0	9	315.78653613173157	0	1.1	1.1	91.51356006226838	9.071909445474015		dr
122.43648240379616	110.19283416341655 	12.243648240379613	124.90898542261932	124.84462566268125	124.71590599056411	6.000179688038088	-6.00176543044347	0	9	306.0912060094904	0	1.1	1.1	91.90009659153748	9.111556180410334		dr
120.13205137713594	108.11884623942235 	12.013205137713584	124.71572842261938	123.70549086756688	118.98585085676588	2.9662994612803146	-5.868164597882796	0	9	300.33012844283985	0	1.1	1.1	92.24863924321153	9.147379007043707		dr
117.79464445619696	106.01518001057727 	11.779464445619695	121.74929414440412	120.73854788492928	116.0246548474136	2.96613375080463	-5.932408795654339	0	9	294.4866111404924	0	1.1	1.1	92.56017589215038	9.179477609953171		dr
113.49337815184376	102.14404033665939 	11.34933781518437	118.78284999184824	117.84087754279706	112.850716846754	6.2129156725742405	-2.9678809341623094	0	9	283.7334453796094	0	1.1	1.1	92.81238314829126	9.205620503992101		dr
118.24201039093386	106.41780935184048 	11.824201039093381	122.27537776585565	121.88041616815012	118.98540068493877	3.505703655480616	-8.903624479973772	0	9	295.60502597733466	0	1.1	1.1	93.11511680594177	9.236794081790928		dr
119.7414628377105	107.76731655393947 	11.974146283771034	124.71507733383562	122.71556028827864	118.78260573386972	3.0354874600186577	-5.8664029611562825	0	9	299.3536570942763	0	1.1	1.1	93.42836793572728	9.268998225343633		dr
116.67230702584806	105.00507632326325 	11.667230702584803	121.94618288897831	120.0843454136841	116.36952350448374	9.510801922428072	-3.2979635181184648	0	9	291.6807675646201	0	1.1	1.1	93.6986462972403	9.296884649497601		dr
119.68935049334188	107.7204154440077 	11.968935049334178	124.71466300472707	122.97844705651501	119.32156643242023	6.258446367413342	-5.9055439451820035	0	9	299.22337623335466	0	1.1	1.1	93.99739002363228	9.327597872484228		dr
117.6602974390093	105.89426769510835 	11.766029743900944	124.64957808541725	122.67101335114963	118.9843127445035	8.619074113210715	-8.517680705527766	0	9	294.1507435975232	0	1.1	1.1	94.26628669880702	9.355307325568509		dr
120.39989072479989	108.35990165231992 	12.039989072479969	127.61742518304249	124.6930047689434	121.68173098024009	11.86458675979469	-6.003323456613302	0	9	300.9997268119997	0	1.1	1.1	94.55992269909909	9.385472289016953		dr
118.72920192370735	106.85628173133664 	11.872920192370714	121.68163463619075	121.68162178930321	118.71378988482796	8.832363554244012	-8.83234428391269	0	9	296.82300480926835	0	1.1	1.1	94.82847024603917	9.413110599054216		dr
115.16040497561228	103.64436447805107 	11.516040497561207	124.64949911656142	120.69237216480269	115.74596347510365	5.935690427638093	-8.903535641457765	0	9	287.9010124390307	0	1.1	1.1	95.0518981002103	9.436219718818029		dr
116.08392293020398	104.47553063718358 	11.608392293020401	124.64957808541725	121.68173098653286	115.74603679253906	5.935694199027466	-5.9356941952517275	0	9	290.2098073255099	0	1.1	1.1	95.2805070657537	9.45983029027675		dr
116.13799366975395	104.52419430277857 	11.613799366975385	121.74769558028629	119.72509805260445	115.81529157965896	5.935690438967015	-6.001677114268944	0	9	290.3449841743849	0	1.1	1.1	95.50478111525908	9.482991248090714		dr
108.88662573177025	97.99796315859324 	10.888662573177015	115.81514502870331	112.84920777702057	109.88326218613875	11.863425793812652	-8.897763430259701	0	9	272.21656432942564	0	1.1	1.1	95.6471411643709	9.497945198357591		dr
110.59156923167158	99.5324123085044 	11.05915692316718	118.71350787960004	114.874913485307	110.10213010931585	8.611377770284193	-5.651242947338943	0	9	276.47892307917897	0	1.1	1.1	95.80445093350038	9.514379005987164		dr
109.88799932472172	98.89919939224956 	10.988799932472162	116.02269820463918	113.977840295809	110.10193931891007	5.9198631197943286	-5.920758885729114	0	9	274.7199983118043	0	1.1	1.1	95.9511545625756	9.529737557304717		dr
109.36798167582272	98.43118350824044 	10.936798167582282	113.91077054595097	113.74578792589786	108.03702115816557	8.121916543309894	-5.873395724818323	0	9	273.4199541895568	0	1.1	1.1	96.0894723678668	9.544243336792114		dr
109.32461598102286	98.39215438292057 	10.932461598102293	113.90978030346619	112.7612731835916	108.70329616539792	5.873227676771862	-5.2064841380682765	0	9	273.31153995255715	0	1.1	1.1	96.22452485371534	9.558408829254464		dr
107.52362897422941	96.77126607680648 	10.752362897422927	110.10029160117386	109.95426135311715	109.80813400467629	4.973082867968245	-5.918899295538367	0	9	268.8090724355735	0	1.1	1.1	96.33865721856901	9.570468971357176		dr
108.2734456648097	97.44610109832874 	10.82734456648096	114.54357449223453	113.4301778165101	110.46287669667264	8.603324135569181	-6.815151555354717	0	9	270.68361416202424	0	1.1	1.1	96.45800510303143	9.583037727308414		dr
107.72539371409927	96.95285434268936 	10.772539371409906	115.7454135566702	113.95646965009742	106.9170434291903	2.683398044291721	-8.903493348175772	0	9	269.3134842852482	0	1.1	1.1	96.56956340611131	9.59481497130942		dr
108.13539871917386	97.32185884725645 	10.813539871917413	116.02225932890778	115.95295868047783	106.84171716365634	6.1396922991632294	-8.576075975853925	0	9	270.3384967979346	0	1.1	1.1	96.68295394839625	9.606763254648714		dr
120.19593044022999	108.176337396207 	12.019593044022983	124.71274918137802	123.7684283101329	118.98290592072902	5.868000348761896	-8.898520125563678	0	9	300.489826100575	0	1.1	1.1	96.91123527355967	9.630188786584386		dr
120.04651585273675	108.04186426746307 	12.004651585273677	130.5839073662065	124.66972738330314	118.71262425795054	14.76973326508488	-14.839080384641235	0	9	300.1162896318418	0	1.1	1.1	97.1336898945133	9.653020159648706		dr
120.16416758689975	108.1477508282098 	12.016416758689957	124.71263079906022	122.97648939421208	121.74630886757751	5.864441022631951	-2.966264154778713	0	9	300.41041896724937	0	1.1	1.1	97.35302777729792	9.675528698687193		dr
123.48992967403387	111.14093670663051 	12.348992967403362	126.94520216026957	125.94843320203785	123.31889196923794	3.5291167601619122	-4.551551631673007	0	9	308.7248241850847	0	1.1	1.1	97.59960232349354	9.700750059712817		dr
129.20582665449405	116.28524398904464 	12.920582665449402	133.5616086033141	131.6279879359446	129.85984938610147	5.790491057031375	-4.9893602371873556	0	9	323.01456663623514	0	1.1	1.1	97.89498759761504	9.730841953224376		dr
124.01946432679287	111.6175178941136 	12.401946432679267	127.76327457199895	127.48964092718667	124.8688178645148	11.289590760004401	-6.5800117739283195	0	9	310.0486608169822	0	1.1	1.1	98.13688090066299	9.755574402108218		dr
126.198311473209	113.57848032588811 	12.619831147320895	128.70043406544988	128.0745825393476	126.94167431697082	3.980259973268687	-3.8510929770427538	0	9	315.4957786830225	0	1.1	1.1	98.39432521784231	9.781851986926682		dr
130.11095419688067	117.0998587771926 	13.011095419688075	136.5880090980097	134.31693440053314	130.92625299083576	3.9475181249993625	-3.9804696899096967	0	9	325.27738549220163	0	1.1	1.1	98.68265820856082	9.811208745406331		dr
130.81220652567163	117.73098587310446 	13.081220652567168	137.81665199125712	136.8801615224656	129.75349346312638	4.175847186709234	-8.404047038970873	0	9	327.03051631417907	0	1.1	1.1	98.97211359880507	9.84066831213751		dr
127.22005990797142	114.49805391717427 	12.722005990797143	129.75104705638145	129.08760312593344	128.099921456497	2.842163599575997	-6.933060487037864	0	9	318.05014976992857	0	1.1	1.1	99.22432740513692	9.866394541411257		dr
130.2062334299104	117.18561008691935 	13.020623342991058	133.74922814638282	132.98510641634655	130.92085891413342	8.142339832251679	-8.543455730549994	0	9	325.51558357477603	0	1.1	1.1	99.49850356464817	9.894308070628778		dr
129.49842213504678	116.54857992154211 	12.949842213504667	133.74660546559636	132.98301974071038	128.0964983302632	7.5095464482583765	-5.650107135333172	0	9	323.74605533761695	0	1.1	1.1	99.76166074509027	9.921111001706636		dr
126.89987689009108	114.20988920108198 	12.6899876890091	132.5983966848242	130.03306970154398	128.06967650997515	8.542796020148728	-6.875185485749	0	9	317.2496922252277	0	1.1	1.1	99.99764523330767	9.945188190291876		dr
129.16812248819497	116.2513102393755 	12.916812248819468	133.7432305899666	132.0740547264875	129.40229638112547	4.297588942156125	-5.747746197143059	0	9	322.9203062204874	0	1.1	1.1	100.24911486481531	9.970805639072285		dr
131.1162259296186	118.00460333665671 	13.11162259296188	136.57456348626695	134.5673322851194	129.74262644988497	8.483319048792424	-3.8425252586467877	0	9	327.79056482404644	0	1.1	1.1	100.51293632690764	9.997650228421769		dr
129.19985495321853	116.27986945789667 	12.919985495321868	135.4502314435124	134.30973660677236	129.39887141631672	8.420111595515309	-11.272300297688744	0	9	322.99963738304626	0	1.1	1.1	100.75604580679162	10.022415781531093		dr
122.31720267707131	110.0854824093642 	12.231720267707104	129.7392314639678	129.5859300259705	121.21302818732386	2.835821106296791	-8.407546981422854	0	9	305.79300669267826	0	1.1	1.1	100.93723199897885	10.040981365448538		dr
107.22939823762317	96.50645841386086 	10.722939823762317	115.55738412647042	112.19188911010649	108.6884543060136	9.157836705390196	-11.192706446666506	0	9	268.07349559405793	0	1.1	1.1	100.98966671763422	10.046664352601152		dr
103.03344081398104	92.73009673258294 	10.303344081398109	108.55230722791572	106.62069521714695	103.03120507796316	6.866591507250405	-8.18334996996569	0	9	257.5836020349526	0	1.1	1.1	101.00655741264535	10.048785672673855		dr
103.17748541793681	92.85973687614313 	10.317748541793677	109.93439278785817	107.78677216112993	103.05878363001067	10.602875497104577	-7.239725855514834	0	9	257.943713544842	0	1.1	1.1	101.024351904492	10.050990286355164		dr
101.1036812771147	90.99331314940325 	10.110368127711453	108.01099715566917	104.29793155238458	100.82331150002848	10.60421006029307	-7.797858027505555	0	9	252.75920319278677	0	1.1	1.1	101.02499685874096	10.051473033032856		dr
95.53939712414217	85.98545741172794 	9.553939712414234	103.02828563309421	100.81924796789723	94.1356375650643	3.633856572179752	-4.29713198557684	0	9	238.84849281035542	0	1.1	1.1	100.98075815120389	10.047460667543996		dr
83.98537860297327	75.58684074267593 	8.398537860297338	91.9775683358104	90.60650803666283	82.57754063920697	11.468106148810534	-7.923666728579093	0	9	209.96344650743316	0	1.1	1.1	100.84479511481803	10.034269285086024		dr
74.14642610076471	66.73178349068824 	7.41464261007647	86.28674339568738	83.57679323245439	72.35387796018401	8.496861379727733	-13.932865435503373	0	9	185.3660652519118	0	1.1	1.1	100.63290329724617	10.013478597189122		dr
63.533321622168714	57.179989459951855 	6.353332162216859	72.21654908153873	71.51069523801495	69.29253303645234	2.923834999267555	-15.735942805815924	0	9	158.8333040554218	0	1.1	1.1	100.34078060689123	9.98465854652005		dr
55.15172723563461	49.63655451207116 	5.5151727235634525	71.22311941983762	67.02401460098342	57.25005844415781	17.02833748859323	-14.899387375294445	0	9	137.87931808908652	0	1.1	1.1	99.98774112742828	9.949740688528202		dr
73.1753609928658	65.85782489357922 	7.317536099286585	81.51152292774962	78.25793252819174	75.06558610269134	9.376492891449132	-11.85276595608994	0	9	182.9384024821645	0	1.1	1.1	99.77989321940841	9.929336001789896		dr
67.63261431934173	60.869352887407544 	6.763261431934183	73.17441157274402	72.42270329626398	68.40202574399073	1.1615182906770798	-4.933855366684043	0	9	169.0815357983543	0	1.1	1.1	99.53260645863867	9.904981582021774		dr
31.000360748201825	27.90032467338164 	3.100036074820185	53.629661296607466	45.99453323730264	34.90515371948489	4.094611398860032	-10.896521650933927	0	9	77.50090187050456	0	1.1	1.1	99.00945954481854	9.853035433111836		dr
2.549277818758899	2.641799570253596 	-0.09252175149469721	8.01500333821646	5.669654177585621	2.745568062788661	8.01500333821646	-3.0285458102350686	0	9	6.373194546897247	4	1	0	98.27870059234839	9.777690302925425		dr
1.1650347496443059	0.8146451973648038 	0.3503895522795021	1.335833888853005	1.2219677960472057	1.2219677960472057	0	-0.0759107285371996	0	12	3.8834491654810197	4	1	0	97.54852265368145	9.706808342394252		dr
32.720617041891856	29.44855533770267 	3.2720617041891877	43.8518203154383	41.89836808229506	36.67173466504238	6.7529534247801415	-1.3985435282320182	0	9	81.80154260472963	4	1	0	97.06473231329495	9.658787845094214		dr
49.08747960810815	44.17873164729734 	4.908747960810807	55.00786492222371	54.5485581448307	48.15827710974885	8.446817430413233	-8.429570563541297	0	9	122.71869902027038	4	1	0	96.70934525621949	9.623602364469892		dr
65.98875861916909	59.38988275725218 	6.598875861916909	73.17520526144628	71.09607815066724	64.90948658231993	8.265718679126351	-5.744073422628745	0	9	164.9718965479227	4	1	0	96.48345858977059	9.601361728421708		dr
76.14435691362202	68.5299212222598 	7.6144356913622175	82.79799424395607	80.64267342479678	76.37348530729955	12.077420523200928	-8.015003338216474	0	9	190.36089228405504	4	1	0	96.33499799359433	9.58685861866215		dr
77.30641427579772	69.57577284821795 	7.730641427579769	83.45448837129636	82.07199162793403	76.92050040708125	8.51400106436381	-8.654986117882473	0	9	193.26603568949432	4	1	0	96.19710970578421	9.573407769451407		dr
81.45832795601973	73.31249516041775 	8.145832795601976	97.78231356388005	89.97382111168577	82.79838224373802	12.327137155829902	-23.482220509223893	0	9	203.64581989004932	4	1	0	96.09107530470676	9.563137445898533		dr
80.01532846021878	72.0137956141969 	8.001532846021888	88.95218157928797	85.14730863048176	79.79716263904584	13.375175277010769	-5.707136995999704	0	9	200.03832115054695	4	1	0	95.97624854153185	9.551983127327986		dr
91.1639044719223	82.04751402473008 	9.116390447192217	95.20619021417713	94.07403627632335	91.68310925123771	8.437749876729043	-11.96089930470066	0	9	227.90976117980574	4	1	0	95.9421184417474	9.54889381753979		dr
84.94938494213537	75.21798621926438 	9.731398722870992	93.85582687846929	90.29246029071714	86.74172467547245	3.576027503351156	-7.114132146088394	0	18	424.7469247106768	4	1	0	95.86470482555295	9.550179063351983		dr
81.65472301632225	73.48925071469003 	8.16547230163222	86.7429649344964	85.6237981152615	81.38490637784248	8.447673391784889	-7.0655261951830255	0	9	204.13680754080562	4	1	0	95.76533432339049	9.540495799284013		dr
78.7609180076492	70.88482620688428 	7.876091800764911	85.36152195200722	83.72406094655074	79.80019819378937	16.954430494348557	-12.042279459143472	0	9	196.902295019123	4	1	0	95.64724809897561	9.528937438183185		dr
76.42537460961688	68.7828371486552 	7.642537460961677	83.24833536583274	81.54774969354845	77.4750735992163	13.430087890945245	-13.375533647784266	0	9	191.0634365240422	4	1	0	95.51468345422141	9.515927783167864		dr
70.08083680214536	63.07275312193084 	7.0080836802145186	79.16351868472617	78.31511504790755	70.09559587697518	9.89641921425094	-10.311296298038627	0	9	175.2020920053634	4	1	0	95.34047902509761	9.498750768764074		dr
42.62636578319573	38.363729204876165 	4.262636578319565	49.87078930391695	48.68890496749458	41.62458065453503	6.714943791582272	-7.359512868349633	0	9	106.56591445798934	4	1	0	94.98187961528875	9.463130944339282		dr
18.863727855959084	29.317922666187144 	-10.45419481022806	36.67490049227285	36.67488634248803	36.67485804512884	3.4462012485296185	-18.734571612329834	0	118	618.3110797231033	4	1	0	94.46756777907707	9.328554418970583		dr
57.275554724211496	51.54799925179035 	5.727555472421145	80.15003337196775	74.96682074325098	53.433662443534814	36.06751501942487	-36.06751501942487	0	9	143.18888681052874	4	1	0	94.21795695320549	9.304386640805822		dr
57.18804110310772	51.46923699279695 	5.718804110310771	69.87527961165677	65.60779677687593	55.78828584660844	8.461119712316382	-6.108562984262498	0	9	142.9701027577693	4	1	0	93.97109084753816	9.280482757269189		dr
80.85655655274681	72.77090089747212 	8.085655655274692	87.70981958944066	85.94840369167262	78.29875991008127	9.411267409975366	-4.952350715432203	0	9	202.141391381867	4	1	0	93.88423962704286	9.272569995004325		dr
83.96202355272835	75.5658211974555 	8.396202355272848	88.95631304580256	87.02181370461147	84.06322232395031	3.554501757999077	-10.658489445404612	0	9	209.90505888182088	4	1	0	93.81896188971184	9.266804418427144		dr
82.25807589046765	74.0322683014209 	8.225807589046752	86.74544849748652	85.82368411952983	81.38766744904635	8.75179838742504	-7.56420944223396	0	9	205.64518972616912	4	1	0	93.74340054331155	9.26000051758152		dr
80.00593156028792	72.00533840425913 	8.000593156028785	100.88865060668563	89.06055369427004	80.450102460274	19.501596284972948	-17.33986583068822	0	9	200.0148289007198	4	1	0	93.65419619926595	9.251822547701307		dr
70.64871333148717	63.583841998338436 	7.064871333148737	76.87683953368891	74.46800316698896	70.65717880259602	8.78331794911793	-5.743004042681292	0	9	176.62178332871792	4	1	0	93.50577372915126	9.237713185026776		dr
79.8524828474633	71.86723456271697 	7.9852482847463335	87.70789593279703	84.25419600776145	79.80062644415919	7.907269488637837	-5.901099137738115	0	9	199.63120711865824	4	1	0	93.41825263375583	9.229684563871132		dr
80.70259174638507	72.63233257174656 	8.070259174638508	86.74321707958467	86.74315719504403	78.29536982685212	14.789363500030547	-10.335976891232221	0	9	201.75647936596266	4	1	0	93.33726116313562	9.222299688780478		dr
78.05787525015155	68.23162674567985 	9.826248504471707	80.4485844302466	79.01288421963395	78.2949031440667	2.7485170934831302	-2.1536812861799035	0	21	455.33760562588407	4	1	0	93.24055618900282	9.226122149639282		dr
77.38930849199957	69.65037764279961 	7.73893084919996	82.8460075842004	79.8111039268348	78.05910242207328	8.013200459822656	-6.4408444653314945	0	9	193.47327122999894	4	1	0	93.14086280726066	9.216768745234004		dr
85.3998886633296	76.85989979699666 	8.539988866332948	90.27885147852666	88.65726369550073	86.54338765607737	8.249914710239352	-6.096126557042226	0	9	213.499721658324	4	1	0	93.09248171886108	9.212538870990873		dr
89.0738883487451	80.1664995138706 	8.907388834874496	97.81432552084979	95.94968351019445	87.44221398421092	15.810546421590814	-12.022505007324696	0	9	222.68472087186277	4	1	0	93.06752151159328	9.210643529151643		dr
86.88150446703524	78.19335402033172 	8.688150446703517	90.27773093975385	89.9269845426407	86.73953562626214	7.148041479597239	-8.474775497439907	0	9	217.20376116758808	4	1	0	93.02933622119478	9.207418263210604		dr
84.69623195675204	76.22660876107683 	8.469623195675211	90.57908430797161	88.48358777911636	84.15753504107597	5.2472624364970955	-10.479739382857147	0	9	211.7405798918801	4	1	0	92.97821288214912	9.202891913103025		dr
66.27695974831921	59.64926377348728 	6.627695974831937	87.70415596471284	80.17798740906362	63.468928647474975	3.5686942005926525	-15.863011112438222	0	9	165.69239937079803	4	1	0	92.8154003630404	9.187189498845274		dr
36.83909686174568	33.15518717557111 	3.683909686174573	40.2224963026261	39.407416698652504	36.74875760277707	5.774522187206415	-8.48812483849331	0	9	92.0977421543642	4	1	0	92.47615003879012	9.153836287859392		dr
57.583611540639595	51.82525038657563 	5.758361154063962	64.90867525129742	63.50454004652224	58.54344126537406	8.269753864636698	-1.944368983819544	0	9	143.959028851599	4	1	0	92.26595402374103	9.133381618378696		dr
66.18077252058283	49.63557939043713 	16.545193130145705	68.40222316141208	66.18077252058283	67.03701315266447	3.9339319049925194	-5.299141913740129	0	3	55.15064376715236	4	1	0	92.10975533210535	9.177763723239577		dr
