_avgSpeed	_exSpeed	 DiffAvgExpSpeed	 Max Speed	AvgTop3Speed	_speedMedian	_maxAcceleration	_maxDecceleration	Num Of Stops(including end/start point)	duration	distance	stopDurationMedianSoFar(while moving)	ratio Of Short Stop(while moving)	ratio Of Instant Stop(in short stop)	Avg of AvgSpeed	Avg of DiffAvgExp	label
60.10665173358945	54.64241066689951 	5.464241066689944	63.41440370841277	62.99023117865428	60.17226441201844	5.1751267667524985	-5.876369704353195	0	10	166.96292148219294	0	1.1	1.1	60.10665173358945	5.464241066689944		dr
49.33485921004108	44.401373289036975 	4.933485921004106	56.33461584275228	53.89104486739194	50.56375256639407	2.9550823890822926	-4.515978163958543	0	9	123.33714802510269	0	1.1	1.1	54.720755471815266	5.198863493847025		dr
24.809552659277614	24.45169554604364 	0.3578571132339725	41.509776228878	38.84199544719792	30.71407067200124	2.073398773257601	-14.21135555034957	0	10	68.91542405354893	0	1.1	1.1	44.750354534302716	3.5851947003093407		dr
32.62163725231593	29.359473527084333 	3.262163725231595	39.36935357137893	37.576799434706686	32.61488628879962	5.929979326607558	-3.7894945555470088	0	9	81.55409313078981	0	1.1	1.1	41.71817521380602	3.5044369565399043		dr
29.66702932864845	26.7003263957836 	2.9667029328648518	36.18918284891521	33.48200782451099	28.672434621637144	8.136671167706815	-7.980412054187923	0	9	74.16757332162112	0	1.1	1.1	39.30794603677451	3.396890151804894		dr
21.417454029900266	19.330969764438116 	2.0864842654621505	28.05251167865918	26.260947894587648	20.418548242764892	8.895107336030318	-8.895107328485953	0	9	53.54363507475066	0	1.1	1.1	36.326197368962134	3.17848917074777		dr
17.439784903787633	14.74963103975672 	2.690153864030913	20.037508342991934	18.721952759419437	18.03375750843782	0.9714579580816878	-2.003750834554115	0	9	43.59946225946908	0	1.1	1.1	33.62813844536577	3.1087269840739333		dr
8.043291502234375	5.213244561657572 	2.8300469405768025	8.936990141226438	7.819866842486358	7.819866842486358	0	-0.7447488658267201	0	5	11.17123819754774	0	1.1	1.1	30.43003257747435	3.073891978636792		dr
8.423831955820123	11.767564597198449 	-3.3437326413783257	23.720549724339115	18.483057496049884	15.864311381905274	5.1140620916827855	-14.847546724994412	0	11	25.739486531672597	0	1.1	1.1	27.984899175068325	2.36082257641289		dr
16.059959325050617	14.366769311857913 	1.6931900131927033	20.255701590567423	20.12849614713161	18.169717424993912	5.27427062876449	-5.919468611357679	0	9	40.14989831262654	0	1.1	1.1	26.792405190066557	2.2940593200908714		dr
10.406722719043284	8.72979922604267 	1.6769234930006132	14.82543768186823	12.428827973083493	11.230523118691123	0.7412718833388903	-2.8536426798382175	0	9	26.01680679760821	0	1.1	1.1	25.302797692700803	2.2379560630826663		dr
7.474462104402244	6.19229228295999 	1.2821698214422543	12.022505004775473	8.256389710613321	7.761507578188715	1.4203324755289195	0	0	9	18.68615526100561	0	1.1	1.1	23.81710306034259	2.158307209612632		dr
28.823323536250886	25.940991182625794 	2.8823323536250918	36.665267205309206	35.01985546209334	28.248058873645412	8.417208331663794	-6.432866254705129	0	9	72.0583088406272	0	1.1	1.1	24.202196943104767	2.2140014514597444		dr
38.49587857806395	36.17403526251085 	2.321843315553103	52.09752169330856	48.12322026041118	44.08251835381749	8.01500333821646	-4.007501671657444	0	9	96.23969644515986	0	1.1	1.1	25.22317420274471	2.221704441752127		dr
49.095454983417646	44.18590948507589 	4.909545498341757	65.40923024102253	62.191145333177	53.968106540775366	20.560684691570835	-3.366192947623965	0	9	122.73863745854412	0	1.1	1.1	26.814659588122904	2.400893845524769		dr
62.33334310300261	56.100008792702354 	6.233334310300258	69.51987347614919	69.11054065312312	59.736245225603945	1.5289257639960852	-6.926731613406361	0	9	155.83335775750652	0	1.1	1.1	29.034577307802888	2.640421374573237		dr
82.24234275450037	74.01810847905033 	8.224234275450044	99.70054495052392	92.04436088554421	83.22516011191527	9.989629314582245	-1.483539228599298	0	9	205.6058568862509	0	1.1	1.1	32.164445863490975	2.968880956977755		dr
111.52595605573121	100.37336045015812 	11.152595605573097	120.58002092958824	117.49817573458067	110.47945573739116	6.844698190741241	-2.533991807555239	0	9	278.81489013932804	0	1.1	1.1	36.573418651948764	3.4235317707886073		dr
126.18488413543845	113.56639572189461 	12.618488413543844	131.45338433622368	130.1894914150561	125.7119786755441	3.8306247180023547	-5.784585190084073	0	9	315.46221033859615	0	1.1	1.1	41.28981157213243	3.9074768572494096		dr
129.0143837234304	116.11294535108739 	12.901438372343009	131.45216758698314	131.14570312958048	128.57974165049703	2.8687704414789437	-5.7421961001584805	0	9	322.535959308576	0	1.1	1.1	45.676040179697324	4.35717493300409		dr
128.695766108756	115.82618949788039 	12.869576610875612	131.45140220147536	129.88812110003713	128.57796150131682	3.9260503703676477	-2.8732875651041354	0	9	321.73941527189	0	1.1	1.1	49.62936046203346	4.762527393855114		dr
129.10906237466682	114.92543471743264 	14.183627657234183	133.873249764576	131.16136423764658	128.9054839790549	6.182766664848899	-3.5602002543350864	0	9	322.77265593666704	0	1.1	1.1	53.24207418533497	5.190759224008708		dr
120.94502313016753	108.85052081715078 	12.094502313016747	127.7287509849643	125.584536707645	121.61390441513039	4.099035674390819	-4.378376946360021	0	9	302.36255782541883	0	1.1	1.1	56.18568066119726	5.490921967009058		dr
128.74007453462374	115.86606708116138 	12.874007453462369	136.8999546344778	132.8608080189473	130.44173783418773	12.411254497068683	-18.31642482380434	0	9	321.8501863365594	0	1.1	1.1	59.20878040592336	5.798550528944612		dr
128.0410296381039	115.23692667429353 	12.80410296381038	136.3711675226439	131.5347851874598	127.54060462013803	2.963186119313349	-11.600642784476051	0	9	320.1025740952598	0	1.1	1.1	61.96207037521059	6.0787726263392425		dr
126.6782956463982	114.01046608175838 	12.667829564639817	130.99532044232316	129.7415801143128	125.09226696255413	5.903053479769028	-3.147603838109447	0	9	316.6957391159955	0	1.1	1.1	64.45115596256396	6.332197893196957		dr
128.17142184843178	115.35427966358858 	12.817142184843192	136.43074178367243	132.47971705842465	127.54104961739637	5.988072097607471	-5.9265577858380425	0	9	320.42855462107946	0	1.1	1.1	66.8111658101887	6.57238101510978		dr
127.62158412828899	114.85942571546009 	12.762158412828896	137.83564479992634	132.62458680429884	127.72970025906864	17.57072358766314	-10.069159310035204	0	9	319.05396032072247	0	1.1	1.1	68.98296646440656	6.793444493599749		dr
124.93958040547	112.445622364923 	12.493958040547	131.44659390409615	128.73856618596665	125.17144580070526	11.182303802923883	-4.419314809393384	0	9	312.348951013675	0	1.1	1.1	70.91250487616736	6.990013926253102		dr
128.67019032693293	115.80317129423966 	12.867019032693264	132.9460984506881	132.1230923894491	129.52086283589628	4.37155440250956	-9.753196833211433	0	9	321.6754758173323	0	1.1	1.1	72.83776105785955	7.185914096467774		dr
129.98977160311713	116.99079444280542 	12.99897716031171	136.56325969926976	133.89188985431448	128.5081227664188	8.879214273898114	-8.879671869207215	0	9	324.9744290077928	0	1.1	1.1	74.68137430125496	7.373432259817578		dr
127.75311650880444	114.977804857924 	12.77531165088044	130.30402721946655	129.64625082701397	128.50572821873288	5.306474610543006	-6.316948352209323	0	9	319.3827912720111	0	1.1	1.1	76.33986624524088	7.542240990788293		dr
134.13479835828895	120.72131852246005 	13.413479835828895	141.92157885714053	140.0726356825238	135.5899669411426	11.539267974850418	-7.951123989132839	0	9	335.3369958957224	0	1.1	1.1	78.09122782442417	7.720157319425887		dr
147.0645053865998	132.3580548479398 	14.706450538659993	152.42643243403734	151.03938819394136	148.0005427985774	6.36362058758678	-4.425889635459924	0	9	367.66126346649946	0	1.1	1.1	80.11985363507638	7.925636531756301		dr
134.01527948936587	120.61375154042926 	13.401527948936604	146.30770769874314	142.4315401672793	130.78548504980267	5.543285102788857	-13.850883197609264	0	9	335.0381987234146	0	1.1	1.1	81.65972294519894	8.082090572247168		dr
128.77787079740324	115.90008371766294 	12.877787079740301	132.61945743082563	131.52255934732975	129.61314133566347	8.734387832431679	-7.098554884555455	0	9	321.94467699350804	0	1.1	1.1	82.96856038553794	8.215304364121977		dr
128.2216077154874	115.39944694393867 	12.822160771548738	133.44536225522077	131.4291531866867	127.52007202387915	3.024313600915576	-8.69476246352147	0	9	320.5540192887185	0	1.1	1.1	84.19161571877981	8.339813996755133		dr
128.94439478646748	116.04995530782074 	12.894439478646746	136.87853805193566	132.6762900327996	127.70913747367243	8.95392836272731	-15.34958272922421	0	9	322.3609869661687	0	1.1	1.1	85.36932043108739	8.45967256206807		dr
127.65294410767672	114.88764969690905 	12.765294410767666	133.92667526727075	131.63104193491955	127.70925868420326	6.21727517892505	-5.664227625179933	0	9	319.1323602691918	0	1.1	1.1	86.4535159099743	8.570073122291136		dr
128.66879508442452	115.80191557598206 	12.866879508442452	133.6267053464417	131.53130038468677	127.70982431076827	5.732115773837123	-5.917062845143107	0	9	321.67198771106126	0	1.1	1.1	87.50889788933554	8.677493281944919		dr
128.69636969968187	115.82673272971367 	12.869636969968198	130.66862667176912	130.6685439826162	130.48383597570793	5.9898503576469295	-5.732077984617447	0	9	321.7409242492047	0	1.1	1.1	88.51347037251473	8.779740688969877		dr
128.71524204131646	115.84371783718481 	12.871524204131646	133.62759340286271	131.8597458799182	127.71041014291724	6.481288128066652	-5.9165810515034565	0	9	321.7881051032912	0	1.1	1.1	89.47065541224809	8.877164105997538		dr
128.60478024734755	115.7443022226128 	12.860478024734746	133.62799514010675	132.68390799333113	127.52191304043615	9.068625760479023	-9.068566481102451	0	9	321.51195061836887	0	1.1	1.1	90.38075133864577	8.96979931341003		dr
129.94269120953797	116.94842208858415 	12.994269120953817	133.62835458811927	132.64203905308818	130.48507808452337	5.9172087295968225	-2.9586693714950627	0	9	324.8567280238449	0	1.1	1.1	91.27988633571148	9.061264536308753		dr
127.6405519998248	114.87649679984231 	12.76405519998248	133.62841801984726	130.66990126844007	127.71129897978173	6.114082505514162	-9.07248752845561	0	9	319.10137999956197	0	1.1	1.1	92.08790112824734	9.14354877327928		dr
125.05543358219363	112.54989022397429 	12.505543358219342	127.71172319474009	127.58582373010005	124.75361837217339	5.916154580251828	-5.72731550231579	0	9	312.6385839554841	0	1.1	1.1	92.8045866163766	9.216635612082325		dr
128.35825213775064	115.52242692397553 	12.83582521377511	133.44896162209983	132.52276819027693	127.52347080221818	8.695067051854053	-8.695000640467725	0	9	320.89563034437657	0	1.1	1.1	93.56104758491647	9.293639646160894		dr
121.37930843185895	109.241377588673 	12.137930843185941	127.71253121868011	125.67588408918165	121.79631965105798	3.1653788849600772	-9.080862484626863	0	9	303.4482710796473	0	1.1	1.1	94.14059468589443	9.352895712765582		dr
122.29317304292606	110.06385573863345 	12.229317304292607	127.71273321989585	125.6117750332943	121.598571234025	6.180188228891481	-5.925009729236876	0	9	305.73293260731515	0	1.1	1.1	94.71513710134406	9.411598194225318		dr
124.65366927944157	112.1883023514974 	12.465366927944174	128.02687714844404	126.76861262748628	124.56152317509836	6.428151606451067	-2.9626947356019144	0	9	311.6341731986039	0	1.1	1.1	95.313907744906	9.472673568899696		dr
119.69185848184311	107.72267263365882 	11.969185848184296	124.75488101687003	123.61701505376266	121.53295027228471	12.114585639874647	-11.856873187433024	0	9	299.2296462046078	0	1.1	1.1	95.79190677896361	9.521624790062138		dr
104.66917757107329	94.20225981396598 	10.46691775710731	113.27987653885451	110.21162559471044	104.44154641247613	4.20069936581514	-5.850367989056636	0	9	261.6729439276832	0	1.1	1.1	95.96262352496571	9.539803500966853		dr
99.12439448786213	89.21195503907592 	9.912439448786216	102.04942480080165	101.73323628774386	99.12300110405107	5.073740210753158	-2.926360479074347	0	9	247.81098621965532	0	1.1	1.1	96.02227958086942	9.546834367906841		dr
99.66535586631916	89.69882027968724 	9.96653558663192	103.61066723051742	102.56945961206924	100.72955428801562	5.8501566950979935	-4.531228249299673	0	9	249.16338966579792	0	1.1	1.1	96.08974395652591	9.554606612698047		dr
102.02988120293902	91.82689308264511 	10.20298812029391	108.5740484826996	105.66336200653602	102.75364326885273	8.705687862471379	-3.632083093293147	0	9	255.07470300734755	0	1.1	1.1	96.19774645191522	9.566395367381608		dr
113.54368228861776	102.18931405975599 	11.354368228861773	121.8383497682044	118.3624960441445	112.27725963211155	10.350265472656659	-5.7976276345798965	0	9	283.8592057215444	0	1.1	1.1	96.50749530614205	9.598323454193752		dr
114.41667216234983	102.97500494611484 	11.44166721623499	120.9778844667477	119.3145958847681	114.40432083368576	7.021417022361561	-13.594980655423498	0	9	286.04168040587456	0	1.1	1.1	96.82169139133867	9.63066281844009		dr
116.06875075022468	104.46187567520224 	11.606875075022444	121.59349823344814	120.6516386032725	115.66871601270314	5.994234947854906	-8.892251019631942	0	9	290.17187687556174	0	1.1	1.1	97.15353724235395	9.66473544355358		dr
117.06708379511603	102.7697739248385 	14.29730987027753	123.16887023032747	120.81801553806436	118.0739885782262	11.05843734996813	-3.5260954430058007	0	9	292.6677094877901	0	1.1	1.1	97.49105498053635	9.74325365417602		dr
122.72461253805659	110.45215128425093 	12.272461253805659	129.02231916027299	126.68786494088882	123.1692891693706	8.814093517754912	-9.378965935825534	0	9	306.8115313451415	0	1.1	1.1	97.91161427316167	9.785407114169848		dr
113.92193296365127	102.52973966728614 	11.392193296365136	116.70734742513626	116.54622410998745	115.8785459843897	5.548834023864671	-6.259213919575771	0	9	284.80483240912815	0	1.1	1.1	98.17407851398939	9.811747871255015		dr
116.83345681988493	105.15011113789645 	11.683345681988484	119.64437947552545	119.10572712424157	116.22514443498368	3.4194358955106026	-5.914043358572471	0	9	292.0836420497123	0	1.1	1.1	98.4750362286006	9.841934932718459		dr
113.30541854036501	101.97487668632851 	11.330541854036497	116.22530877827225	115.99475015323777	112.9227726338029	2.9569022209824283	-3.3027859416702654	0	9	283.2635463509125	0	1.1	1.1	98.71043912243815	9.865563614009222		dr
114.14350355811813	102.72915320230629 	11.414350355811834	119.17453223750528	117.09335687590404	113.27813351108436	5.896558794183363	-8.843427237982382	0	9	285.3587588952953	0	1.1	1.1	98.95158075424564	9.889763406849887		dr
111.8660657264041	100.6794591537637 	11.1866065726404	119.17492562397072	116.10823459785199	112.92336141796042	6.2515642060103005	-6.2514749998322685	0	9	279.66516431601025	0	1.1	1.1	99.1502651384327	9.909714840169741		dr
110.25089270158529	99.22580343142674 	11.025089270158546	119.17573111700534	115.24459817880059	110.33191869110307	8.843621987961782	-3.320549019363199	0	9	275.6272317539632	0	1.1	1.1	99.31845646514714	9.926614452745328		dr
125.84130526862192	113.25717474175971 	12.58413052686221	130.9778741959144	129.78712237331555	127.52363264605668	8.87285515052531	-6.703440911226707	0	9	314.6032631715548	0	1.1	1.1	99.71431988012436	9.966278871761999		dr
128.28590207257048	115.45731186531343 	12.82859020725705	130.9785341524765	129.89225400962573	128.02693760162666	2.951475646024619	-2.9507425998781116	0	9	320.7147551814262	0	1.1	1.1	100.13449020648386	10.008371685519279		dr
124.45085735783734	112.00577162205362 	12.44508573578372	134.3496509894059	130.03270790310893	122.12668679811567	2.9502268439944146	-5.916711238499772	0	9	311.1271433945933	0	1.1	1.1	100.48690132461942	10.043686381899922		dr
117.12593574655381	104.23274244472415 	12.893193301829655	119.64807389482772	119.10943202521207	117.5344419228062	2.957354833091557	-5.064104982914955	0	9	292.8148393663845	0	1.1	1.1	100.72460181636136	10.084393623613204		dr
120.71447273731648	108.64302546358485 	12.071447273731636	125.0777654645193	124.86355478211146	121.79824535062193	6.127846047960688	-3.9990144156564185	0	9	301.7861818432912	0	1.1	1.1	101.00614929412127	10.112380294741634		dr
128.54619207396556	115.69157286656898 	12.854619207396581	130.98049337412604	129.89442579905472	128.0289123744757	2.951520551863723	-2.6445159711106783	0	9	321.3654801849139	0	1.1	1.1	101.38864988828578	10.150466946306286		dr
130.4379033598852	117.39411302389667 	13.043790335988547	134.3521325537993	132.4305269143861	130.98098832977476	6.110137857847917	-9.788020939291044	0	9	326.094758399713	0	1.1	1.1	101.78658486734878	10.190101513288235		dr
128.0928577406376	115.28357196657387 	12.809285774063738	130.98175138149827	130.14404749483774	128.03048409980505	2.951547963807286	-2.6368425432776377	0	9	320.23214435159406	0	1.1	1.1	102.14207504131214	10.225495895190607		dr
118.59517563630743	106.73565807267669 	11.859517563630746	122.58904052721702	122.06321096251939	118.63968331829604	6.357797596478534	-5.569101390481023	0	9	296.4879390907686	0	1.1	1.1	102.36144971591209	10.247282850769809		dr
117.07692889253289	105.3692360032796 	11.707692889253295	119.1806388626901	119.180513985395	118.64047362542163	6.251830451767461	-5.8967473533570285	0	9	292.69232223133224	0	1.1	1.1	102.55507444192025	10.266498772328802		dr
116.67344825482498	105.00610342934246 	11.667344825482516	121.53719593852281	119.58355845780433	116.23197326321673	3.5877965365678364	-3.587742882259647	0	9	291.6836206370624	0	1.1	1.1	102.73842994598395	10.284691578213915		dr
130.84021724161772	117.75619551745595 	13.084021724161772	139.38091703162038	135.55040007377877	130.49184730260848	8.889069729011908	-8.95058985839421	0	9	327.1005431040443	0	1.1	1.1	103.09870927028696	10.320580426238886		dr
123.68581789375078	112.43822871232122 	11.24758918142956	133.39473751431765	131.45956707585836	130.43038930350284	8.82851171652122	-7.827541112469419	0	40	1374.2868654861197	0	1.1	1.1	103.35930558197637	10.332314714279274		dr
107.1761421065457	96.45852789589114 	10.71761421065456	123.1794764732786	113.980243633793	106.50278386380289	6.807813917663296	-20.418612810290142	0	9	267.94035526636424	0	1.1	1.1	103.4070160385335	10.337130957983966		dr
99.08132223054518	89.17319000749066 	9.908132223054523	101.50360769868195	101.29185600207654	99.12910181057727	5.8844946572308885	-6.305235654120722	0	9	247.70330557636296	0	1.1	1.1	103.35361241127438	10.331834677305824		dr
105.0692694108922	92.9955595053327 	12.073709905559511	113.7818984483645	108.96442722059562	102.97591068718448	12.277972953362053	-5.11850929832876	0	9	262.6731735272305	0	1.1	1.1	103.3745350576112	10.353077058138187		dr
106.07275146405551	95.46547631764997 	10.607275146405541	110.34007255687021	108.25097649646773	107.01917619130786	3.3208287796538514	-6.004020301946156	0	9	265.1818786601388	0	1.1	1.1	103.40704368901413	10.356139685707673		dr
107.18561573397929	96.46705416058134 	10.718561573397949	118.84702378582745	113.17587876061263	107.0193958490825	5.891588248641	-11.827627936744946	0	9	267.9640393349482	0	1.1	1.1	103.45202668954943	10.360454231989701		dr
104.99466348843525	94.49519713959174 	10.499466348843512	107.39464024116187	107.14484903120028	104.44928680893275	3.3304210650876342	-2.5707173063876496	0	9	262.48665872108813	0	1.1	1.1	103.47017535777161	10.36208966865857		dr
107.55707168008246	96.8013645120742 	10.755707168008257	110.3412323847742	109.23771030898142	107.39474126595535	3.3208565510743284	-3.320772069842249	0	9	268.89267920020615	0	1.1	1.1	103.51769740803104	10.366666616325427		dr
107.44332960516668	96.69899664465001 	10.744332960516672	110.84945792052862	109.7026302909162	106.79528582176283	3.3207745502548818	-2.424239540037533	0	9	268.6083240129167	0	1.1	1.1	103.56281961719353	10.371007608787394		dr
105.41788051101288	94.87609245991159 	10.541788051101292	107.04942016292945	107.04912384628885	104.98626925741208	3.4304092690604904	-2.8858271286697317	0	9	263.5447012775322	0	1.1	1.1	103.58389985462328	10.37294829563187		dr
106.50488858327806	95.85439972495026 	10.650488858327805	110.8317225111853	109.44643848090796	105.63608928279531	5.195963254507859	-2.73715158010134	0	9	266.26222145819514	0	1.1	1.1	103.61671995269806	10.37606672892059		dr
125.58505415409172	113.02654873868255 	12.558505415409172	129.11629495752086	128.6373267989109	127.04640459923	6.634596479208128	-2.0691764062415245	0	9	313.9626353852293	0	1.1	1.1	103.86081255493576	10.40031604765935		dr
130.6734587621189	117.60611288590704 	13.067345876211874	134.95793812256713	134.33453527297482	130.70163506506748	9.115948675037473	-7.141708172136788	0	9	326.6836469052973	0	1.1	1.1	104.15545701875098	10.429624067753334		dr
127.1637863006104	113.13988345172888 	14.02390284888152	132.62182015770077	132.1724887053849	126.15631686085442	10.331019851523834	-11.365942108954115	0	9	317.90946575152594	0	1.1	1.1	104.40554755442336	10.468692315374295		dr
127.31578411291798	114.58420570162619 	12.731578411291792	131.40490303764432	130.7710750914212	127.45920089290492	3.0257322763206815	-5.863861609586195	0	9	318.28946028229495	0	1.1	1.1	104.6518941840846	10.493024423932546		dr
130.152277597287	115.82372815453706 	14.328549442749932	133.44783947765453	132.5016792105727	130.48501597590746	5.86536358454579	-5.928338688057508	0	9	325.38069399321745	0	1.1	1.1	104.92317485869312	10.53382788157954		dr
127.23514777102912	114.5116329939262 	12.72351477710292	130.42367902701253	128.72006087232555	127.45950450702027	5.8638749328301145	-5.928349043756029	0	9	318.0878694275728	0	1.1	1.1	105.15803773145456	10.55687721732189		dr
130.52634619563582	117.47371157607225 	13.052634619563577	133.448220583364	132.6243723290887	130.4854507095059	5.925575466509784	-5.925538776320408	0	9	326.31586548908956	0	1.1	1.1	105.42229094462311	10.582874690261908		dr
127.9069567085654	115.11626103770887 	12.790695670856536	133.62871403496305	132.5008622823585	127.52286388252521	9.133146812610022	-9.133107276584767	0	9	319.7673917714135	0	1.1	1.1	105.65409162260191	10.605635731298968		dr
126.92832981243983	114.23549683119583 	12.692832981243996	130.6702597975506	130.54722625296657	127.52296503158554	8.888052332850052	-8.888033044180986	0	9	317.32082453109956	0	1.1	1.1	105.87117568576352	10.626933662420855		dr
128.44985539247295	115.60486985322568 	12.844985539247276	131.9552024323484	131.20109871725688	128.4642434020756	6.430966496567663	-5.595229792533175	0	9	321.1246384811824	0	1.1	1.1	106.09924315754846	10.649338226833244		dr
130.418510816609	117.37665973494805 	13.041851081660951	131.95569372946596	131.77272757489155	130.97808043293307	2.927518571953968	-5.307561462367815	0	9	326.04627704152244	0	1.1	1.1	106.34243583413907	10.67326335538152		dr
128.0572487461477	115.25152387153294 	12.805724874614768	133.40878326376443	131.52304261794305	127.71394524150124	8.545586988541999	-8.331922988293684	0	9	320.14312186536927	0	1.1	1.1	106.55743398178271	10.694376835769969		dr
128.81419778614352	115.93277800752917 	12.881419778614358	133.39073427697193	132.4846743151551	127.46225719717023	8.828242896633512	-5.928477079801695	0	9	322.0354944653588	0	1.1	1.1	106.77563754849213	10.715818433248835		dr
128.46391995295562	115.61752795766002 	12.846391995295605	133.4509729739696	132.44329732451388	127.46231792132131	8.892719856008725	-5.988655052648298	0	9	321.159799882389	0	1.1	1.1	106.98620339707915	10.736503613462881		dr
128.3096800857288	115.47871207715586 	12.830968008572924	133.39084018459096	131.51724085335908	127.52535221596301	5.928481783035821	-6.110010122190658	0	9	320.7742002143219	0	1.1	1.1	107.19123682677771	10.756642694185093		dr
129.42054468000907	116.47849021200818 	12.94205446800089	136.30953200839136	133.89234079528762	129.2828636848805	12.419237146280011	-6.636410933521972	0	9	323.55136170002265	0	1.1	1.1	107.40294452061802	10.777456139650004		dr
128.00931108295802	115.2083799746622 	12.800931108295828	132.19943156898563	131.068672782176	128.50300332295444	5.0914100847023605	-8.225149620803933	0	9	320.02327770739504	0	1.1	1.1	107.5973442051684	10.796545526146662		dr
129.47918101437696	116.53126291293927 	12.947918101437693	132.20039473820344	130.93632887787217	129.51565751924534	1.7997947415183546	-1.8963349425350486	0	9	323.6979525359424	0	1.1	1.1	107.801847352918	10.816651811897046		dr
126.52736103800885	113.87462493420796 	12.65273610380089	131.43988154679263	128.87750070167056	126.80628533349031	5.672255622497346	-4.633596213302326	0	9	316.3184025950221	0	1.1	1.1	107.97523173889105	10.833652592377636		dr
128.63668758096392	115.77301882286751 	12.86366875809641	134.31642992822438	133.22412474345268	128.03594467182498	11.134782842454271	-5.903873201857692	0	9	321.59171895240974	0	1.1	1.1	108.16478637964401	10.852276593897992		dr
129.2197129801591	116.2977416821432 	12.921971298015904	132.63080210691908	132.23351961444757	129.03367604479394	8.735187597866954	-3.8132890258692953	0	9	323.04928245039775	0	1.1	1.1	108.35619480328506	10.871092000299063		dr
127.40938741371967	114.66844867234772 	12.740938741371949	130.49395871626342	129.4857842219359	127.5309962671169	2.962962445377073	-5.411136186315304	0	9	318.5234685342992	0	1.1	1.1	108.52784518716285	10.887937466434856		dr
127.77895735318816	115.00106161786934 	12.777895735318822	132.47334676634776	129.83723738059743	127.62553708937314	4.84780967697462	-3.9071770985168257	0	9	319.4473933829704	0	1.1	1.1	108.69973011721665	10.904812093835606		dr
126.97108565137404	114.27397708623664 	12.697108565137398	133.62174252645542	130.60453073045772	126.50668013155135	4.626438235508957	-6.841176467098251	0	9	317.42771412843507	0	1.1	1.1	108.86142352902336	10.92067312455509		dr
130.2989866846765	117.26908801620887 	13.029898668467624	136.45442970400765	133.6708169806823	129.29019277376037	7.163855975969369	-8.474403315877709	0	9	325.7474667116912	0	1.1	1.1	109.04947232863434	10.939175103010465		dr
127.69992540913216	114.92993286821896 	12.769992540913208	135.55238412965818	131.66515061151688	126.1115411105319	10.812544247291669	-5.8306016867601045	0	9	319.24981352283044	0	1.1	1.1	109.21165018150823	10.9550952546444		dr
129.389031913595	115.01247281208445 	14.376559101510551	135.5531553323079	132.41003076312546	130.4390871892983	7.826888655072949	-6.224171971218752	0	8	287.5311820302111	0	1.1	1.1	109.3855931274745	10.984590632634626		dr
129.7837033117284	116.80533298055555 	12.978370331172854	134.89935547923326	133.6519388532366	129.7216034583421	10.998819119781828	-4.139236580306445	0	9	324.45925827932103	0	1.1	1.1	109.55993594956215	11.001631484758883		dr
128.10329114761248	115.29296203285121 	12.810329114761274	130.5233258046237	129.8719471928512	127.62918185038876	3.714051475418472	-3.7143013029221663	0	9	320.25822786903115	0	1.1	1.1	109.71708302751172	11.016959430775854		dr
126.12685301162114	113.51416771045902 	12.612685301162117	129.03675498971165	128.38017664013725	126.80770220820862	2.3662640375424786	-5.429455523054003	0	9	315.31713252905286	0	1.1	1.1	109.85498025426894	11.030368891871536		dr
106.82535204357305	96.14281683921575 	10.682535204357293	115.89066920340119	110.96257514722429	106.71975496566287	2.9644376420165344	-5.913955006123047	0	9	267.0633801089326	0	1.1	1.1	109.82973335251314	11.027470277808918		dr
110.35903157011296	99.32312841310167 	11.03590315701129	112.71991841534955	112.67241084921129	109.68422743293027	3.0356909824192826	-2.9644385757978995	0	9	275.8975789252824	0	1.1	1.1	109.83410771794786	11.027539971025465		dr
109.73252131026959	98.75926917924264 	10.973252131026953	112.71990054543305	111.80547598043226	109.6842100146492	5.928874335164679	-5.928874335164679	0	9	274.331303275674	0	1.1	1.1	109.8332750424751	11.027094988730397		dr
109.06658538614238	98.15992684752814 	10.906658538614238	115.68253066409423	112.67181964366353	107.02035893763468	2.964439524665707	-3.0338646591374783	0	9	272.66646346535595	0	1.1	1.1	109.82704179323662	11.026115830599371		dr
113.68289003914067	102.31460103522662 	11.368289003914057	118.64525294235054	116.7394781758029	115.6131045882971	8.893315738707955	-5.928877166681872	0	9	284.2072250978517	0	1.1	1.1	109.85813734360681	11.028875291674488		dr
114.31125762620331	102.88013186358299 	11.431125762620326	118.57759964733472	116.62444833262549	115.61314129618411	8.893319974666966	-2.8950139563438597	0	9	285.7781440655083	0	1.1	1.1	109.89376230586758	11.032093295442055		dr
119.01041894903696	107.10937705413326 	11.901041894903699	127.53405080685963	123.73715261111705	118.64532820146906	5.859456804829662	-5.996572763160586	0	9	297.5260473725924	0	1.1	1.1	109.96611672367052	11.0389897128981		dr
120.2387049975794	108.21483449782144 	12.023870499757962	127.5341114882541	127.51310825281003	115.61336157338164	3.0274337230994632	-11.920749918643878	0	9	300.5967624939485	0	1.1	1.1	110.04700324551231	11.04674467972377		dr
119.03668110303862	107.13301299273473 	11.903668110303883	125.53443152410267	122.89503686930529	118.57790086684929	8.822084670038876	-6.956530653481934	0	9	297.5917027575966	0	1.1	1.1	110.11723510377423	11.053439394025176		dr
120.89849015858401	108.80864114272563 	12.089849015858377	127.47128391006821	124.52886169983755	121.54238698692463	5.928896926915911	-8.82563584151778	0	9	302.24622539646003	0	1.1	1.1	110.20081072435416	11.061473577140163		dr
128.8234977530824	115.94114797777415 	12.882349775308242	136.42366538857854	135.41630818164583	127.47138510579461	5.867364352644614	-2.9042592489520587	0	9	322.058744382706	0	1.1	1.1	110.34406216303668	11.07548031712607		dr
132.12360494926637	118.91124445433972 	13.212360494926642	136.36486745438972	134.42868596305368	133.40039263399495	5.867369108068431	-5.926090686025461	0	9	330.3090123731659	0	1.1	1.1	110.51031821483997	11.091792379552029		dr
129.21852126543754	116.29666913889378 	12.921852126543769	133.46077516139496	132.47304335118721	130.4360430089958	5.989106722414348	-11.324812751226204	0	9	323.04630316359385	0	1.1	1.1	110.65204702582935	11.10565646854439		dr
127.5626579032829	114.80639211295461 	12.756265790328285	131.96672696130057	130.6513240530724	126.8084785674578	6.431452389438348	-7.228090438684973	0	9	318.9066447582073	0	1.1	1.1	110.77919447603577	11.118067064948782		dr
128.89729532959427	116.0075657966348 	12.889729532959478	136.243060755002	133.24647658617516	127.9804845452561	15.13241607037358	-6.869839860627678	0	9	322.2432383239856	0	1.1	1.1	110.91440418389814	11.131288426650354		dr
129.13558922579855	116.22203030321869 	12.913558922579867	132.20869371064637	130.4856261460025	129.6228644748239	7.1274396556960085	-4.542340940094562	0	9	322.8389730644964	0	1.1	1.1	111.04937592494925	11.144490430323906		dr
128.52016998556982	115.66815298701283 	12.85201699855699	132.21100511340558	131.83999161595887	127.05846177299088	7.147240942071647	-5.799933526450474	0	9	321.30042496392457	0	1.1	1.1	111.17783764598323	11.157045772737385		dr
127.80747239885538	115.02672515896987 	12.780747239885514	129.62960990540017	129.4620558859971	127.06116767560258	2.568442229797597	-5.118449927208999	0	9	319.51868099713846	0	1.1	1.1	111.29922184125967	11.168897608264015		dr
127.92090112911937	115.12881101620744 	12.792090112911936	129.63184791641115	129.63159925173483	127.06381336997758	2.5684911293360386	-2.568034546433566	0	9	319.80225282279844	0	1.1	1.1	111.41966879262097	11.180659872790448		dr
128.96917562193903	116.07225805974515 	12.896917562193877	130.32267349686856	130.32242924493417	129.63284257687124	3.2571690568198477	-3.497223579460382	0	9	322.4229390548476	0	1.1	1.1	111.5459242374362	11.193007050412056		dr
127.75860250506507	114.98274225455859 	12.775860250506483	132.49548677194986	130.0468335901029	126.82743933910007	3.9078783841481766	-5.668163857295866	0	9	319.3965062626627	0	1.1	1.1	111.66172908220499	11.204313144698444		dr
127.1913228990786	114.47219060917075 	12.719132289907847	130.4575575244297	129.49023564961428	127.55555145888592	5.929888990201405	-3.027923373299217	0	9	317.97830724769653	0	1.1	1.1	111.77186804544522	11.215056542891418		dr
126.54783463365581	113.89305117029024 	12.654783463365575	134.3396956391619	129.87989006670514	126.8280409115076	8.209869535076507	-7.62217410470916	0	9	316.36958658413954	0	1.1	1.1	111.87592414817908	11.225195464866589		dr
121.2928432467777	109.16355892209992 	12.12928432467777	128.58957976484774	127.96258711218864	121.12848101494217	3.83107083580542	-7.461098749905574	0	9	303.23210811694423	0	1.1	1.1	111.94177672928816	11.231517764585549		dr
108.88338930093379	97.9950503708404 	10.888338930093383	111.69387785834698	110.85767964097518	109.02474226135234	1.707558732610721	-4.4788330749077545	0	9	272.20847325233444	0	1.1	1.1	111.92053792770237	11.229134578234909		dr
109.87279138331465	98.88551224498318 	10.987279138331473	114.3791257336874	112.58978354752907	109.02737612455572	7.059577901814038	-5.892519258699252	0	9	274.6819784582866	0	1.1	1.1	111.90641553774108	11.227466609683852		dr
95.82947814999541	86.24653033499587 	9.582947814999542	110.03084793184061	108.22390441557671	103.64234077913888	2.8610546860543167	-19.779357110833374	0	9	239.57369537498852	0	1.1	1.1	111.79629952823598	11.216202782322998		dr
74.98778605976334	67.489007453787 	7.498778605976341	88.80685866188992	84.30495427816582	73.93046936126663	16.494057097826968	-10.154899234372138	0	9	187.46946514940834	0	1.1	1.1	111.54590147743004	11.190914182483906		dr
69.64636885320527	62.681731967884744 	6.96463688532053	74.12742368910281	73.71461681096886	70.0361174568902	8.381555242956779	-10.164716989810813	0	9	174.11592213301316	0	1.1	1.1	111.26279652726636	11.16235825480037		dr
74.37552215900537	66.93796994310482 	7.437552215900553	79.7631675110378	78.26387963201587	73.47481200095905	6.288355510078759	-8.166993542193708	0	9	185.93880539751342	0	1.1	1.1	111.01523092747937	11.13735955655272		dr
82.31480345707682	74.08332311136914 	8.23148034570768	88.36265737415052	86.83334848133337	85.82201134092922	9.816796513779877	-2.472342069937852	0	9	205.78700864269203	0	1.1	1.1	110.82389474434335	11.117987028480421		dr
87.45842303478382	78.71258073130545 	8.74584230347837	93.38433786459498	90.8057576893591	88.31249255094176	6.04287664029026	-10.996353211117224	0	9	218.64605758695956	0	1.1	1.1	110.66915652110121	11.102277460765174		dr
88.44960458677645	79.60464412809881 	8.844960458677633	91.66554467828236	90.90620266858714	88.18273013439168	6.918893648529206	-4.978039834714053	0	9	221.1240114669411	0	1.1	1.1	110.52297525837541	11.087426691014599		dr
88.62514637593587	79.76263173834226 	8.862514637593605	89.71593988946378	89.71578993793919	89.71541440069667	3.3752596858888495	-3.3751123824157503	0	9	221.56286593983967	0	1.1	1.1	110.3798521937843	11.07288478216871		dr
88.61501066353654	79.75350959718288 	8.861501066353654	91.31986243824763	90.78536485567606	88.18386568942951	4.978328319608693	-4.9781649571111615	0	9	221.53752665884133	0	1.1	1.1	110.23852205397749	11.058525147650432		dr
88.12806371587939	79.31525734429145 	8.81280637158794	90.32889007724495	89.49246955951354	88.41007673090232	4.97788371001711	-6.896697056359741	0	9	220.3201592896985	0	1.1	1.1	110.09587393566717	11.044036639417769		dr
88.75710598614197	79.88139538752777 	8.87571059861419	93.61716526087122	90.57348422302836	88.71569646122099	4.901354631113406	-4.901118683093614	0	9	221.8927649653549	0	1.1	1.1	109.95908696163175	11.030137113515183		dr
88.87068273611392	79.98361446250252 	8.887068273611405	90.63215368858091	90.63202955875408	88.3216848224589	2.31022060738006	-2.6648044715243344	0	9	222.17670684028477	0	1.1	1.1	109.82476591560933	11.016486993515796		dr
88.16316135602592	79.34684522042335 	8.816316135602577	93.0608500077284	91.5193441917422	88.32247863404521	11.842670699174917	-8.77801979110751	0	9	220.40790339006483	0	1.1	1.1	109.68766715257401	11.002561861503686		dr
88.04688118629907	79.24219306766918 	8.804688118629898	93.40864829761045	91.72142968200588	86.90456999343623	9.125228394039922	-7.147442817999874	0	9	220.1172029657477	0	1.1	1.1	109.55156158045908	10.988738756202594		dr
89.58279630982868	80.62451667884582 	8.958279630982858	94.57762356280635	92.79495804888172	89.0195051504131	8.120665131902243	-7.008591368671901	0	9	223.9569907745717	0	1.1	1.1	109.42675679751763	10.97604838666997		dr
88.22162176463284	79.39945958816956 	8.82216217646328	95.03631311712837	92.43394659275809	87.65648776641112	8.579089021660067	-7.379825350717255	0	9	220.5540544115821	0	1.1	1.1	109.2950478842699	10.962670211451295		dr
82.81158874754887	74.53042987279397 	8.281158874754894	90.47230984617775	87.66078854354824	82.55049125930105	6.880248075144777	-6.858885631453887	0	9	207.02897186887216	0	1.1	1.1	109.13156974145065	10.946117672335886		dr
69.89956855047339	62.90961169542605 	6.989956855047339	78.070598053302	74.76867720443614	69.54150110038461	2.935219700127007	-6.970542846470607	0	9	174.7489213761835	0	1.1	1.1	108.89088261757962	10.921846747076446		dr
67.18677707919522	60.46809937127572 	6.718677707919504	72.33237409944107	70.0448140200916	67.19276448457114	2.8296257975882924	-6.901879680047912	0	9	167.96694269798806	0	1.1	1.1	108.63658929112606	10.896217667569392		dr
64.53844651100704	58.08460185990634 	6.453844651100695	69.5424526408803	67.83439440952007	65.43072949178338	6.955906086286959	-6.9284920993428045	0	9	161.3461162775176	0	1.1	1.1	108.3693278197314	10.86929419474231		dr
50.368604912578306	45.027899500638696 	5.340705411939609	60.52755477688628	59.12165236097359	54.32704412158567	1.2817688159059841	-5.248833793068702	0	9	125.92151228144576	0	1.1	1.1	108.01992587450759	10.83598944303868		dr
3.5303689661630293	7.557232865953224 	-4.026863899790195	19.51812812898549	10.076310487937631	9.121091865983134	0	-10.397036263002358	0	17	16.67118678465875	0	1.1	1.1	107.39423990499654	10.746990321225331		dr
44.599834614168856	39.64429743481676 	4.955537179352099	59.8121945230005	53.83939114657846	43.840623800911374	11.016723031587773	-6.901687097678362	0	8	99.1107435870419	0	1.1	1.1	107.02046368302733	10.712517385857039		dr
57.169559989738936	51.452603990765034 	5.716955998973901	61.450004313643355	59.951345811217976	57.6242537737707	8.539344484433137	-5.680966152394916	0	9	142.92389997434734	0	1.1	1.1	106.72548792152858	10.68295785102341		dr
47.342523441350124	42.60827109721511 	4.734252344135015	52.91094176909589	51.50603170441511	48.95730307524099	4.004570289185956	-6.4455212443360494	0	9	118.35630860337531	0	1.1	1.1	106.37617636576283	10.647965465688774		dr
7.853499388739732	13.979010238871345 	-6.1255108501316125	29.93098901031954	24.68964003280226	19.091671325163784	0	-11.672887778380051	1	15	32.722914119748886	0	1.1	1.1	105.80002036004926	10.549874960917894		dr
45.005628078343676	40.505065270509306 	4.5005628078343705	55.74542897485329	53.0329974591961	47.29201775191659	7.6147990893039434	-5.427067755039978	0	9	112.51407019585919	0	1.1	1.1	105.44656459096956	10.514704541423221		dr
42.053814223869125	37.84843280148221 	4.205381422386914	54.26029623582736	52.04329138844389	48.9579523240809	1.3487143999885518	-11.38825087032648	0	9	105.13453555967281	0	1.1	1.1	105.08013250792274	10.478234465590642		dr
41.45857049459335	38.84859237467683 	2.6099781199165264	64.01168073374197	56.63242601267208	46.088609979211924	12.50451159984786	-1.2038657460025348	0	8	92.1301566546519	0	1.1	1.1	104.7144913469266	10.433014601535044		dr
69.79106953441685	62.81196258097516 	6.979106953441686	75.14020161901843	73.7472311205833	71.1047051756101	9.753309694767836	-6.876431400430093	0	9	174.47767383604213	0	1.1	1.1	104.5149289365694	10.41327798640308		dr
65.284461351263	58.7560152161367 	6.528446135126302	71.03153191675847	68.67079846973024	65.43440587544877	4.160997875569549	-4.160894451650407	0	9	163.2111533781575	0	1.1	1.1	104.29202855256199	10.391205078157192		dr
58.78448536143545	52.906036825291906 	5.878448536143544	65.43486658444694	63.08755554918283	59.81498149816938	6.840653421273558	-6.901963121926904	0	9	146.96121340358863	0	1.1	1.1	104.03492378877031	10.365709278484799		dr
25.67782143516745	25.921270935741212 	-0.2434495005737638	48.95945502723482	43.55207818238579	30.726536816921502	0	-8.72373333806322	0	9	64.19455358791862	0	1.1	1.1	103.59471534858154	10.30610726287211		dr
31.744293545910068	28.569864191319063 	3.1744293545910054	39.385855388575216	37.991833479619046	33.59909032962989	5.786744958521105	-5.170255639846324	0	9	79.36073386477517	0	1.1	1.1	103.19331634409735	10.266265486848194		dr
53.09856884726341	47.78871196253707 	5.3098568847263365	60.531924637724146	58.69845574072778	54.73011085575917	5.801747712695537	-5.085452880483402	0	9	132.7464221181585	0	1.1	1.1	102.91501219133717	10.238729883503073		dr
59.78551512439773	53.80696361195796 	5.978551512439772	62.61878187588634	61.84208799286466	60.53215510176311	3.825819873582077	-4.99072643149335	0	9	149.46378781099432	0	1.1	1.1	102.67672767715518	10.215192986425373		dr
55.51499787148145	49.963498084333295 	5.551499787148153	60.532348696602085	58.91865901166011	54.73075503243671	1.8166358657724047	-3.864803840891078	0	9	138.7874946787036	0	1.1	1.1	102.41759729360751	10.189568298517258		dr
29.58806553859674	29.578645467946313 	0.009420070650428158	46.090700778675064	44.647621966798035	40.393103030668435	0.000020423451182693952	-17.798055655864196	0	9	73.97016384649186	0	1.1	1.1	102.0196217102468	10.133939073228367		dr
11.663674052159827	9.462015069298243 	2.2016589828615842	14.10445478293679	12.31905319001173	11.426352393549202	0	-0.995404503052943	0	9	29.159185130399567	0	1.1	1.1	101.52855677732241	10.090828855345938		dr
5.970980580022855	4.605025793457619 	1.3659547865652355	7.049168239070495	6.140034391276825	6.921438656022879	0.6499179900833476	-0.8239807924285915	0	10	16.58605716673015	0	1.1	1.1	101.01202933841809	10.04366737389307		dr
8.898993968640758	6.921439753387255 	1.9775542152535026	11.865325289903565	9.228586337849674	8.898993970258193	1.4831656598226859	-2.4719427682581503	0	7	17.30359938346814	0	1.1	1.1	100.5167979654623	10.000301174115439		dr
6.1961960898738875	4.748783967280879 	1.4474121225930086	8.255362294233052	6.331711956374505	7.415838888379455	0	-2.045952100934222	0	8	13.769324644164193	0	1.1	1.1	100.0124097201383	9.954563799508367		dr
