_avgSpeed	_exSpeed	 DiffAvgExpSpeed	 Max Speed	AvgTop3Speed	_speedMedian	_maxAcceleration	_maxDecceleration	Num Of Stops(including end/start point)	duration	distance	stopDurationMedianSoFar(while moving)	ratio Of Short Stop(while moving)	ratio Of Instant Stop(in short stop)	Avg of AvgSpeed	Avg of DiffAvgExp	label
43.64308117348313	34.91446493878651 	8.728616234696624	51.00157046148692	48.39465970824029	47.09120433161698	1.1945964209388695	-5.79209396511733	0	12	145.47693724494377	0	1.1	1.1	43.64308117348313	8.728616234696624		dr
10.241393152971469	7.681044864728601 	2.560348288242868	13.358338895327956	10.241393152971467	12.022505005625213	0	-2.2263898158879925	0	9	25.603482882428672	0	1.1	1.1	26.9422371632273	5.644482261469745		dr
32.55831802551991	24.418738519139932 	8.139579506379977	47.11314982165268	32.5583180255199	32.028817441785534	5.028110793289048	0	0	9	81.39579506379977	0	1.1	1.1	28.814264117324836	6.476181343106489		dr
60.62192526097133	45.4664439457285 	15.155481315242831	62.97655961636461	60.62192526097133	61.44835891697907	1.335833889136249	0	0	9	151.55481315242832	0	1.1	1.1	36.76617940323646	8.646006336140575		dr
18.89151929723358	14.168639472925182 	4.7228798243083965	32.43853458690215	18.891519297233575	13.503758379311039	0	-6.3115920691970375	0	9	47.22879824308394	0	1.1	1.1	33.19124738203588	7.86138103377414		dr
4.34146014132148	3.4137977180348167 	0.9276624232866637	6.679169448513716	5.120696577052225	5.120696577052225	0	-1.0389819143076602	0	12	14.471533804404935	0	1.1	1.1	28.38294950858348	6.70576126535956		dr
47.636678144338774	31.75778542955918 	15.878892714779592	54.94006961642123	47.636678144338774	47.636678144338774	4.8689276480549735	0	0	6	79.39446357389795	0	1.1	1.1	31.133482170834238	8.016208615276708		dr
63.27458472825593	47.455938546191945 	15.818646182063986	63.30276992871088	63.27458472825594	63.26049714617881	0.0000033454335669110455	-0.01409427294425806	0	9	158.18646182063983	0	1.1	1.1	35.15111999051195	8.991513311125118		dr
63.993800478341996	47.9953503587565 	15.998450119585499	64.35955693581646	63.993800478341996	64.2485356353659	0.037007100150186524	-0.3287493573242699	0	9	159.984501195855	0	1.1	1.1	38.355862266937514	9.770061845398494		dr
67.23954037205301	50.429655279039764 	16.80988509301325	70.21494042471828	67.23954037205301	68.20074023532177	0	-1.6325999264009212	0	9	168.09885093013256	0	1.1	1.1	41.24423007744906	10.474044170159969		dr
63.38028062047725	47.53521046535794 	15.84507015511931	65.2464620873838	63.38028062047726	63.47188965522381	0.5915241440533308	-1.2746573228532156	0	9	158.45070155119313	0	1.1	1.1	43.25659830863344	10.962319259701728		dr
27.786185418764177	20.839639064073133 	6.946546354691044	42.03978242411153	27.786185418764177	30.124697332211184	0	-6.310206944080458	0	9	69.46546354691044	0	1.1	1.1	41.967397234477666	10.627671517617502		dr
51.51903783299927	38.63927837474945 	12.879759458249815	59.198479610225306	51.51903783299928	56.43016747090011	5.833900351009231	0	0	9	128.79759458249816	0	1.1	1.1	42.70213881897933	10.800909051512296		dr
8.235432106511263	16.534336331180175 	-8.298904224668911	44.734404488859234	22.0457817749069	19.086230015805477	0	-8.54939149101792	1	30	68.62860088759385	0	1.1	1.1	40.24023119666018	9.43663667464221		dr
52.077426040937056	39.058069530702795 	13.01935651023426	56.63655116673004	52.07742604093706	54.769189470164825	3.9366712269379107	-0.6224538988550705	0	9	130.19356510234263	0	1.1	1.1	41.02937751961198	9.67548466368168		dr
55.25488769670259	41.44116577252694 	13.813721924175653	57.51732448604796	55.25488769670258	54.804844378385134	0.9041600358876091	0	0	9	138.13721924175647	0	1.1	1.1	41.918471905680136	9.934124492462551		dr
36.916659496306046	27.687494622229533 	9.229164874076513	48.09002002250085	36.916659496306046	36.06751501687564	0	-4.007501668541738	0	9	92.29164874076511	0	1.1	1.1	41.624247646305186	9.892656279616313		dr
22.743792954437957	17.05784471582847 	5.6859482386094875	25.696210042107815	22.74379295443796	23.75716619422349	0	-1.6597211890803056	0	9	56.859482386094896	0	1.1	1.1	40.575333496757004	9.658950277338157		dr
31.642747674106374	23.73206075557978 	7.910686918526594	39.555203156510174	31.64274767410637	32.641773528877515	3.3035023973153628	0	0	9	79.10686918526594	0	1.1	1.1	40.105197400828025	9.566936416348073		dr
21.25604561664358	15.942034212482685 	5.314011404160894	22.709176120697943	21.25604561664358	20.75463448258583	0.8016166246836592	-0.15010274531295428	0	9	53.140114041608946	0	1.1	1.1	39.162739811618806	9.354290165738714		dr
12.022505005625213	9.016878754218911 	3.0056262514063015	14.694172784180962	12.022505005625215	12.022505005625213	0	-0.8905559261852497	0	9	30.056262514063032	0	1.1	1.1	37.870347678000066	9.05197283648479		dr
24.545816219324326	18.409362164493242 	6.136454054831084	29.537526741841937	24.545816219324323	28.06991524139759	0	-4.013302855554717	0	9	61.36454054831081	0	1.1	1.1	37.264687157151165	8.919449255500531		dr
27.534341957119086	20.650756467839315 	6.8835854892797705	33.60186690486588	27.534341957119086	27.67212568444308	2.114364134131595	0	0	9	68.83585489279771	0	1.1	1.1	36.84162867019325	8.83093343957789		dr
23.340502998280048	17.505377248710033 	5.835125749570015	28.06991524607112	23.340502998280048	26.734950836906844	3.8394359750148888	0	0	9	58.35125749570012	0	1.1	1.1	36.279081767196864	8.706108119160895		dr
12.029670116622038	8.241224874057389 	3.7884452425646487	13.358338894478218	12.361837311086083	12.361837311086083	0	-0.6643343889280899	0	9	30.074175291555093	0	1.1	1.1	35.30910530117387	8.509401604097045		dr
16.928682047479835	12.696511535609877 	4.232170511869958	20.061866683525103	16.928682047479835	17.36584056358645	0	-1.3358338894194979	0	9	42.32170511869958	0	1.1	1.1	34.60216594526256	8.344892715934465		dr
49.099425265304134	36.8245689489781 	12.274856316326037	54.357565815501474	49.09942526530414	50.421990586067395	3.946282140385977	-1.3118584098113597	0	9	122.74856316326034	0	1.1	1.1	35.139101475634476	8.490446923356375		dr
14.118331810823753	10.588748858117816 	3.529582952705937	15.81311256353371	14.118331810823754	14.955254286605738	1.1228752347579753	-1.408827993733966	0	9	35.29582952705938	0	1.1	1.1	34.38835970189123	8.31327321011886		dr
22.862494184520422	17.146870638390318 	5.715623546130104	30.724179459764144	22.862494184520425	20.134769058886434	0	-3.529803466959237	0	9	57.15623546130105	0	1.1	1.1	33.990916063361205	8.223699083774418		dr
34.95269804789995	26.214523535924958 	8.738174511974993	41.509947508904226	34.95269804789994	37.651520618775464	0	-3.984964867585107	0	9	87.38174511974987	0	1.1	1.1	34.02297546284583	8.240848264714439		dr
