_avgSpeed	_exSpeed	 DiffAvgExpSpeed	 Max Speed	AvgTop3Speed	_speedMedian	_maxAcceleration	_maxDecceleration	Num Of Stops(including end/start point)	duration	distance	stopDurationMedianSoFar(while moving)	ratio Of Short Stop(while moving)	ratio Of Instant Stop(in short stop)	Avg of AvgSpeed	Avg of DiffAvgExp	label
2.003750834076137	6.946336225491229 	-4.942585391415092	20.037508342991934	10.419504338236843	10.419504338236843	0	-19.236008009510183	0	16	8.90555926256061	0	1.1	1.1	2.003750834076137	-4.942585391415092		dr
24.115364072953422	23.22586604462715 	0.8894980283262726	35.579932418843875	32.70480469998424	26.68494931601993	8.89498310659637	-15.161122149302985	0	10	66.98712242487062	0	1.1	1.1	13.05955745351478	-2.0265436815444096		dr
9.038879552422383	6.358049474267804 	2.680830078154579	12.02804750629832	9.537074211401706	9.537074211401706	0	-2.4909732948966146	0	5	12.55399937836442	0	1.1	1.1	11.71933148648398	-0.45741909497808003		dr
61.478811690071765	55.330930521064566 	6.147881169007199	74.53695145754837	68.55545287260212	59.299510927510674	11.261401776765368	-9.385509845507542	0	9	153.6970292251794	0	1.1	1.1	24.159201537380927	1.1939059710182398		dr
49.35214414980887	44.41692973482799 	4.935214414980884	62.264466706805415	59.34695076464231	52.89220783976876	11.058294815535767	-20.032162109928365	0	9	123.38036037452218	0	1.1	1.1	29.197790059866513	1.9421676598107687		dr
43.809532628160454	39.42857936534441 	4.380953262816043	61.9136215797973	51.68865262825744	41.05031534294265	7.131022604031465	-20.863306236854648	0	9	109.52383157040113	0	1.1	1.1	31.633080487915503	2.3486319269783142		dr
45.13241963550264	40.61917767195238 	4.513241963550264	56.183318211143835	52.24503899931346	48.18134179548718	15.671921979199702	-12.022505004775475	0	9	112.8310490887566	0	1.1	1.1	33.56155750899938	2.6578619322028785		dr
17.38607738804982	17.48727604412175 	-0.10119865607192935	32.06001335031662	29.44905604175204	19.126698633250836	7.832871923144541	-2.5492141730865114e-9	0	9	43.46519347012455	0	1.1	1.1	31.53962249388068	2.3129793586685277		dr
47.6764290166178	42.90878611495603 	4.767642901661773	52.181834290478115	52.12562589151534	48.09002002420033	7.9967842773334965	-4.007501671657444	0	9	119.1910725415445	0	1.1	1.1	33.332600996407024	2.5857197523344437		dr
56.612699791302965	50.95142981217267 	5.661269979130296	64.18855296523186	61.49730186665374	56.10502335986757	12.022505007324689	-11.754575783309704	0	9	141.5317494782574	0	1.1	1.1	35.66061087589662	2.893274775014029		dr
37.02458479976499	35.78630550083928 	1.238279298925704	56.10502336241679	53.489568446944894	48.09002001910189	3.5542644383212973e-7	-11.844369973015716	0	10	102.84606888823606	0	1.1	1.1	35.7846085053392	2.7428206408241813		dr
29.6897150107543	27.685964176678162 	2.0037508340761363	44.18214006837811	41.76922445628282	36.06751501687564	12.022505004775475	-3.1316234538916206	0	8	65.97714446834289	0	1.1	1.1	35.27670071412379	2.681231490261844		dr
27.751500445071322	28.14844100761927 	-0.39694056254794674	48.090020021651114	45.45156003957664	32.196858647219926	4.0075016665590155	-16.03000667643292	0	9	69.3787511126783	0	1.1	1.1	34.697839154965905	2.4444490246610906		dr
37.86705365973028	33.65960325309358 	4.207450406636703	47.44568413279937	47.44568413028431	37.179415071560065	8.896065775605301	-11.636472339328115	0	8	84.14900813273395	0	1.1	1.1	34.92421161959194	2.570377694802206		dr
18.833678610297124	18.34733678079288 	0.4863418295042443	32.61890266854438	29.119869146142065	22.360975298555623	5.009377086385287	-13.194492401184716	0	9	47.084196525742804	0	1.1	1.1	33.85150941897228	2.4314419704490082		dr
31.430803311229077	28.287722980106174 	3.1430803311229027	41.79358561178312	36.7204840298168	29.429310040871396	7.609658250050565	-7.609646495848402	0	9	78.5770082780727	0	1.1	1.1	33.70021528723833	2.4759193679911267		dr
43.87391422035842	39.48652279832258 	4.38739142203584	48.90597824776664	47.82082109779224	44.971234853031355	6.327550976899516	-3.9347282385869704	0	9	109.68478555089605	0	1.1	1.1	34.298668165657155	2.588358900581992		dr
41.11456825908487	37.003111433176386 	4.111456825908483	48.454367274178026	45.60622252962613	40.184587328167126	0.43650310947920445	-4.272217293045941	0	9	102.78642064771218	0	1.1	1.1	34.6773292819587	2.6729754519890196		dr
27.701669495660084	24.931502546094077 	2.7701669495660077	36.06751501687564	33.44146722031941	28.208822624434543	3.9816322004374705	-4.163813255284534	0	9	69.2541737391502	0	1.1	1.1	34.31018929320614	2.6780907939667555		dr
12.072560462249143	12.340659264498756 	-0.2680988022496127	24.22719429175215	18.31712458355552	15.362089729457203	4.189685948760214	0	0	8	26.827912138331428	0	1.1	1.1	33.19830785165829	2.530781314155937		dr
38.81161843715297	34.930456593437675 	3.8811618437152973	44.182158320021884	44.182157971743344	36.189228227140795	7.992929395644957	-3.9953650353221164	0	9	97.02904609288242	0	1.1	1.1	33.465608355729465	2.595085148896859		dr
45.582470634946866	41.024223571452175 	4.55824706349469	48.18137538263366	48.12047180949503	44.47974740995393	4.0075016665590155	-4.00750166910823	0	9	113.95617658736715	0	1.1	1.1	34.01637482296662	2.6843197813785786		dr
47.91813150805399	43.12631835724859 	4.791813150805396	56.1833514392063	53.82306395331182	44.47976634966773	11.70358508953857	-8.37199940132168	0	9	119.79532877013496	0	1.1	1.1	34.62079902666607	2.7759499278753967		dr
29.543412216841062	27.310934140226642 	2.23247807661442	40.075016683434654	36.289446512002186	32.060013349042016	3.5851574205267553	-8.015003335667245	0	9	73.85853054210266	0	1.1	1.1	34.409241242923365	2.7533052674061893		dr
5.3237932806967665	8.778099342015555 	-3.454306061318788	21.9240040789792	11.704132456020739	10.962003473195029	0	-10.96200060578417	0	12	17.745977602322554	0	1.1	1.1	33.2458233244343	2.5050008142571905		dr
34.094573549614125	28.083321046907734 	6.011252502706391	48.090020021651114	40.1571749979144	32.06001334776741	8.151886769077148	-4.1443850974197005	0	8	75.76571899914249	0	1.1	1.1	33.27846756386429	2.6398566484283132		dr
60.58827183487721	54.5294446513895 	6.058827183487715	64.18858211431096	64.18858176752288	64.12002669808403	12.022505007324689	-8.01500333821646	0	9	151.47067958719305	0	1.1	1.1	34.28994179612403	2.766485186763847		dr
60.581669857058756	54.523502871352875 	6.058166985705881	64.18858478528438	62.83141956984631	60.11252503152502	8.01500333821646	-4.080623866302965	0	9	151.45417464264688	0	1.1	1.1	35.22893208401455	2.8840452510117767		dr
58.36398598927895	52.52758739035106 	5.836398598927893	64.18858674647682	61.51996338909934	56.18336526776651	4.080629007348229	-8.005221478710304	0	9	145.90996497319736	0	1.1	1.1	36.02669256350644	2.985850538870953		dr
48.57663007938766	43.7189670714489 	4.857663007938761	56.183367748336074	53.487591109172435	52.09752169075934	0.08436219256411448	-4.085846055027517	0	9	121.44157519846915	0	1.1	1.1	36.445023814035814	3.0482442878398794		dr
6.508048243422252	19.40531209215779 	-12.897263848735538	32.196924727078304	30.815453597088027	28.052511679933787	3.4410091132031084e-7	-13.71607492317673	0	26	47.00257064693848	0	1.1	1.1	35.47931492466118	2.5338730576277695		dr
27.525606563691703	24.376855252613698 	3.148751311078005	32.19692823679565	32.10565164495989	30.0562625144879	7.83275237310567	-6.0112525036623445	0	7	53.522012762733866	0	1.1	1.1	35.23076153838089	2.553088003048089		dr
43.30433964001602	38.97390567601441 	4.330433964001607	56.082554077802754	52.23271310949766	45.651238719967544	16.36666363201592	-24.225292272371853	0	9	108.26084910004005	0	1.1	1.1	35.47541542024862	2.6069469715618325		dr
54.71269445147252	49.24142500632527 	5.47126944514725	62.115651950336684	61.240354778222446	55.61383929271953	4.840336549315204	-2.38752600584408	0	9	136.7817361286813	0	1.1	1.1	36.04121774469638	2.6911917501966975		dr
61.77011870995545	55.5931068389599 	6.17701187099555	76.36744160578294	68.51734832249952	59.830132674531676	3.1709890708253496	-11.593590785441634	0	9	154.4252967748886	0	1.1	1.1	36.77632920084664	2.7907866107909505		dr
45.79878706214314	41.21890835592883 	4.579878706214309	53.60046780767018	51.71248319683577	44.87280473945408	4.985893777666213	-9.031916722868857	0	9	114.49696765535786	0	1.1	1.1	37.0269530303271	2.8404836134415996		dr
61.13037892819685	55.01734103537716 	6.1130378928196905	70.47501647081462	68.85124143667211	65.51657984010242	9.888328673428894	0	0	9	152.8259473204921	0	1.1	1.1	37.67839697351277	2.928931026397764		dr
75.01696371970789	67.51526734773711 	7.50169637197078	77.45192776046186	76.78040247221476	75.4373725235223	4.9454545158156265	-2.930925264056185	0	9	187.5424092992697	0	1.1	1.1	38.66099083525475	3.0492669565444226		dr
69.50646667220886	62.55582000498796 	6.9506466672209015	80.40270025579187	77.76426300032338	70.4760654406514	4.964953615338487	-6.9891480098547305	0	9	173.76616668052213	0	1.1	1.1	39.45190047209973	3.1493023337412556		dr
49.6933142020922	44.72398278188299 	4.969331420209215	58.57009875955176	56.628497123663884	50.67606424928881	2.9262549872712853	-8.129572326128084	0	9	124.23328550523051	0	1.1	1.1	39.707935815349536	3.1948030609029545		dr
2.212576935971351	17.48208418561349 	-15.26950724964214	28.856713168780942	27.486429081825122	26.801272987924424	0.000009367350493505455	-9.909159307544705	0	79	48.553771650482425	0	1.1	1.1	38.79341486707202	2.74445402893844		dr
48.946431500960976	44.05178835086489 	4.894643150096087	63.54165544316719	61.59896693391	53.60285140546874	11.261625218862878	-9.93866203865872	0	9	122.36607875240244	0	1.1	1.1	39.03515335835509	2.795649008013622		dr
58.815764905320094	52.934188414788096 	5.881576490531998	65.51964117946176	62.54423633709422	58.57096821923398	6.948375096881499	-4.970740949844419	0	9	147.03941226330025	0	1.1	1.1	39.49516758037753	2.867414763421026		dr
56.73726907122794	51.06354216410516 	5.673726907122784	61.6440715010617	60.26052132870294	55.61810386918507	2.0967603320748722	-6.033794785567494	0	9	141.84317267806986	0	1.1	1.1	39.887033523351406	2.931194584868793		dr
58.64344600319021	52.779101402871206 	5.864344600319008	65.52055618840014	61.991013578361525	58.57199060974922	4.953918541455344	-5.687099562479446	0	9	146.60861500797554	0	1.1	1.1	40.30384268957005	2.9963756963232426		dr
52.461084772462556	47.21497629521629 	5.246108477246267	58.57226029408442	57.650265742033675	53.60429797980701	6.9030401463736055	-5.984643303330088	0	9	131.15271193115638	0	1.1	1.1	40.56813056093728	3.045282930691134		dr
34.73756187198344	31.263805684785098 	3.4737561871983402	54.84773071330312	49.560591181846796	31.771838931431244	7.192584332954908	-11.909055625661846	0	9	86.8439046799586	0	1.1	1.1	40.44407590798081	3.054399382957245		dr
28.667086070179096	25.80037746316118 	2.866708607017916	38.29511270949837	38.295090671558384	31.061483861229483	7.233628848268886	-11.621396048648919	0	9	71.66771517544774	0	1.1	1.1	40.198721953026606	3.050489158458509		dr
18.00917208721958	21.57944133583003 	-3.570269248610451	35.3254245439819	32.51881612800367	26.591600160218327	10.559133524502226	-13.286771838892253	0	13	65.03312142607071	0	1.1	1.1	39.745873996581565	2.9153716399468976		dr
17.43915668115855	16.468620012863926 	0.9705366682946241	28.640067346149838	24.536090016556006	19.77955105983748	4.696811259518332	-8.015003336941852	0	9	43.597891702896376	0	1.1	1.1	39.299739650273104	2.876474940513852		dr
22.15255055807574	20.508602015971302 	1.643948542104436	29.282354004625567	27.49751598058693	22.260032905460168	4.345042248099997	-7.0835405451058016	0	10	61.53486266132149	0	1.1	1.1	38.96352025630845	2.852307756231314		dr
0.4394000872444136	3.5426358245360987 	-3.1032357372916852	10.383489532346273	5.313953736804148	5.313953736804148	0	-5.069535795542125	0	104	12.693780298171948	0	1.1	1.1	38.222671791518756	2.7377780736635637		dr
25.923737122844212	22.827953055087992 	3.0957840677562203	35.32537024902367	30.11608236251509	25.639338290605654	15.380828750024587	-8.511442742420801	0	8	57.60830471743158	0	1.1	1.1	37.99061642041169	2.744532903740784		dr
7.0131279203020975	4.675418613534732 	2.3377093067673655	9.01687875421891	7.013127920302098	7.013127920302098	1.0018754169584057	0	0	8	15.58472871178244	0	1.1	1.1	37.416959225965215	2.736999133426462		dr
33.75315506606811	32.25338784583841 	1.4997672202296997	65.63242234576971	52.81799209894655	39.39188279492065	20.950935689781566	-3.4585806390936327	0	8	75.00701125792914	0	1.1	1.1	37.35034460487618	2.7145040077319753		dr
3.6664068779915606	27.49267031273254 	-23.82626343474098	57.71169572506856	48.01286903509782	30.163483716696216	0	-21.156080130054924	0	57	58.05144223486638	0	1.1	1.1	36.74884571689609	2.2405617319735294		dr
24.80603959881926	22.049812976728234 	2.7562266220910274	31.061498234549433	28.122719626998474	24.984403110469987	4.826984253773933	-0.37106789501391546	0	8	55.12453244182058	0	1.1	1.1	36.539322802543865	2.249608484431731		dr
54.39580433321538	48.95622389989384 	5.439580433321538	61.64510029119189	60.261670062969266	53.604477858512446	8.040622432679442	-8.040704875341852	0	9	135.98951083303845	0	1.1	1.1	36.84719317376234	2.3046080007919003		dr
17.43109359240275	21.687811084274873 	-4.256717491872124	43.680571993377555	38.731346243147364	23.385449332392035	0	-8.854770005743976	0	13	62.945615750343265	0	1.1	1.1	36.518106740179974	2.193399094136578		dr
41.22584042374422	36.64519148777264 	4.580648935971581	50.67782428211125	49.31902890984668	42.23749385345411	7.019240512201392	-2.0382242931369845	0	8	91.61297871943161	0	1.1	1.1	36.596568968239374	2.2331865915004943		dr
65.92548557180542	59.332937014624875 	6.5925485571805496	71.61000069978881	70.59150578058511	65.52016814914829	6.948366718220825	-8.630449536327596	0	9	164.81371392951354	0	1.1	1.1	37.07737087977325	2.3046515417575444		dr
58.91828188813047	53.026453699317415 	5.891828188813058	65.51969867000358	64.20129579804451	60.56572120052629	2.976248370303466	-8.917159149112322	0	9	147.29570472032617	0	1.1	1.1	37.42964363797255	2.362509229613279		dr
4.115139275010588	14.153483780077446 	-10.038344505066858	31.770866448736225	23.27256595149214	19.0234157028701	0	-11.813547292417269	0	25	28.57735607646241	0	1.1	1.1	36.90084198141761	2.165670281443753		dr
34.01765737217964	30.237917664159674 	3.7797397080199673	46.700096585849515	43.42252934751744	33.791939056677194	9.870013543603868	-0.000011839633970112118	0	8	75.5947941603992	0	1.1	1.1	36.85579222189826	2.1908901162340064		dr
55.39533083501016	49.85579775150914 	5.53953308350102	65.51841954437734	62.54333548543244	55.61692967592471	11.861091093356869	-6.890434301200457	0	9	138.4883270875254	0	1.1	1.1	37.14101589286921	2.2424077003458067		dr
67.52555153611273	60.77299638250145 	6.752555153611283	73.48829475086771	72.4842243479594	67.56791916923638	9.947573094110503	-4.95832131225086	0	9	168.8138788402818	0	1.1	1.1	37.60138764503957	2.310743267819526		dr
74.16710911514289	66.7503982036286 	7.416710911514286	77.4522195506836	77.4520600395695	75.43734580817221	7.769029821809113	-5.8443437866942105	0	9	185.41777278785725	0	1.1	1.1	38.14714468190679	2.386951740113478		dr
71.97581917815904	64.77823726034316 	7.1975819178158815	76.59057468233475	75.55610900705388	72.50596679830097	6.988932533542922	-7.970315423586172	0	9	179.9395479453976	0	1.1	1.1	38.64462518920461	2.457696301550278		dr
65.34599057735801	58.81139151962221 	6.534599057735797	70.47451984976698	69.50492624209032	65.51640735952724	4.958112490239742	-5.828050084580802	0	9	163.36497644339502	0	1.1	1.1	39.031601499177846	2.5167818487413722		dr
50.82235915186409	45.74012323667769 	5.082235915186402	56.65917196884784	55.02443486744361	50.147516329581705	5.11438861698538	-4.8954048857871655	0	9	127.05589787966022	0	1.1	1.1	39.20004089421622	2.55343119254773		dr
52.98786942322264	47.68908248090035 	5.2987869423222875	55.613864724543554	55.098208079171286	52.7992059317888	4.9403059017932875	-2.8146587927547557	0	9	132.4696735580566	0	1.1	1.1	39.39423566223039	2.592098174938921		dr
55.88277303924004	50.29449573531605 	5.588277303923995	60.185658143893114	57.950166516066695	56.183373586368546	4.002284557524568	-1.9152227758446685	0	9	139.7069325981001	0	1.1	1.1	39.62324312579997	2.633711773952603		dr
66.80563757961808	60.12507382165627 	6.6805637579618065	72.19598309498876	69.50519156667964	68.12752836464304	8.075956399453943	-4.007501671657437	0	9	167.0140939490452	0	1.1	1.1	39.995604693660496	2.689148102500674		dr
70.38857546852415	63.34971792167174 	7.038857546852412	72.19598174264048	72.19598092924224	72.13503003375128	0.06453162017380976	-4.068451981437079	0	9	175.97143867131038	0	1.1	1.1	40.406320514942436	2.7479279598567783		dr
65.0253700286006	58.522833025740546 	6.502537002860059	68.19205861681682	66.83605669133324	64.12002669808403	4.007501666559008	-4.072031921282004	0	9	162.5634250715015	0	1.1	1.1	40.73457450845788	2.7979894137634886		dr
61.47121066407382	55.32408959766642 	6.147121066407401	64.18858239975539	64.18858193511956	64.12002669808403	0.06855465823764462	-12.022505002226254	0	9	153.67802666018454	0	1.1	1.1	41.00742498418967	2.8420569355088037		dr
24.514542903233004	22.063088612909702 	2.4514542903233014	36.06751501687564	30.724179458914403	24.045010009550946	4.2257960329416555	-8.015003338216463	0	9	61.28635725808251	0	1.1	1.1	40.793231710411014	2.836984173883018		dr
47.65344532790012	42.888100795110105 	4.765344532790017	60.11252502642658	57.466967053771384	48.090020021651114	4.007501671657444	0	0	9	119.1336133197503	0	1.1	1.1	40.881183167045485	2.8617067425869536		dr
61.48774814928251	55.33897333435425 	6.1487748149282595	68.19204746941587	65.52306578528926	64.12002669553482	4.076048350702784	-8.079522440440066	0	9	153.71937037320626	0	1.1	1.1	41.14202576175735	2.903315199198869		dr
44.10619276603176	39.69557348942858 	4.410619276603178	52.09752169075934	49.4563056808178	44.0825183550921	4.098856977500056	-4.00750166910823	0	9	110.26548191507939	0	1.1	1.1	41.17907784931078	2.9221565001664227		dr
42.82929594318882	38.54636634886993 	4.282929594318887	52.43404923304042	50.93242571552023	40.184592811403995	7.996778406432213	-0.2521925373563576	0	9	107.07323985797204	0	1.1	1.1	41.19945091219816	2.9389561679954657		dr
53.541828261255674	48.18764543513011 	5.354182826125566	56.41764619110022	56.261443389916764	52.18185525214541	4.0014862785783265	-4.235790938954807	0	9	133.85457065313918	0	1.1	1.1	41.349967709137886	2.9684101516311987		dr
36.80136450157006	33.121228051413055 	3.6801364501570077	44.18215013901813	41.51710683017935	37.14848797330752	3.8770415947455703	-8.475873792680854	0	9	92.00341125392515	0	1.1	1.1	41.295165260853935	2.9769851672760876		dr
38.506049159869995	34.655444243883 	3.850604915986999	41.79360857754342	41.29825023378073	40.5114988594506	8.538590217579227	-3.902114685963049	0	9	96.26512289967499	0	1.1	1.1	41.26196149774699	2.987385402379789		dr
14.976523117538516	18.992460094409218 	-4.015936976870702	32.60396136161756	29.223733197920524	24.93254700773857	1.4107480507655588	-9.607914356688433	0	14	58.242034345983114	0	1.1	1.1	40.95272104621512	2.9049933743886065		dr
38.55019956996269	34.69517961296642 	3.855019956996273	44.66045536104043	43.55189654223155	38.549593891889664	6.313091806134022	-5.7229585006267385	0	9	96.37549892490672	0	1.1	1.1	40.92478474997963	2.9160401951166026		dr
22.945610352265096	20.651049317038584 	2.2945610352265113	28.052511681208394	26.322620780997095	24.045010009550946	4.189661930708354	-5.547397216521773	0	9	57.36402588066274	0	1.1	1.1	40.718127572994405	2.9088967564971764		dr
3.8447993663465776	7.948401644176723 	-4.103602277830145	18.23773676723363	14.465552692587307	11.861321288624763	0	-4.940136745330104	0	22	23.49599612767353	0	1.1	1.1	40.29911247973705	2.8292092674707296		dr
0.6011252503662345	0.5009377084792028 	0.10018754188703172	1.0018754166397537	0.7514065627188042	0.7514065627188042	0	-0.12523442696047474	0	20	3.3395847242568584	0	1.1	1.1	39.85306767940704	2.798546102014733		dr
1.1718687430089814	2.0509940507364433 	-0.8791253077274619	5.996911986851379	3.0764910761046647	3.0764910761046647	0	-1.4602104553733573	0	23	7.486939191446271	0	1.1	1.1	39.42327658011372	2.757683086350931		dr
